[[[0.0, -0.4225197570984692, -0.6539493928091932, -0.700690992665471, -0.6239038130323933, -0.43262539497507196, -0.45788455874455225, -0.43560778141286655, -0.4355954359821454, -0.16294435575117683, -0.20155310378372224, -0.22022925622446354, -0.24555159053028375, 0.08930494670801976, 0.06302743523922726, 0.0023175922454530783, -0.029037629384249936, 0.3420123575191607, 0.28545649299097525, 0.21870002316654363, 0.17793128208436318], [0.4225197570984692, 0.0, -0.23142963571072397, -0.27817123556700163, -0.2013840559339238, -0.010105637876602737, -0.03536480164608293, -0.01308802431439753, -0.013075678883676252, 0.2595754013472924, 0.220966653314747, 0.20229050087400552, 0.1769681665681854, 0.5118247038064893, 0.4855471923376966, 0.42483734934392203, 0.3934821277142195, 0.7645321146176297, 0.7079762500894445, 0.6412197802650128, 0.6004510391828325], [0.6539493928091932, 0.23142963571072397, 0.0, -0.04674159985627766, 0.030045579776800082, 0.2213239978341212, 0.19606483406464098, 0.21834161139632646, 0.21835395682704778, 0.4910050370580164, 0.45239628902547097, 0.4337201365847295, 0.40839780227890954, 0.7432543395172132, 0.71697682804842, 0.656266985054646, 0.6249117634249433, 0.9959617503283538, 0.9394058858001689, 0.8726494159757366, 0.8318806748935562], [0.700690992665471, 0.27817123556700163, 0.04674159985627766, 0.0, 0.07678717963307773, 0.26806559769039906, 0.24280643392091864, 0.2650832112526042, 0.2650955566833254, 0.537746636914294, 0.49913788888174865, 0.4804617364410075, 0.4551394021351871, 0.7899959393734907, 0.7637184279046986, 0.7030085849109241, 0.6716533632812208, 1.0427033501846312, 0.986147485656446, 0.9193910158320144, 0.8786222747498341], [0.6239038130323933, 0.2013840559339238, -0.030045579776800082, -0.07678717963307773, 0.0, 0.1912784180573212, 0.166019254287841, 0.18829603161952638, 0.18830837705024767, 0.4609594572812162, 0.4223507092486709, 0.4036745568079295, 0.3783522225021093, 0.713208759740413, 0.6869312482716206, 0.6262214052778462, 0.5948661836481431, 0.9659161705515535, 0.9093603060233688, 0.8426038361989364, 0.8018350951167561], [0.43262539497507196, 0.010105637876602737, -0.2213239978341212, -0.26806559769039906, -0.1912784180573212, 0.0, -0.025259163769480186, -0.0029823864377947914, -0.0029700410070735207, 0.2696810392238951, 0.23107229119134964, 0.21239613875060823, 0.18707380444478827, 0.5219303416830916, 0.4956528302142991, 0.43494298722052493, 0.403587765590822, 0.7746377524942326, 0.718081887966047, 0.6513254181416157, 0.6105566770594354], [0.45788455874455225, 0.03536480164608293, -0.19606483406464098, -0.24280643392091864, -0.166019254287841, 0.025259163769480186, 0.0, 0.022276777331685406, 0.022289122762406677, 0.2949402029933752, 0.2563314549608299, 0.2376553025200886, 0.21233296821426825, 0.5471895054525717, 0.5209119939837792, 0.460202150990005, 0.42884692936030205, 0.7998969162637128, 0.7433410517355271, 0.6765845819110957, 0.6358158408289155], [0.43560778141286655, 0.01308802431439753, -0.21834161139632646, -0.2650832112526042, -0.18829603161952638, 0.0029823864377947914, -0.022276777331685406, 0.0, 1.2345430721274085e-05, 0.27266342566168983, 0.23405467762914448, 0.21537852518840306, 0.19005619088258308, 0.5249127281208865, 0.498635216652094, 0.4379253736583196, 0.40657015202861674, 0.7776201389320276, 0.7210642744038418, 0.6543078045794107, 0.61353906349723], [0.4355954359821454, 0.013075678883676252, -0.21835395682704778, -0.2650955566833254, -0.18830837705024767, 0.0029700410070735207, -0.022289122762406677, -1.2345430721274085e-05, 0.0, 0.2726510802309686, 0.23404233219842316, 0.21536617975768177, 0.19004384545186173, 0.5249003826901653, 0.49862287122137267, 0.4379130282275985, 0.4065578065978956, 0.7776077935013062, 0.7210519289731206, 0.6542954591486891, 0.6135267180665088], [0.16294435575117683, -0.2595754013472924, -0.4910050370580164, -0.537746636914294, -0.4609594572812162, -0.2696810392238951, -0.2949402029933752, -0.27266342566168983, -0.2726510802309686, 0.0, -0.03860874803254541, -0.05728490047328674, -0.0826072347791069, 0.2522493024591965, 0.22597179099040418, 0.1652619479966299, 0.1339067263669268, 0.5049567132703376, 0.4484008487421521, 0.3816443789177205, 0.3408756378355401], [0.20155310378372224, -0.220966653314747, -0.45239628902547097, -0.49913788888174865, -0.4223507092486709, -0.23107229119134964, -0.2563314549608299, -0.23405467762914448, -0.23404233219842316, 0.03860874803254541, 0.0, -0.01867615244074136, -0.04399848674656148, 0.290858050491742, 0.2645805390229495, 0.2038706960291753, 0.17251547439947226, 0.5435654613028829, 0.4870095967746977, 0.42025312695026606, 0.37948438586808536], [0.22022925622446354, -0.20229050087400552, -0.4337201365847295, -0.4804617364410075, -0.4036745568079295, -0.21239613875060823, -0.2376553025200886, -0.21537852518840306, -0.21536617975768177, 0.05728490047328674, 0.01867615244074136, 0.0, -0.025322334305820125, 0.30953420293248324, 0.2832566914636908, 0.22254684846991674, 0.19119162684021357, 0.5622416137436246, 0.505685749215439, 0.43892927939100707, 0.39816053830882675], [0.24555159053028375, -0.1769681665681854, -0.40839780227890954, -0.4551394021351871, -0.3783522225021093, -0.18707380444478827, -0.21233296821426825, -0.19005619088258308, -0.19004384545186173, 0.0826072347791069, 0.04399848674656148, 0.025322334305820125, 0.0, 0.33485653723830355, 0.3085790257695109, 0.24786918277573677, 0.21651396114603366, 0.5875639480494446, 0.531008083521259, 0.4642516136968273, 0.42348287261464684], [-0.08930494670801976, -0.5118247038064893, -0.7432543395172132, -0.7899959393734907, -0.713208759740413, -0.5219303416830916, -0.5471895054525717, -0.5249127281208865, -0.5249003826901653, -0.2522493024591965, -0.290858050491742, -0.30953420293248324, -0.33485653723830355, 0.0, -0.026277511468792456, -0.08698735446256668, -0.11834257609226968, 0.25270741081114095, 0.1961515462829555, 0.12939507645852394, 0.08862633537634342], [-0.06302743523922726, -0.4855471923376966, -0.71697682804842, -0.7637184279046986, -0.6869312482716206, -0.4956528302142991, -0.5209119939837792, -0.498635216652094, -0.49862287122137267, -0.22597179099040418, -0.2645805390229495, -0.2832566914636908, -0.3085790257695109, 0.026277511468792456, 0.0, -0.060709842993774216, -0.09206506462347724, 0.2789849222799335, 0.2224290577517479, 0.1556725879273165, 0.11490384684513588], [-0.0023175922454530783, -0.42483734934392203, -0.656266985054646, -0.7030085849109241, -0.6262214052778462, -0.43494298722052493, -0.460202150990005, -0.4379253736583196, -0.4379130282275985, -0.1652619479966299, -0.2038706960291753, -0.22254684846991674, -0.24786918277573677, 0.08698735446256668, 0.060709842993774216, 0.0, -0.03135522162970301, 0.33969476527370757, 0.28313890074552217, 0.2163824309210907, 0.1756136898389102], [0.029037629384249936, -0.3934821277142195, -0.6249117634249433, -0.6716533632812208, -0.5948661836481431, -0.403587765590822, -0.42884692936030205, -0.40657015202861674, -0.4065578065978956, -0.1339067263669268, -0.17251547439947226, -0.19119162684021357, -0.21651396114603366, 0.11834257609226968, 0.09206506462347724, 0.03135522162970301, 0.0, 0.37104998690341057, 0.3144941223752253, 0.2477376525507937, 0.20696891146861315], [-0.3420123575191607, -0.7645321146176297, -0.9959617503283538, -1.0427033501846312, -0.9659161705515535, -0.7746377524942326, -0.7998969162637128, -0.7776201389320276, -0.7776077935013062, -0.5049567132703376, -0.5435654613028829, -0.5622416137436246, -0.5875639480494446, -0.25270741081114095, -0.2789849222799335, -0.33969476527370757, -0.37104998690341057, 0.0, -0.056555864528185416, -0.12331233435261697, -0.16408107543479755], [-0.28545649299097525, -0.7079762500894445, -0.9394058858001689, -0.986147485656446, -0.9093603060233688, -0.718081887966047, -0.7433410517355271, -0.7210642744038418, -0.7210519289731206, -0.4484008487421521, -0.4870095967746977, -0.505685749215439, -0.531008083521259, -0.1961515462829555, -0.2224290577517479, -0.28313890074552217, -0.3144941223752253, 0.056555864528185416, 0.0, -0.06675646982443159, -0.10752521090661209], [-0.21870002316654363, -0.6412197802650128, -0.8726494159757366, -0.9193910158320144, -0.8426038361989364, -0.6513254181416157, -0.6765845819110957, -0.6543078045794107, -0.6542954591486891, -0.3816443789177205, -0.42025312695026606, -0.43892927939100707, -0.4642516136968273, -0.12939507645852394, -0.1556725879273165, -0.2163824309210907, -0.2477376525507937, 0.12331233435261697, 0.06675646982443159, 0.0, -0.040768741082180496], [-0.17793128208436318, -0.6004510391828325, -0.8318806748935562, -0.8786222747498341, -0.8018350951167561, -0.6105566770594354, -0.6358158408289155, -0.61353906349723, -0.6135267180665088, -0.3408756378355401, -0.37948438586808536, -0.39816053830882675, -0.42348287261464684, -0.08862633537634342, -0.11490384684513588, -0.1756136898389102, -0.20696891146861315, 0.16408107543479755, 0.10752521090661209, 0.040768741082180496, 0.0]], [[0.0, -0.4225197570984692, -0.6539493928091932, -0.700690992665471, -0.6239038130323933, -0.43262539497507196, -0.45788455874455225, -0.43560778141286655, -0.4355954359821454, -0.16294435575117683, -0.20155310378372224, -0.22022925622446354, -0.24555159053028375, 0.08930494670801976, 0.06302743523922726, 0.0023175922454530783, -0.029037629384249936, 0.3420123575191607, 0.28545649299097525, 0.21870002316654363, 0.17793128208436318], [0.4225197570984692, 0.0, -0.23142963571072397, -0.27817123556700163, -0.2013840559339238, -0.010105637876602737, -0.03536480164608293, -0.01308802431439753, -0.013075678883676252, 0.2595754013472924, 0.220966653314747, 0.20229050087400552, 0.1769681665681854, 0.5118247038064893, 0.4855471923376966, 0.42483734934392203, 0.3934821277142195, 0.7645321146176297, 0.7079762500894445, 0.6412197802650128, 0.6004510391828325], [0.6539493928091932, 0.23142963571072397, 0.0, -0.04674159985627766, 0.030045579776800082, 0.2213239978341212, 0.19606483406464098, 0.21834161139632646, 0.21835395682704778, 0.4910050370580164, 0.45239628902547097, 0.4337201365847295, 0.40839780227890954, 0.7432543395172132, 0.71697682804842, 0.656266985054646, 0.6249117634249433, 0.9959617503283538, 0.9394058858001689, 0.8726494159757366, 0.8318806748935562], [0.700690992665471, 0.27817123556700163, 0.04674159985627766, 0.0, 0.07678717963307773, 0.26806559769039906, 0.24280643392091864, 0.2650832112526042, 0.2650955566833254, 0.537746636914294, 0.49913788888174865, 0.4804617364410075, 0.4551394021351871, 0.7899959393734907, 0.7637184279046986, 0.7030085849109241, 0.6716533632812208, 1.0427033501846312, 0.986147485656446, 0.9193910158320144, 0.8786222747498341], [0.6239038130323933, 0.2013840559339238, -0.030045579776800082, -0.07678717963307773, 0.0, 0.1912784180573212, 0.166019254287841, 0.18829603161952638, 0.18830837705024767, 0.4609594572812162, 0.4223507092486709, 0.4036745568079295, 0.3783522225021093, 0.713208759740413, 0.6869312482716206, 0.6262214052778462, 0.5948661836481431, 0.9659161705515535, 0.9093603060233688, 0.8426038361989364, 0.8018350951167561], [0.43262539497507196, 0.010105637876602737, -0.2213239978341212, -0.26806559769039906, -0.1912784180573212, 0.0, -0.025259163769480186, -0.0029823864377947914, -0.0029700410070735207, 0.2696810392238951, 0.23107229119134964, 0.21239613875060823, 0.18707380444478827, 0.5219303416830916, 0.4956528302142991, 0.43494298722052493, 0.403587765590822, 0.7746377524942326, 0.718081887966047, 0.6513254181416157, 0.6105566770594354], [0.45788455874455225, 0.03536480164608293, -0.19606483406464098, -0.24280643392091864, -0.166019254287841, 0.025259163769480186, 0.0, 0.022276777331685406, 0.022289122762406677, 0.2949402029933752, 0.2563314549608299, 0.2376553025200886, 0.21233296821426825, 0.5471895054525717, 0.5209119939837792, 0.460202150990005, 0.42884692936030205, 0.7998969162637128, 0.7433410517355271, 0.6765845819110957, 0.6358158408289155], [0.43560778141286655, 0.01308802431439753, -0.21834161139632646, -0.2650832112526042, -0.18829603161952638, 0.0029823864377947914, -0.022276777331685406, 0.0, 1.2345430721274085e-05, 0.27266342566168983, 0.23405467762914448, 0.21537852518840306, 0.19005619088258308, 0.5249127281208865, 0.498635216652094, 0.4379253736583196, 0.40657015202861674, 0.7776201389320276, 0.7210642744038418, 0.6543078045794107, 0.61353906349723], [0.4355954359821454, 0.013075678883676252, -0.21835395682704778, -0.2650955566833254, -0.18830837705024767, 0.0029700410070735207, -0.022289122762406677, -1.2345430721274085e-05, 0.0, 0.2726510802309686, 0.23404233219842316, 0.21536617975768177, 0.19004384545186173, 0.5249003826901653, 0.49862287122137267, 0.4379130282275985, 0.4065578065978956, 0.7776077935013062, 0.7210519289731206, 0.6542954591486891, 0.6135267180665088], [0.16294435575117683, -0.2595754013472924, -0.4910050370580164, -0.537746636914294, -0.4609594572812162, -0.2696810392238951, -0.2949402029933752, -0.27266342566168983, -0.2726510802309686, 0.0, -0.03860874803254541, -0.05728490047328674, -0.0826072347791069, 0.2522493024591965, 0.22597179099040418, 0.1652619479966299, 0.1339067263669268, 0.5049567132703376, 0.4484008487421521, 0.3816443789177205, 0.3408756378355401], [0.20155310378372224, -0.220966653314747, -0.45239628902547097, -0.49913788888174865, -0.4223507092486709, -0.23107229119134964, -0.2563314549608299, -0.23405467762914448, -0.23404233219842316, 0.03860874803254541, 0.0, -0.01867615244074136, -0.04399848674656148, 0.290858050491742, 0.2645805390229495, 0.2038706960291753, 0.17251547439947226, 0.5435654613028829, 0.4870095967746977, 0.42025312695026606, 0.37948438586808536], [0.22022925622446354, -0.20229050087400552, -0.4337201365847295, -0.4804617364410075, -0.4036745568079295, -0.21239613875060823, -0.2376553025200886, -0.21537852518840306, -0.21536617975768177, 0.05728490047328674, 0.01867615244074136, 0.0, -0.025322334305820125, 0.30953420293248324, 0.2832566914636908, 0.22254684846991674, 0.19119162684021357, 0.5622416137436246, 0.505685749215439, 0.43892927939100707, 0.39816053830882675], [0.24555159053028375, -0.1769681665681854, -0.40839780227890954, -0.4551394021351871, -0.3783522225021093, -0.18707380444478827, -0.21233296821426825, -0.19005619088258308, -0.19004384545186173, 0.0826072347791069, 0.04399848674656148, 0.025322334305820125, 0.0, 0.33485653723830355, 0.3085790257695109, 0.24786918277573677, 0.21651396114603366, 0.5875639480494446, 0.531008083521259, 0.4642516136968273, 0.42348287261464684], [-0.08930494670801976, -0.5118247038064893, -0.7432543395172132, -0.7899959393734907, -0.713208759740413, -0.5219303416830916, -0.5471895054525717, -0.5249127281208865, -0.5249003826901653, -0.2522493024591965, -0.290858050491742, -0.30953420293248324, -0.33485653723830355, 0.0, -0.026277511468792456, -0.08698735446256668, -0.11834257609226968, 0.25270741081114095, 0.1961515462829555, 0.12939507645852394, 0.08862633537634342], [-0.06302743523922726, -0.4855471923376966, -0.71697682804842, -0.7637184279046986, -0.6869312482716206, -0.4956528302142991, -0.5209119939837792, -0.498635216652094, -0.49862287122137267, -0.22597179099040418, -0.2645805390229495, -0.2832566914636908, -0.3085790257695109, 0.026277511468792456, 0.0, -0.060709842993774216, -0.09206506462347724, 0.2789849222799335, 0.2224290577517479, 0.1556725879273165, 0.11490384684513588], [-0.0023175922454530783, -0.42483734934392203, -0.656266985054646, -0.7030085849109241, -0.6262214052778462, -0.43494298722052493, -0.460202150990005, -0.4379253736583196, -0.4379130282275985, -0.1652619479966299, -0.2038706960291753, -0.22254684846991674, -0.24786918277573677, 0.08698735446256668, 0.060709842993774216, 0.0, -0.03135522162970301, 0.33969476527370757, 0.28313890074552217, 0.2163824309210907, 0.1756136898389102], [0.029037629384249936, -0.3934821277142195, -0.6249117634249433, -0.6716533632812208, -0.5948661836481431, -0.403587765590822, -0.42884692936030205, -0.40657015202861674, -0.4065578065978956, -0.1339067263669268, -0.17251547439947226, -0.19119162684021357, -0.21651396114603366, 0.11834257609226968, 0.09206506462347724, 0.03135522162970301, 0.0, 0.37104998690341057, 0.3144941223752253, 0.2477376525507937, 0.20696891146861315], [-0.3420123575191607, -0.7645321146176297, -0.9959617503283538, -1.0427033501846312, -0.9659161705515535, -0.7746377524942326, -0.7998969162637128, -0.7776201389320276, -0.7776077935013062, -0.5049567132703376, -0.5435654613028829, -0.5622416137436246, -0.5875639480494446, -0.25270741081114095, -0.2789849222799335, -0.33969476527370757, -0.37104998690341057, 0.0, -0.056555864528185416, -0.12331233435261697, -0.16408107543479755], [-0.28545649299097525, -0.7079762500894445, -0.9394058858001689, -0.986147485656446, -0.9093603060233688, -0.718081887966047, -0.7433410517355271, -0.7210642744038418, -0.7210519289731206, -0.4484008487421521, -0.4870095967746977, -0.505685749215439, -0.531008083521259, -0.1961515462829555, -0.2224290577517479, -0.28313890074552217, -0.3144941223752253, 0.056555864528185416, 0.0, -0.06675646982443159, -0.10752521090661209], [-0.21870002316654363, -0.6412197802650128, -0.8726494159757366, -0.9193910158320144, -0.8426038361989364, -0.6513254181416157, -0.6765845819110957, -0.6543078045794107, -0.6542954591486891, -0.3816443789177205, -0.42025312695026606, -0.43892927939100707, -0.4642516136968273, -0.12939507645852394, -0.1556725879273165, -0.2163824309210907, -0.2477376525507937, 0.12331233435261697, 0.06675646982443159, 0.0, -0.040768741082180496], [-0.17793128208436318, -0.6004510391828325, -0.8318806748935562, -0.8786222747498341, -0.8018350951167561, -0.6105566770594354, -0.6358158408289155, -0.61353906349723, -0.6135267180665088, -0.3408756378355401, -0.37948438586808536, -0.39816053830882675, -0.42348287261464684, -0.08862633537634342, -0.11490384684513588, -0.1756136898389102, -0.20696891146861315, 0.16408107543479755, 0.10752521090661209, 0.040768741082180496, 0.0]]]