[[[0.0, -0.434458648635793, -0.6567191220364806, -0.6663660922289252, -0.5961252616018068, -0.38426830938082374, -0.4023144143489064, -0.42094208915188525, -0.4302279622773759, -0.14534651410378124, -0.1510464440368072, -0.202377647700631, -0.23144536507137395, 0.08757471656609458, 0.08867084566230138, 0.01260388611646246, -0.01743781338597589, 0.3347887352222824, 0.30563098052646354, 0.21907780160033583, 0.1658711824347538], [0.434458648635793, 0.0, -0.2222604734006874, -0.2319074435931323, -0.16166661296601378, 0.0501903392549693, 0.03214423428688649, 0.013516559483907455, 0.004230686358417087, 0.2891121345320115, 0.2834122045989859, 0.232081000935162, 0.2030132835644191, 0.5220333652018877, 0.5231294942980942, 0.4470625347522554, 0.417020835249817, 0.7692473838580756, 0.7400896291622562, 0.6535364502361292, 0.6003298310705467], [0.6567191220364806, 0.2222604734006874, 0.0, -0.009646970192444948, 0.06059386043467364, 0.2724508126556567, 0.2544047076875739, 0.23577703288459492, 0.22649115975910447, 0.5113726079326991, 0.5056726779996732, 0.45434147433584926, 0.42527375696510655, 0.7442938386025753, 0.7453899676987819, 0.6693230081529429, 0.6392813086505045, 0.991507857258763, 0.9623501025629437, 0.8757969236368156, 0.8225903044712343], [0.6663660922289252, 0.2319074435931323, 0.009646970192444948, 0.0, 0.07024083062711861, 0.2820977828481016, 0.2640516778800189, 0.2454240030770399, 0.23613812995154948, 0.5210195781251439, 0.5153196481921182, 0.46398844452829474, 0.43492072715755137, 0.7539408087950196, 0.7550369378912262, 0.6789699783453881, 0.6489282788429493, 1.0011548274512077, 0.9719970727553888, 0.8854438938292613, 0.8322372746636796], [0.5961252616018068, 0.16166661296601378, -0.06059386043467364, -0.07024083062711861, 0.0, 0.21185695222098308, 0.1938108472529002, 0.17518317244992127, 0.16589729932443084, 0.4507787474980254, 0.4450788175649993, 0.39374761390117585, 0.36467989653043276, 0.6836999781679013, 0.684796107264108, 0.6087291477182689, 0.578687448215831, 0.9309139968240894, 0.90175624212827, 0.8152030632021428, 0.7619964440365602], [0.38426830938082374, -0.0501903392549693, -0.2724508126556567, -0.2820977828481016, -0.21185695222098308, 0.0, -0.018046104968082823, -0.03667377977106184, -0.04595965289655223, 0.23892179527704235, 0.23322186534401662, 0.1818906616801927, 0.1528229443094498, 0.4718430259469181, 0.47293915504312495, 0.39687219549728625, 0.3668304959948477, 0.7190570446031065, 0.6898992899072873, 0.6033461109811593, 0.5501394918155778], [0.4023144143489064, -0.03214423428688649, -0.2544047076875739, -0.2640516778800189, -0.1938108472529002, 0.018046104968082823, 0.0, -0.018627674802979024, -0.027913547928469402, 0.2569679002451251, 0.25126797031209946, 0.19993676664827542, 0.17086904927753263, 0.48988913091500097, 0.49098526001120796, 0.4149183004653691, 0.38487660096293064, 0.7371031495711887, 0.7079453948753698, 0.6213922159492422, 0.5681855967836601], [0.42094208915188525, -0.013516559483907455, -0.23577703288459492, -0.2454240030770399, -0.17518317244992127, 0.03667377977106184, 0.018627674802979024, 0.0, -0.009285873125490375, 0.27559557504810434, 0.26989564511507846, 0.2185644414512546, 0.18949672408051157, 0.5085168057179801, 0.5096129348141867, 0.4335459752683477, 0.4035042757659097, 0.7557308243741682, 0.726573069678349, 0.6400198907522213, 0.5868132715866392], [0.4302279622773759, -0.004230686358417087, -0.22649115975910447, -0.23613812995154948, -0.16589729932443084, 0.04595965289655223, 0.027913547928469402, 0.009285873125490375, 0.0, 0.2848814481735947, 0.2791815182405688, 0.22785031457674496, 0.19878259720600203, 0.5178026788434704, 0.5188988079396771, 0.44283184839383805, 0.4127901488914002, 0.7650166974996582, 0.7358589428038396, 0.6493057638777117, 0.5960991447121295], [0.14534651410378124, -0.2891121345320115, -0.5113726079326991, -0.5210195781251439, -0.4507787474980254, -0.23892179527704235, -0.2569679002451251, -0.27559557504810434, -0.2848814481735947, 0.0, -0.0056999299330257845, -0.05703113359684964, -0.08609885096759257, 0.23292123066987586, 0.23401735976608265, 0.15795040022024373, 0.12790870071780536, 0.4801352493260638, 0.4509774946302446, 0.36442431570411704, 0.31121769653853504], [0.1510464440368072, -0.2834122045989859, -0.5056726779996732, -0.5153196481921182, -0.4450788175649993, -0.23322186534401662, -0.25126797031209946, -0.26989564511507846, -0.2791815182405688, 0.0056999299330257845, 0.0, -0.051331203663823856, -0.08039892103456679, 0.23862116060290167, 0.23971728969910847, 0.16365033015326946, 0.13360863065083117, 0.4858351792590897, 0.45667742456327043, 0.3701242456371427, 0.3169176264715609], [0.202377647700631, -0.232081000935162, -0.45434147433584926, -0.46398844452829474, -0.39374761390117585, -0.1818906616801927, -0.19993676664827542, -0.2185644414512546, -0.22785031457674496, 0.05703113359684964, 0.051331203663823856, 0.0, -0.029067717370742936, 0.28995236426672544, 0.2910484933629322, 0.21498153381709337, 0.18493983431465505, 0.5371663829229134, 0.5080086282270942, 0.4214554493009669, 0.36824883013538473], [0.23144536507137395, -0.2030132835644191, -0.42527375696510655, -0.43492072715755137, -0.36467989653043276, -0.1528229443094498, -0.17086904927753263, -0.18949672408051157, -0.19878259720600203, 0.08609885096759257, 0.08039892103456679, 0.029067717370742936, 0.0, 0.3190200816374685, 0.3201162107336753, 0.24404925118783635, 0.21400755168539798, 0.5662341002936566, 0.5370763455978375, 0.4505231666717096, 0.3973165475061276], [-0.08757471656609458, -0.5220333652018877, -0.7442938386025753, -0.7539408087950196, -0.6836999781679013, -0.4718430259469181, -0.48988913091500097, -0.5085168057179801, -0.5178026788434704, -0.23292123066987586, -0.23862116060290167, -0.28995236426672544, -0.3190200816374685, 0.0, 0.0010961290962067936, -0.07497083044963207, -0.10501252995207047, 0.24721401865618808, 0.21805626396036895, 0.13150308503424124, 0.07829646586865922], [-0.08867084566230138, -0.5231294942980942, -0.7453899676987819, -0.7550369378912262, -0.684796107264108, -0.47293915504312495, -0.49098526001120796, -0.5096129348141867, -0.5188988079396771, -0.23401735976608265, -0.23971728969910847, -0.2910484933629322, -0.3201162107336753, -0.0010961290962067936, 0.0, -0.07606695954583888, -0.10610865904827721, 0.24611788955998123, 0.2169601348641621, 0.13040695593803445, 0.07720033677245242], [-0.01260388611646246, -0.4470625347522554, -0.6693230081529429, -0.6789699783453881, -0.6087291477182689, -0.39687219549728625, -0.4149183004653691, -0.4335459752683477, -0.44283184839383805, -0.15795040022024373, -0.16365033015326946, -0.21498153381709337, -0.24404925118783635, 0.07497083044963207, 0.07606695954583888, 0.0, -0.03004169950243832, 0.3221848491058201, 0.2930270944100009, 0.20647391548387342, 0.1532672963182914], [0.01743781338597589, -0.417020835249817, -0.6392813086505045, -0.6489282788429493, -0.578687448215831, -0.3668304959948477, -0.38487660096293064, -0.4035042757659097, -0.4127901488914002, -0.12790870071780536, -0.13360863065083117, -0.18493983431465505, -0.21400755168539798, 0.10501252995207047, 0.10610865904827721, 0.03004169950243832, 0.0, 0.3522265486082584, 0.3230687939124395, 0.2365156149863117, 0.1833089958207297], [-0.3347887352222824, -0.7692473838580756, -0.991507857258763, -1.0011548274512077, -0.9309139968240894, -0.7190570446031065, -0.7371031495711887, -0.7557308243741682, -0.7650166974996582, -0.4801352493260638, -0.4858351792590897, -0.5371663829229134, -0.5662341002936566, -0.24721401865618808, -0.24611788955998123, -0.3221848491058201, -0.3522265486082584, 0.0, -0.029157754695819008, -0.11571093362194668, -0.16891755278752874], [-0.30563098052646354, -0.7400896291622562, -0.9623501025629437, -0.9719970727553888, -0.90175624212827, -0.6898992899072873, -0.7079453948753698, -0.726573069678349, -0.7358589428038396, -0.4509774946302446, -0.45667742456327043, -0.5080086282270942, -0.5370763455978375, -0.21805626396036895, -0.2169601348641621, -0.2930270944100009, -0.3230687939124395, 0.029157754695819008, 0.0, -0.08655317892612768, -0.13975979809170966], [-0.21907780160033583, -0.6535364502361292, -0.8757969236368156, -0.8854438938292613, -0.8152030632021428, -0.6033461109811593, -0.6213922159492422, -0.6400198907522213, -0.6493057638777117, -0.36442431570411704, -0.3701242456371427, -0.4214554493009669, -0.4505231666717096, -0.13150308503424124, -0.13040695593803445, -0.20647391548387342, -0.2365156149863117, 0.11571093362194668, 0.08655317892612768, 0.0, -0.05320661916558201], [-0.1658711824347538, -0.6003298310705467, -0.8225903044712343, -0.8322372746636796, -0.7619964440365602, -0.5501394918155778, -0.5681855967836601, -0.5868132715866392, -0.5960991447121295, -0.31121769653853504, -0.3169176264715609, -0.36824883013538473, -0.3973165475061276, -0.07829646586865922, -0.07720033677245242, -0.1532672963182914, -0.1833089958207297, 0.16891755278752874, 0.13975979809170966, 0.05320661916558201, 0.0]], [[0.0, 0.2735119367755063, 0.6668622613800734, 1.0590256836873728, 1.35841942246369, 1.0226557477949545, 1.3300611482321734, 1.0915878837718294, 0.8837545997436438, 0.9891514099194861, 1.2720376138419638, 0.9794882887978359, 0.7620201415095994, 0.9259640960442204, 1.1789476521006628, 0.890709290254069, 0.6774721851130729, 0.8336844772794109, 1.046194053457665, 0.843715317136344, 0.6811043573646076], [-0.2735119367755063, 0.0, 0.39335032460456715, 0.7855137469118667, 1.0849074856881837, 0.7491438110194489, 1.0565492114566668, 0.8180759469963235, 0.6102426629681379, 0.7156394731439797, 0.9985256770664571, 0.7059763520223291, 0.4885082047340936, 0.6524521592687138, 0.9054357153251571, 0.6171973534785627, 0.4039602483375663, 0.5601725405039045, 0.7726821166821588, 0.5702033803608381, 0.40759242058910117], [-0.6668622613800734, -0.39335032460456715, 0.0, 0.3921634223072995, 0.6915571610836169, 0.3557934864148819, 0.6631988868520996, 0.4247256223917557, 0.21689233836357066, 0.32228914853941254, 0.6051753524618905, 0.3126260274177622, 0.09515788012952626, 0.2591018346641469, 0.5120853907205902, 0.22384702887399568, 0.010609923732999205, 0.1668222158993374, 0.3793317920775921, 0.17685305575627056, 0.014242095984534055], [-1.0590256836873728, -0.7855137469118667, -0.3921634223072995, 0.0, 0.29939373877631725, -0.036369935892417556, 0.27103546454480015, 0.03256220008445634, -0.17527108394372892, -0.0698742737678871, 0.21301193015459055, -0.07953739488953734, -0.2970055421777733, -0.13306158764315287, 0.11992196841329042, -0.16831639343330387, -0.3815534985743005, -0.22534120640796235, -0.012831630229707645, -0.21531036655102892, -0.3779213263227654], [-1.35841942246369, -1.0849074856881837, -0.6915571610836169, -0.29939373877631725, 0.0, -0.33576367466873486, -0.02835827423151708, -0.26683153869186105, -0.4746648227200464, -0.3692680125442045, -0.08638180862172673, -0.3789311336658549, -0.5963992809540906, -0.4324553264194703, -0.17947177036302697, -0.4677101322096209, -0.6809472373506176, -0.5247349451842797, -0.31222536900602493, -0.5147041053273463, -0.677315065099083], [-1.0226557477949545, -0.7491438110194489, -0.3557934864148819, 0.036369935892417556, 0.33576367466873486, 0.0, 0.3074054004372178, 0.06893213597687392, -0.1389011480513114, -0.03350433787546956, 0.24938186604700824, -0.04316745899711978, -0.2606356062853559, -0.09669165175073535, 0.15629190430570794, -0.13194645754088632, -0.34518356268188294, -0.18897127051554466, 0.023538305662709914, -0.17894043065861137, -0.34155139043034793], [-1.3300611482321734, -1.0565492114566668, -0.6631988868520996, -0.27103546454480015, 0.02835827423151708, -0.3074054004372178, 0.0, -0.23847326446034386, -0.44630654848852913, -0.34090973831268734, -0.058023534390209665, -0.3505728594343374, -0.5680410067225736, -0.40409705218795317, -0.15111349613150982, -0.4393518579781043, -0.6525889631191005, -0.49637667095276233, -0.28386709477450783, -0.4863458310958292, -0.6489567908675659], [-1.0915878837718294, -0.8180759469963235, -0.4247256223917557, -0.03256220008445634, 0.26683153869186105, -0.06893213597687392, 0.23847326446034386, 0.0, -0.2078332840281853, -0.1024364738523435, 0.18044973007013432, -0.11209959497399369, -0.32956774226222973, -0.1656237877276092, 0.08735976832883409, -0.20087859351776027, -0.4141156986587567, -0.2579034064924186, -0.045393830314164, -0.24787256663548543, -0.4104835264072219], [-0.8837545997436438, -0.6102426629681379, -0.21689233836357066, 0.17527108394372892, 0.4746648227200464, 0.1389011480513114, 0.44630654848852913, 0.2078332840281853, 0.0, 0.10539681017584183, 0.3882830140983197, 0.09573368905419162, -0.12173445823404436, 0.04220949630057605, 0.29519305235701937, 0.006954690510425058, -0.20628241463057143, -0.05007012246423332, 0.16243945371402127, -0.04003928260730007, -0.20265024237903664], [-0.9891514099194861, -0.7156394731439797, -0.32228914853941254, 0.0698742737678871, 0.3692680125442045, 0.03350433787546956, 0.34090973831268734, 0.1024364738523435, -0.10539681017584183, 0.0, 0.2828862039224778, -0.009663121121650228, -0.2271312684098863, -0.06318731387526577, 0.18979624218117755, -0.09844211966541679, -0.31167922480641325, -0.15546693264007516, 0.057042643538179484, -0.14543609278314193, -0.3080470525548784], [-1.2720376138419638, -0.9985256770664571, -0.6051753524618905, -0.21301193015459055, 0.08638180862172673, -0.24938186604700824, 0.058023534390209665, -0.18044973007013432, -0.3882830140983197, -0.2828862039224778, 0.0, -0.292549325044128, -0.5100174723323638, -0.3460735177977434, -0.09308996174130021, -0.3813283235878944, -0.5945654287288911, -0.43835313656255265, -0.22584356038429818, -0.42832229670561967, -0.5909332564773561], [-0.9794882887978359, -0.7059763520223291, -0.3126260274177622, 0.07953739488953734, 0.3789311336658549, 0.04316745899711978, 0.3505728594343374, 0.11209959497399369, -0.09573368905419162, 0.009663121121650228, 0.292549325044128, 0.0, -0.21746814728823602, -0.05352419275361551, 0.19945936330282776, -0.08877899854376654, -0.30201610368476295, -0.14580381151842492, 0.06670576465982968, -0.13577297166149166, -0.29838393143322817], [-0.7620201415095994, -0.4885082047340936, -0.09515788012952626, 0.2970055421777733, 0.5963992809540906, 0.2606356062853559, 0.5680410067225736, 0.32956774226222973, 0.12173445823404436, 0.2271312684098863, 0.5100174723323638, 0.21746814728823602, 0.0, 0.16394395453462046, 0.41692751059106375, 0.12868914874446938, -0.0845479563965271, 0.07166433576981103, 0.2841739119480657, 0.08169517562674432, -0.08091578414499226], [-0.9259640960442204, -0.6524521592687138, -0.2591018346641469, 0.13306158764315287, 0.4324553264194703, 0.09669165175073535, 0.40409705218795317, 0.1656237877276092, -0.04220949630057605, 0.06318731387526577, 0.3460735177977434, 0.05352419275361551, -0.16394395453462046, 0.0, 0.2529835560564434, -0.03525480579015099, -0.2484919109311475, -0.09227961876480942, 0.12022995741344529, -0.08224877890787609, -0.2448597386796126], [-1.1789476521006628, -0.9054357153251571, -0.5120853907205902, -0.11992196841329042, 0.17947177036302697, -0.15629190430570794, 0.15111349613150982, -0.08735976832883409, -0.29519305235701937, -0.18979624218117755, 0.09308996174130021, -0.19945936330282776, -0.41692751059106375, -0.2529835560564434, 0.0, -0.2882383618465944, -0.501475466987591, -0.34526317482125274, -0.13275359864299804, -0.3352323349643195, -0.49784329473605593], [-0.890709290254069, -0.6171973534785627, -0.22384702887399568, 0.16831639343330387, 0.4677101322096209, 0.13194645754088632, 0.4393518579781043, 0.20087859351776027, -0.006954690510425058, 0.09844211966541679, 0.3813283235878944, 0.08877899854376654, -0.12868914874446938, 0.03525480579015099, 0.2882383618465944, 0.0, -0.21323710514099645, -0.05702481297465839, 0.1554847632035962, -0.04699397311772512, -0.20960493288946175], [-0.6774721851130729, -0.4039602483375663, -0.010609923732999205, 0.3815534985743005, 0.6809472373506176, 0.34518356268188294, 0.6525889631191005, 0.4141156986587567, 0.20628241463057143, 0.31167922480641325, 0.5945654287288911, 0.30201610368476295, 0.0845479563965271, 0.2484919109311475, 0.501475466987591, 0.21323710514099645, 0.0, 0.15621229216633814, 0.3687218683445926, 0.16624313202327134, 0.003632172251534848], [-0.8336844772794109, -0.5601725405039045, -0.1668222158993374, 0.22534120640796235, 0.5247349451842797, 0.18897127051554466, 0.49637667095276233, 0.2579034064924186, 0.05007012246423332, 0.15546693264007516, 0.43835313656255265, 0.14580381151842492, -0.07166433576981103, 0.09227961876480942, 0.34526317482125274, 0.05702481297465839, -0.15621229216633814, 0.0, 0.21250957617825464, 0.010030839856933255, -0.15258011991480327], [-1.046194053457665, -0.7726821166821588, -0.3793317920775921, 0.012831630229707645, 0.31222536900602493, -0.023538305662709914, 0.28386709477450783, 0.045393830314164, -0.16243945371402127, -0.057042643538179484, 0.22584356038429818, -0.06670576465982968, -0.2841739119480657, -0.12022995741344529, 0.13275359864299804, -0.1554847632035962, -0.3687218683445926, -0.21250957617825464, 0.0, -0.2024787363213214, -0.3650896960930579], [-0.843715317136344, -0.5702033803608381, -0.17685305575627056, 0.21531036655102892, 0.5147041053273463, 0.17894043065861137, 0.4863458310958292, 0.24787256663548543, 0.04003928260730007, 0.14543609278314193, 0.42832229670561967, 0.13577297166149166, -0.08169517562674432, 0.08224877890787609, 0.3352323349643195, 0.04699397311772512, -0.16624313202327134, -0.010030839856933255, 0.2024787363213214, 0.0, -0.16261095977173654], [-0.6811043573646076, -0.40759242058910117, -0.014242095984534055, 0.3779213263227654, 0.677315065099083, 0.34155139043034793, 0.6489567908675659, 0.4104835264072219, 0.20265024237903664, 0.3080470525548784, 0.5909332564773561, 0.29838393143322817, 0.08091578414499226, 0.2448597386796126, 0.49784329473605593, 0.20960493288946175, -0.003632172251534848, 0.15258011991480327, 0.3650896960930579, 0.16261095977173654, 0.0]]]