[[[0.0, -0.28931707751802377, -0.4452785506520282, -0.45812668616147884, -0.42124977301117833, -0.2097668828311465, -0.2167379490100094, -0.21576846576633266, -0.2136032544983425, -0.016767909835219523, -0.033278228476883165, -0.04283062486622396, -0.0638683810147485, 0.16207935363538284, 0.15372654280416836, 0.12960367196212222, 0.09558826041434264, 0.338263686312459, 0.34147901659689167, 0.31581822113299707, 0.2756027106127743], [0.28931707751802377, 0.0, -0.15596147313400496, -0.16880960864345534, -0.13193269549315467, 0.07955019468687702, 0.07257912850801417, 0.07354861175169095, 0.07571382301968123, 0.272549167682804, 0.2560388490411403, 0.2464864526517997, 0.22544869650327518, 0.45139643115340644, 0.4430436203221922, 0.41892074948014596, 0.38490533793236636, 0.6275807638304827, 0.6307960941149156, 0.6051352986510206, 0.5649197881307979], [0.4452785506520282, 0.15596147313400496, 0.0, -0.012848135509450333, 0.02402877764085037, 0.23551166782088204, 0.22854060164201917, 0.22951008488569588, 0.23167529615368618, 0.4285106408168091, 0.41200032217514554, 0.40244792578580446, 0.3814101696372802, 0.6073579042874113, 0.5990050934561971, 0.5748822226141507, 0.5408668110663711, 0.7835422369644877, 0.7867575672489204, 0.7610967717850255, 0.720881261264803], [0.45812668616147884, 0.16880960864345534, 0.012848135509450333, 0.0, 0.03687691315030071, 0.24835980333033245, 0.2413887371514695, 0.24235822039514626, 0.24452343166313664, 0.44135877632625947, 0.42484845768459567, 0.4152960612952549, 0.3942583051467306, 0.620206039796862, 0.6118532289656474, 0.5877303581236014, 0.5537149465758217, 0.7963903724739383, 0.7996057027583706, 0.7739449072944761, 0.7337293967742535], [0.42124977301117833, 0.13193269549315467, -0.02402877764085037, -0.03687691315030071, 0.0, 0.2114828901800317, 0.20451182400116874, 0.2054813072448456, 0.20764651851283578, 0.4044818631759587, 0.38797154453429494, 0.37841914814495436, 0.3573813919964299, 0.5833291266465612, 0.5749763158153464, 0.5508534449733005, 0.5168380334255208, 0.7595134593236372, 0.7627287896080701, 0.7370679941441753, 0.6968524836239527], [0.2097668828311465, -0.07955019468687702, -0.23551166782088204, -0.24835980333033245, -0.2114828901800317, 0.0, -0.006971066178862886, -0.006001582935186092, -0.003836371667195857, 0.19299897299592708, 0.17648865435426342, 0.16693625796492262, 0.1458985018163981, 0.37184623646652926, 0.36349342563531495, 0.3393705547932689, 0.30535514324548924, 0.5480305691436055, 0.5512458994280384, 0.5255851039641436, 0.48536959344392094], [0.2167379490100094, -0.07257912850801417, -0.22854060164201917, -0.2413887371514695, -0.20451182400116874, 0.006971066178862886, 0.0, 0.000969483243676797, 0.0031346945116670294, 0.1999700391747898, 0.1834597205331262, 0.17390732414378554, 0.152869567995261, 0.37881730264539226, 0.37046449181417784, 0.34634162097213195, 0.3123262094243521, 0.5550016353224685, 0.5582169656069013, 0.5325561701430063, 0.49234065962278395], [0.21576846576633266, -0.07354861175169095, -0.22951008488569588, -0.24235822039514626, -0.2054813072448456, 0.006001582935186092, -0.000969483243676797, 0.0, 0.0021652112679902327, 0.19900055593111307, 0.18249023728944955, 0.17293784090010875, 0.15190008475158426, 0.37784781940171547, 0.36949500857050105, 0.3453721377284551, 0.3113567261806752, 0.5540321520787916, 0.5572474823632245, 0.5315866868993294, 0.4913711763791071], [0.2136032544983425, -0.07571382301968123, -0.23167529615368618, -0.24452343166313664, -0.20764651851283578, 0.003836371667195857, -0.0031346945116670294, -0.0021652112679902327, 0.0, 0.19683534466312275, 0.18032502602145928, 0.17077262963211848, 0.14973487348359396, 0.37568260813372534, 0.3673297973025108, 0.3432069264604647, 0.3091915149126851, 0.5518669408108016, 0.5550822710952342, 0.5294214756313393, 0.48920596511111697], [0.016767909835219523, -0.272549167682804, -0.4285106408168091, -0.44135877632625947, -0.4044818631759587, -0.19299897299592708, -0.1999700391747898, -0.19900055593111307, -0.19683534466312275, 0.0, -0.016510318641663645, -0.026062715031004425, -0.04710047117952893, 0.1788472634706024, 0.17049445263938798, 0.14637158179734186, 0.1123561702495622, 0.35503159614767876, 0.35824692643211153, 0.3325861309682167, 0.29237062044799383], [0.033278228476883165, -0.2560388490411403, -0.41200032217514554, -0.42484845768459567, -0.38797154453429494, -0.17648865435426342, -0.1834597205331262, -0.18249023728944955, -0.18032502602145928, 0.016510318641663645, 0.0, -0.00955239638934079, -0.030590152537865296, 0.1953575821122659, 0.1870047712810515, 0.16288190043900552, 0.12886648889122582, 0.37154191478934223, 0.37475724507377484, 0.34909644960988034, 0.30888093908965747], [0.04283062486622396, -0.2464864526517997, -0.40244792578580446, -0.4152960612952549, -0.37841914814495436, -0.16693625796492262, -0.17390732414378554, -0.17293784090010875, -0.17077262963211848, 0.026062715031004425, 0.00955239638934079, 0.0, -0.021037756148524503, 0.20490997850160678, 0.19655716767039227, 0.17243429682834638, 0.1384188852805666, 0.3810943111786832, 0.3843096414631157, 0.3586488459992211, 0.3184333354789983], [0.0638683810147485, -0.22544869650327518, -0.3814101696372802, -0.3942583051467306, -0.3573813919964299, -0.1458985018163981, -0.152869567995261, -0.15190008475158426, -0.14973487348359396, 0.04710047117952893, 0.030590152537865296, 0.021037756148524503, 0.0, 0.22594773465013127, 0.21759492381891687, 0.19347205297687078, 0.1594566414290911, 0.40213206732720763, 0.40534739761164035, 0.37968660214774536, 0.3394710916275229], [-0.16207935363538284, -0.45139643115340644, -0.6073579042874113, -0.620206039796862, -0.5833291266465612, -0.37184623646652926, -0.37881730264539226, -0.37784781940171547, -0.37568260813372534, -0.1788472634706024, -0.1953575821122659, -0.20490997850160678, -0.22594773465013127, 0.0, -0.008352810831214426, -0.0324756816732605, -0.06649109322104019, 0.1761843326770763, 0.17939966296150903, 0.1537388674976142, 0.11352335697739147], [-0.15372654280416836, -0.4430436203221922, -0.5990050934561971, -0.6118532289656474, -0.5749763158153464, -0.36349342563531495, -0.37046449181417784, -0.36949500857050105, -0.3673297973025108, -0.17049445263938798, -0.1870047712810515, -0.19655716767039227, -0.21759492381891687, 0.008352810831214426, 0.0, -0.024122870842046076, -0.05813828238982576, 0.1845371435082907, 0.1877524737927234, 0.16209167832882873, 0.12187616780860591], [-0.12960367196212222, -0.41892074948014596, -0.5748822226141507, -0.5877303581236014, -0.5508534449733005, -0.3393705547932689, -0.34634162097213195, -0.3453721377284551, -0.3432069264604647, -0.14637158179734186, -0.16288190043900552, -0.17243429682834638, -0.19347205297687078, 0.0324756816732605, 0.024122870842046076, 0.0, -0.03401541154777966, 0.20866001435033685, 0.21187534463476954, 0.18621454917087477, 0.14599903865065195], [-0.09558826041434264, -0.38490533793236636, -0.5408668110663711, -0.5537149465758217, -0.5168380334255208, -0.30535514324548924, -0.3123262094243521, -0.3113567261806752, -0.3091915149126851, -0.1123561702495622, -0.12886648889122582, -0.1384188852805666, -0.1594566414290911, 0.06649109322104019, 0.05813828238982576, 0.03401541154777966, 0.0, 0.24267542589811647, 0.24589075618254913, 0.22022996071865436, 0.18001445019843165], [-0.338263686312459, -0.6275807638304827, -0.7835422369644877, -0.7963903724739383, -0.7595134593236372, -0.5480305691436055, -0.5550016353224685, -0.5540321520787916, -0.5518669408108016, -0.35503159614767876, -0.37154191478934223, -0.3810943111786832, -0.40213206732720763, -0.1761843326770763, -0.1845371435082907, -0.20866001435033685, -0.24267542589811647, 0.0, 0.003215330284432687, -0.02244546517946213, -0.06266097569968489], [-0.34147901659689167, -0.6307960941149156, -0.7867575672489204, -0.7996057027583706, -0.7627287896080701, -0.5512458994280384, -0.5582169656069013, -0.5572474823632245, -0.5550822710952342, -0.35824692643211153, -0.37475724507377484, -0.3843096414631157, -0.40534739761164035, -0.17939966296150903, -0.1877524737927234, -0.21187534463476954, -0.24589075618254913, -0.003215330284432687, 0.0, -0.025660795463894815, -0.06587630598411756], [-0.31581822113299707, -0.6051352986510206, -0.7610967717850255, -0.7739449072944761, -0.7370679941441753, -0.5255851039641436, -0.5325561701430063, -0.5315866868993294, -0.5294214756313393, -0.3325861309682167, -0.34909644960988034, -0.3586488459992211, -0.37968660214774536, -0.1537388674976142, -0.16209167832882873, -0.18621454917087477, -0.22022996071865436, 0.02244546517946213, 0.025660795463894815, 0.0, -0.04021551052022275], [-0.2756027106127743, -0.5649197881307979, -0.720881261264803, -0.7337293967742535, -0.6968524836239527, -0.48536959344392094, -0.49234065962278395, -0.4913711763791071, -0.48920596511111697, -0.29237062044799383, -0.30888093908965747, -0.3184333354789983, -0.3394710916275229, -0.11352335697739147, -0.12187616780860591, -0.14599903865065195, -0.18001445019843165, 0.06266097569968489, 0.06587630598411756, 0.04021551052022275, 0.0]], [[0.0, 0.21920851541108324, 0.5886161265785949, 0.9194096541963342, 1.1616729680720397, 0.9959718321967549, 1.373071136831202, 1.6017569308283848, 1.7930043546549714, 0.9997974645960584, 1.4004536535582317, 1.648246375450035, 1.8534971372678544, 0.9441049348199069, 1.3114287415895123, 1.533633828120555, 1.7148363610470618, 0.8387930907280211, 1.14540672107386, 1.3228632943406873, 1.4803006784441017], [-0.21920851541108324, 0.0, 0.36940761116751175, 0.7002011387852507, 0.9424644526609568, 0.7767633167856718, 1.1538626214201195, 1.382548415417301, 1.5737958392438889, 0.7805889491849749, 1.1812451381471483, 1.4290378600389517, 1.6342886218567707, 0.7248964194088232, 1.0922202261784288, 1.3144253127094723, 1.4956278456359784, 0.6195845753169381, 0.9261982056627766, 1.1036547789296034, 1.2610921630330187], [-0.5886161265785949, -0.36940761116751175, 0.0, 0.3307935276177391, 0.5730568414934448, 0.4073557056181602, 0.7844550102526071, 1.0131408042497896, 1.2043882280763767, 0.4111813380174633, 0.8118375269796365, 1.0596302488714395, 1.2648810106892592, 0.3554888082413116, 0.7228126150109173, 0.945017701541961, 1.126220234468467, 0.25017696414942614, 0.5567905944952646, 0.734247167762092, 0.8916845518655072], [-0.9194096541963342, -0.7002011387852507, -0.3307935276177391, 0.0, 0.2422633138757057, 0.07656217800042098, 0.4536614826348683, 0.6823472766320505, 0.8735947004586386, 0.08038781039972422, 0.4810439993618976, 0.7288367212537007, 0.9340874830715203, 0.024695280623572388, 0.3920190873931782, 0.6142241739242215, 0.7954267068507278, -0.08061656346831297, 0.22599706687752558, 0.40345364014435264, 0.5608910242477677], [-1.1616729680720397, -0.9424644526609568, -0.5730568414934448, -0.2422633138757057, 0.0, -0.1657011358752847, 0.21139816875916279, 0.4400839627563448, 0.6313313865829321, -0.16187550347598148, 0.23878068548619205, 0.4865734073779947, 0.6918241691958151, -0.21756803325213325, 0.14975577351747266, 0.37196086004851575, 0.5531633929750219, -0.32287987734401874, -0.01626624699818004, 0.16119032626864715, 0.3186277103720623], [-0.9959718321967549, -0.7767633167856718, -0.4073557056181602, -0.07656217800042098, 0.1657011358752847, 0.0, 0.3770993046344473, 0.6057850986316293, 0.797032522458217, 0.003825632399303229, 0.4044818213614764, 0.6522745432532793, 0.8575253050710999, -0.05186689737684861, 0.3154569093927575, 0.5376619959238002, 0.7188645288503066, -0.15717874146873392, 0.14943488887710465, 0.32689146214393183, 0.4843288462473472], [-1.373071136831202, -1.1538626214201195, -0.7844550102526071, -0.4536614826348683, -0.21139816875916279, -0.3770993046344473, 0.0, 0.22868579399718197, 0.4199332178237692, -0.3732736722351441, 0.02738251672702921, 0.275175238618832, 0.48042600043665246, -0.4289662020112961, -0.061642395241690025, 0.16056269128935308, 0.34176522421585914, -0.5342780461031813, -0.22766441575734286, -0.05020784249051558, 0.10722954161289958], [-1.6017569308283848, -1.382548415417301, -1.0131408042497896, -0.6823472766320505, -0.4400839627563448, -0.6057850986316293, -0.22868579399718197, 0.0, 0.19124742382658724, -0.6019594662323261, -0.2013032772701527, 0.04648944462165006, 0.25174020643947015, -0.6576519960084781, -0.290328189238872, -0.06812310270782893, 0.1130794302186773, -0.7629638401003634, -0.4563502097545248, -0.2788936364876976, -0.12145625238428241], [-1.7930043546549714, -1.5737958392438889, -1.2043882280763767, -0.8735947004586386, -0.6313313865829321, -0.797032522458217, -0.4199332178237692, -0.19124742382658724, 0.0, -0.7932068900589135, -0.39255070109674, -0.14475797920493721, 0.060492782612882844, -0.8488994198350654, -0.4815756130654595, -0.2593705265344163, -0.07816799360791007, -0.9542112639269508, -0.6475976335811121, -0.4701410603142849, -0.3127036762108698], [-0.9997974645960584, -0.7805889491849749, -0.4111813380174633, -0.08038781039972422, 0.16187550347598148, -0.003825632399303229, 0.3732736722351441, 0.6019594662323261, 0.7932068900589135, 0.0, 0.40065618896217314, 0.6484489108539765, 0.8536996726717969, -0.05569252977615183, 0.3116312769934542, 0.5338363635244969, 0.7150388964510036, -0.1610043738680372, 0.1456092564778014, 0.3230658297446286, 0.4805032138480437], [-1.4004536535582317, -1.1812451381471483, -0.8118375269796365, -0.4810439993618976, -0.23878068548619205, -0.4044818213614764, -0.02738251672702921, 0.2013032772701527, 0.39255070109674, -0.40065618896217314, 0.0, 0.24779272189180282, 0.4530434837096229, -0.4563487187383252, -0.08902491196871926, 0.13318017456232378, 0.31438270748883, -0.5616605628302103, -0.2550469324843719, -0.0775903592175448, 0.07984702488587028], [-1.648246375450035, -1.4290378600389517, -1.0596302488714395, -0.7288367212537007, -0.4865734073779947, -0.6522745432532793, -0.275175238618832, -0.04648944462165006, 0.14475797920493721, -0.6484489108539765, -0.24779272189180282, 0.0, 0.2052507618178201, -0.7041414406301283, -0.33681763386052205, -0.11461254732947895, 0.06658998559702722, -0.8094532847220133, -0.5028396543761747, -0.32538308110934766, -0.16794569700593254], [-1.8534971372678544, -1.6342886218567707, -1.2648810106892592, -0.9340874830715203, -0.6918241691958151, -0.8575253050710999, -0.48042600043665246, -0.25174020643947015, -0.060492782612882844, -0.8536996726717969, -0.4530434837096229, -0.2052507618178201, 0.0, -0.9093922024479483, -0.5420683956783421, -0.31986330914729916, -0.13866077622079298, -1.0147040465398338, -0.7080904161939945, -0.5306338429271675, -0.3731964588237526], [-0.9441049348199069, -0.7248964194088232, -0.3554888082413116, -0.024695280623572388, 0.21756803325213325, 0.05186689737684861, 0.4289662020112961, 0.6576519960084781, 0.8488994198350654, 0.05569252977615183, 0.4563487187383252, 0.7041414406301283, 0.9093922024479483, 0.0, 0.36732380676960596, 0.5895288933006492, 0.7707314262271552, -0.10531184409188529, 0.2013017862539532, 0.37875835952078013, 0.5361957436241953], [-1.3114287415895123, -1.0922202261784288, -0.7228126150109173, -0.3920190873931782, -0.14975577351747266, -0.3154569093927575, 0.061642395241690025, 0.290328189238872, 0.4815756130654595, -0.3116312769934542, 0.08902491196871926, 0.33681763386052205, 0.5420683956783421, -0.36732380676960596, 0.0, 0.22220508653104304, 0.4034076194575492, -0.4726356508614915, -0.16602202051565274, 0.011434552751174474, 0.16887193685458957], [-1.533633828120555, -1.3144253127094723, -0.945017701541961, -0.6142241739242215, -0.37196086004851575, -0.5376619959238002, -0.16056269128935308, 0.06812310270782893, 0.2593705265344163, -0.5338363635244969, -0.13318017456232378, 0.11461254732947895, 0.31986330914729916, -0.5895288933006492, -0.22220508653104304, 0.0, 0.1812025329265062, -0.6948407373925345, -0.3882271070466958, -0.2107705337798686, -0.05333314967645347], [-1.7148363610470618, -1.4956278456359784, -1.126220234468467, -0.7954267068507278, -0.5531633929750219, -0.7188645288503066, -0.34176522421585914, -0.1130794302186773, 0.07816799360791007, -0.7150388964510036, -0.31438270748883, -0.06658998559702722, 0.13866077622079298, -0.7707314262271552, -0.4034076194575492, -0.1812025329265062, 0.0, -0.8760432703190407, -0.569429639973202, -0.39197306670637483, -0.2345356826029596], [-0.8387930907280211, -0.6195845753169381, -0.25017696414942614, 0.08061656346831297, 0.32287987734401874, 0.15717874146873392, 0.5342780461031813, 0.7629638401003634, 0.9542112639269508, 0.1610043738680372, 0.5616605628302103, 0.8094532847220133, 1.0147040465398338, 0.10531184409188529, 0.4726356508614915, 0.6948407373925345, 0.8760432703190407, 0.0, 0.3066136303458386, 0.48407020361266595, 0.6415075877160809], [-1.14540672107386, -0.9261982056627766, -0.5567905944952646, -0.22599706687752558, 0.01626624699818004, -0.14943488887710465, 0.22766441575734286, 0.4563502097545248, 0.6475976335811121, -0.1456092564778014, 0.2550469324843719, 0.5028396543761747, 0.7080904161939945, -0.2013017862539532, 0.16602202051565274, 0.3882271070466958, 0.569429639973202, -0.3066136303458386, 0.0, 0.17745657326682718, 0.3348939573702423], [-1.3228632943406873, -1.1036547789296034, -0.734247167762092, -0.40345364014435264, -0.16119032626864715, -0.32689146214393183, 0.05020784249051558, 0.2788936364876976, 0.4701410603142849, -0.3230658297446286, 0.0775903592175448, 0.32538308110934766, 0.5306338429271675, -0.37875835952078013, -0.011434552751174474, 0.2107705337798686, 0.39197306670637483, -0.48407020361266595, -0.17745657326682718, 0.0, 0.15743738410341512], [-1.4803006784441017, -1.2610921630330187, -0.8916845518655072, -0.5608910242477677, -0.3186277103720623, -0.4843288462473472, -0.10722954161289958, 0.12145625238428241, 0.3127036762108698, -0.4805032138480437, -0.07984702488587028, 0.16794569700593254, 0.3731964588237526, -0.5361957436241953, -0.16887193685458957, 0.05333314967645347, 0.2345356826029596, -0.6415075877160809, -0.3348939573702423, -0.15743738410341512, 0.0]]]