[[[0.0, -0.41494887101762046, -0.610731440213884, -0.5763662271829864, -0.5307947980576788, -0.29426563019769625, -0.29880555992446056, -0.2896879048560421, -0.27570511642295575, -0.05765381024462379, -0.06434957470416007, -0.05872881632452188, -0.06121376361719595, 0.16059369191356052, 0.16483160084165122, 0.16085782409169228, 0.14844305472401112, 0.37230636628538144, 0.3874940812780631, 0.3938452426987897, 0.39652284106417107], [0.41494887101762046, 0.0, -0.19578256919626327, -0.16141735616536593, -0.11584592704005818, 0.1206832408199244, 0.11614331109316002, 0.12526096616157856, 0.13924375459466487, 0.3572950607729966, 0.3505992963134602, 0.3562200546930985, 0.35373510740042446, 0.5755425629311813, 0.5797804718592722, 0.575806695109313, 0.5633919257416314, 0.7872552373030015, 0.8024429522956835, 0.8087941137164101, 0.8114717120817917], [0.610731440213884, 0.19578256919626327, 0.0, 0.034365213030897436, 0.07993664215620512, 0.3164658100161877, 0.3119258802894232, 0.32104353535784186, 0.3350263237909281, 0.55307762996926, 0.5463818655097239, 0.552002623889362, 0.5495176765966883, 0.7713251321274445, 0.7755630410555352, 0.7715892643055764, 0.7591744949378949, 0.9830378064992652, 0.9982255214919472, 1.0045766829126739, 1.0072542812780545], [0.5763662271829864, 0.16141735616536593, -0.034365213030897436, 0.0, 0.04557142912530767, 0.2821005969852903, 0.27756066725852585, 0.28667832232694446, 0.300661110760031, 0.5187124169383627, 0.5120166524788263, 0.5176374108584646, 0.5151524635657903, 0.7369599190965469, 0.7411978280246374, 0.7372240512746785, 0.7248092819069971, 0.9486725934683679, 0.9638603084610493, 0.9702114698817759, 0.9728890682471574], [0.5307947980576788, 0.11584592704005818, -0.07993664215620512, -0.04557142912530767, 0.0, 0.23652916785998257, 0.23198923813321815, 0.24110689320163675, 0.2550896816347232, 0.4731409878130548, 0.4664452233535187, 0.47206598173315695, 0.46958103444048277, 0.6913884899712389, 0.6956263988993296, 0.6916526221493707, 0.6792378527816892, 0.9031011643430599, 0.9182888793357418, 0.9246400407564687, 0.9273176391218501], [0.29426563019769625, -0.1206832408199244, -0.3164658100161877, -0.2821005969852903, -0.23652916785998257, 0.0, -0.004539929726764404, 0.004577725341654151, 0.01856051377474046, 0.23661181995307237, 0.22991605549353594, 0.2355368138731742, 0.23305186658050014, 0.45485932211125635, 0.45909723103934724, 0.4551234542893883, 0.4427086849217071, 0.6665719964830774, 0.6817597114757591, 0.6881108728964859, 0.6907884712618668], [0.29880555992446056, -0.11614331109316002, -0.3119258802894232, -0.27756066725852585, -0.23198923813321815, 0.004539929726764404, 0.0, 0.009117655068418561, 0.023100443501504874, 0.24115174967983669, 0.23445598522030042, 0.24007674359993864, 0.23759179630726446, 0.45939925183802094, 0.4636371607661118, 0.4596633840161527, 0.44724861464847165, 0.6711119262098418, 0.6862996412025234, 0.69265080262325, 0.6953284009886314], [0.2896879048560421, -0.12526096616157856, -0.32104353535784186, -0.28667832232694446, -0.24110689320163675, -0.004577725341654151, -0.009117655068418561, 0.0, 0.013982788433086311, 0.2320340946114181, 0.22533833015188182, 0.23095908853152008, 0.22847414123884602, 0.4502815967696025, 0.4545195056976931, 0.45054572894773415, 0.43813095958005327, 0.6619942711414231, 0.6771819861341047, 0.6835331475548313, 0.6862107459202127], [0.27570511642295575, -0.13924375459466487, -0.3350263237909281, -0.300661110760031, -0.2550896816347232, -0.01856051377474046, -0.023100443501504874, -0.013982788433086311, 0.0, 0.21805130617833185, 0.21135554171879561, 0.2169763000984339, 0.21449135280575973, 0.43629880833651624, 0.4405367172646071, 0.436562940514648, 0.4241481711469667, 0.6480114827083366, 0.6631991977010183, 0.6695503591217451, 0.6722279574871264], [0.05765381024462379, -0.3572950607729966, -0.55307762996926, -0.5187124169383627, -0.4731409878130548, -0.23661181995307237, -0.24115174967983669, -0.2320340946114181, -0.21805130617833185, 0.0, -0.00669576445953624, -0.0010750060798980707, -0.003559953372572126, 0.2182475021581845, 0.2224854110862751, 0.21851163433631618, 0.20609686496863486, 0.42996017653000534, 0.44514789152268697, 0.4514990529434136, 0.4541766513087947], [0.06434957470416007, -0.3505992963134602, -0.5463818655097239, -0.5120166524788263, -0.4664452233535187, -0.22991605549353594, -0.23445598522030042, -0.22533833015188182, -0.21135554171879561, 0.00669576445953624, 0.0, 0.00562075837963817, 0.0031358110869641135, 0.2249432666177205, 0.2291811755458114, 0.2252073987958525, 0.21279262942817107, 0.4366559409895416, 0.4518436559822232, 0.45819481740294987, 0.46087241576833116], [0.05872881632452188, -0.3562200546930985, -0.552002623889362, -0.5176374108584646, -0.47206598173315695, -0.2355368138731742, -0.24007674359993864, -0.23095908853152008, -0.2169763000984339, 0.0010750060798980707, -0.00562075837963817, 0.0, -0.0024849472926740555, 0.2193225082380825, 0.22356041716617323, 0.21958664041621423, 0.20717187104853288, 0.4310351826099034, 0.446222897602585, 0.4525740590233115, 0.4552516573886929], [0.06121376361719595, -0.35373510740042446, -0.5495176765966883, -0.5151524635657903, -0.46958103444048277, -0.23305186658050014, -0.23759179630726446, -0.22847414123884602, -0.21449135280575973, 0.003559953372572126, -0.0031358110869641135, 0.0024849472926740555, 0.0, 0.22180745553075648, 0.22604536445884732, 0.22207158770888819, 0.20965681834120706, 0.43352012990257754, 0.44870784489525906, 0.4550590063159857, 0.4577366046813671], [-0.16059369191356052, -0.5755425629311813, -0.7713251321274445, -0.7369599190965469, -0.6913884899712389, -0.45485932211125635, -0.45939925183802094, -0.4502815967696025, -0.43629880833651624, -0.2182475021581845, -0.2249432666177205, -0.2193225082380825, -0.22180745553075648, 0.0, 0.004237908928090764, 0.00026413217813175114, -0.012150637189549493, 0.21171267437182104, 0.2269003893645026, 0.23325155078522922, 0.2359291491506106], [-0.16483160084165122, -0.5797804718592722, -0.7755630410555352, -0.7411978280246374, -0.6956263988993296, -0.45909723103934724, -0.4636371607661118, -0.4545195056976931, -0.4405367172646071, -0.2224854110862751, -0.2291811755458114, -0.22356041716617323, -0.22604536445884732, -0.004237908928090764, 0.0, -0.003973776749959013, -0.016388546117640256, 0.20747476544373014, 0.22266248043641196, 0.22901364185713846, 0.23169124022251986], [-0.16085782409169228, -0.575806695109313, -0.7715892643055764, -0.7372240512746785, -0.6916526221493707, -0.4551234542893883, -0.4596633840161527, -0.45054572894773415, -0.436562940514648, -0.21851163433631618, -0.2252073987958525, -0.21958664041621423, -0.22207158770888819, -0.00026413217813175114, 0.003973776749959013, 0.0, -0.012414769367681251, 0.21144854219368908, 0.22663625718637082, 0.23298741860709746, 0.23566501697247894], [-0.14844305472401112, -0.5633919257416314, -0.7591744949378949, -0.7248092819069971, -0.6792378527816892, -0.4427086849217071, -0.44724861464847165, -0.43813095958005327, -0.4241481711469667, -0.20609686496863486, -0.21279262942817107, -0.20717187104853288, -0.20965681834120706, 0.012150637189549493, 0.016388546117640256, 0.012414769367681251, 0.0, 0.22386331156137054, 0.23905102655405208, 0.2454021879747788, 0.2480797863401601], [-0.37230636628538144, -0.7872552373030015, -0.9830378064992652, -0.9486725934683679, -0.9031011643430599, -0.6665719964830774, -0.6711119262098418, -0.6619942711414231, -0.6480114827083366, -0.42996017653000534, -0.4366559409895416, -0.4310351826099034, -0.43352012990257754, -0.21171267437182104, -0.20747476544373014, -0.21144854219368908, -0.22386331156137054, 0.0, 0.015187714992681726, 0.02153887641340835, 0.024216474778789666], [-0.3874940812780631, -0.8024429522956835, -0.9982255214919472, -0.9638603084610493, -0.9182888793357418, -0.6817597114757591, -0.6862996412025234, -0.6771819861341047, -0.6631991977010183, -0.44514789152268697, -0.4518436559822232, -0.446222897602585, -0.44870784489525906, -0.2269003893645026, -0.22266248043641196, -0.22663625718637082, -0.23905102655405208, -0.015187714992681726, 0.0, 0.006351161420726626, 0.009028759786107933], [-0.3938452426987897, -0.8087941137164101, -1.0045766829126739, -0.9702114698817759, -0.9246400407564687, -0.6881108728964859, -0.69265080262325, -0.6835331475548313, -0.6695503591217451, -0.4514990529434136, -0.45819481740294987, -0.4525740590233115, -0.4550590063159857, -0.23325155078522922, -0.22901364185713846, -0.23298741860709746, -0.2454021879747788, -0.02153887641340835, -0.006351161420726626, 0.0, 0.002677598365381309], [-0.39652284106417107, -0.8114717120817917, -1.0072542812780545, -0.9728890682471574, -0.9273176391218501, -0.6907884712618668, -0.6953284009886314, -0.6862107459202127, -0.6722279574871264, -0.4541766513087947, -0.46087241576833116, -0.4552516573886929, -0.4577366046813671, -0.2359291491506106, -0.23169124022251986, -0.23566501697247894, -0.2480797863401601, -0.024216474778789666, -0.009028759786107933, -0.002677598365381309, 0.0]], [[0.0, 0.24030537381738362, 0.6026654596200554, 0.9030905669253361, 1.2057208770944683, 1.014349958732112, 1.480027327587292, 1.7689060338358231, 2.0098005746405594, 0.9982613103721857, 1.502267559998252, 1.8281229142623565, 2.0922850363743435, 0.9294225587191525, 1.3889267336832232, 1.6874177240561454, 1.926755256394133, 0.8171480019837931, 1.163770336137808, 1.388918558460581, 1.5945394343618187], [-0.24030537381738362, 0.0, 0.3623600858026714, 0.6627851931079518, 0.965415503277084, 0.7740445849147284, 1.2397219537699096, 1.5286006600184396, 1.769495200823175, 0.7579559365548022, 1.261962186180869, 1.5878175404449737, 1.851979662556959, 0.6891171849017692, 1.1486213598658397, 1.447112350238761, 1.6864498825767495, 0.5768426281664093, 0.9234649623204245, 1.1486131846431982, 1.3542340605444354], [-0.6026654596200554, -0.3623600858026714, 0.0, 0.3004251073052809, 0.6030554174744134, 0.41168449911205685, 0.8773618679672383, 1.1662405742157684, 1.4071351150205031, 0.395595850752131, 0.8996021003781978, 1.225457454642302, 1.4896195767542875, 0.3267570990990978, 0.7862612740631679, 1.0847522644360905, 1.324089796774077, 0.21448254236373798, 0.561104876517753, 0.7862530988405265, 0.9918739747417646], [-0.9030905669253361, -0.6627851931079518, -0.3004251073052809, 0.0, 0.3026303101691324, 0.11125939180677621, 0.5769367606619575, 0.8658154669104877, 1.1067100077152228, 0.09517074344685021, 0.5991769930729177, 0.9250323473370209, 1.1891944694490082, 0.02633199179381716, 0.48583616675788804, 0.7843271571308098, 1.0236646894687964, -0.08594256494154269, 0.26067976921247227, 0.4858279915352457, 0.6914488674364837], [-1.2057208770944683, -0.965415503277084, -0.6030554174744134, -0.3026303101691324, 0.0, -0.19137091836235615, 0.2743064504928252, 0.5631851567413553, 0.8040796975460903, -0.20745956672228202, 0.2965466829037851, 0.6224020371678887, 0.8865641592798751, -0.2762983183753152, 0.1832058565887557, 0.4816968469616773, 0.7210343792996642, -0.38857287511067495, -0.041950540956660086, 0.18319768136611325, 0.3888185572673515], [-1.014349958732112, -0.7740445849147284, -0.41168449911205685, -0.11125939180677621, 0.19137091836235615, 0.0, 0.4656773688551813, 0.7545560751037111, 0.995450615908447, -0.01608864835992595, 0.4879176012661411, 0.8137729555302446, 1.0779350776422312, -0.08492740001295901, 0.37457677495111186, 0.6730677653240332, 0.9124052976620207, -0.1972019567483189, 0.14942037740569603, 0.3745685997284693, 0.5801894756297078], [-1.480027327587292, -1.2397219537699096, -0.8773618679672383, -0.5769367606619575, -0.2743064504928252, -0.4656773688551813, 0.0, 0.2888787062485301, 0.5297732470532652, -0.48176601721510726, 0.022240232410959754, 0.3480955866750637, 0.6122577087870502, -0.5506047688681401, -0.09110059390406933, 0.20739039646885235, 0.44672792880683937, -0.6628793256034998, -0.31625699144948505, -0.09110876912671179, 0.11451210677452645], [-1.7689060338358231, -1.5286006600184396, -1.1662405742157684, -0.8658154669104877, -0.5631851567413553, -0.7545560751037111, -0.2888787062485301, 0.0, 0.2408945408047353, -0.7706447234636374, -0.2666384738375703, 0.059216880426533544, 0.3233790025385199, -0.83948347511667, -0.3799793001525995, -0.08148830977967776, 0.15784922255830916, -0.9517580318520307, -0.6051356976980157, -0.3799874753752418, -0.17436659947400354], [-2.0098005746405594, -1.769495200823175, -1.4071351150205031, -1.1067100077152228, -0.8040796975460903, -0.995450615908447, -0.5297732470532652, -0.2408945408047353, 0.0, -1.0115392642683727, -0.5075330146423057, -0.18167766037820163, 0.08248446173378472, -1.0803780159214056, -0.6208738409573349, -0.32238285058441285, -0.0830453182464261, -1.1926525726567663, -0.8460302385027505, -0.6208820161799773, -0.4152611402787389], [-0.9982613103721857, -0.7579559365548022, -0.395595850752131, -0.09517074344685021, 0.20745956672228202, 0.01608864835992595, 0.48176601721510726, 0.7706447234636374, 1.0115392642683727, 0.0, 0.5040062496260667, 0.8298616038901708, 1.0940237260021572, -0.06883875165303306, 0.3906654233110379, 0.6891564136839592, 0.9284939460219467, -0.18111330838839287, 0.165509025765622, 0.39065724808839525, 0.596278123989634], [-1.502267559998252, -1.261962186180869, -0.8996021003781978, -0.5991769930729177, -0.2965466829037851, -0.4879176012661411, -0.022240232410959754, 0.2666384738375703, 0.5075330146423057, -0.5040062496260667, 0.0, 0.32585535426410384, 0.5900174763760907, -0.5728450012791, -0.11334082631502918, 0.18515016405789253, 0.42448769639587947, -0.6851195580144598, -0.3384972238604449, -0.11334900153767162, 0.09227187436356667], [-1.8281229142623565, -1.5878175404449737, -1.225457454642302, -0.9250323473370209, -0.6224020371678887, -0.8137729555302446, -0.3480955866750637, -0.059216880426533544, 0.18167766037820163, -0.8298616038901708, -0.32585535426410384, 0.0, 0.26416212211198653, -0.8987003555432038, -0.4391961805791332, -0.14070519020621128, 0.09863234213177562, -1.0109749122785638, -0.6643525781245486, -0.4392043558017755, -0.23358347990053718], [-2.0922850363743435, -1.851979662556959, -1.4896195767542875, -1.1891944694490082, -0.8865641592798751, -1.0779350776422312, -0.6122577087870502, -0.3233790025385199, -0.08248446173378472, -1.0940237260021572, -0.5900174763760907, -0.26416212211198653, 0.0, -1.1628624776551901, -0.7033583026911194, -0.40486731231819784, -0.16552977998021087, -1.2751370343905495, -0.9285147002365349, -0.7033664779137616, -0.49774560201252405], [-0.9294225587191525, -0.6891171849017692, -0.3267570990990978, -0.02633199179381716, 0.2762983183753152, 0.08492740001295901, 0.5506047688681401, 0.83948347511667, 1.0803780159214056, 0.06883875165303306, 0.5728450012791, 0.8987003555432038, 1.1628624776551901, 0.0, 0.45950417496407076, 0.7579951653369925, 0.9973326976749799, -0.11227455673535988, 0.23434777741865503, 0.4594959997414284, 0.6651168756426665], [-1.3889267336832232, -1.1486213598658397, -0.7862612740631679, -0.48583616675788804, -0.1832058565887557, -0.37457677495111186, 0.09110059390406933, 0.3799793001525995, 0.6208738409573349, -0.3906654233110379, 0.11334082631502918, 0.4391961805791332, 0.7033583026911194, -0.45950417496407076, 0.0, 0.29849099037292187, 0.5378285227109086, -0.5717787316994307, -0.22515639754541586, -8.175222642453038e-06, 0.20561270067859586], [-1.6874177240561454, -1.447112350238761, -1.0847522644360905, -0.7843271571308098, -0.4816968469616773, -0.6730677653240332, -0.20739039646885235, 0.08148830977967776, 0.32238285058441285, -0.6891564136839592, -0.18515016405789253, 0.14070519020621128, 0.40486731231819784, -0.7579951653369925, -0.29849099037292187, 0.0, 0.23933753233798694, -0.8702697220723524, -0.5236473879183373, -0.2984991655955643, -0.09287828969432584], [-1.926755256394133, -1.6864498825767495, -1.324089796774077, -1.0236646894687964, -0.7210343792996642, -0.9124052976620207, -0.44672792880683937, -0.15784922255830916, 0.0830453182464261, -0.9284939460219467, -0.42448769639587947, -0.09863234213177562, 0.16552977998021087, -0.9973326976749799, -0.5378285227109086, -0.23933753233798694, 0.0, -1.10960725441034, -0.7629849202563244, -0.5378366979335509, -0.33221582203231265], [-0.8171480019837931, -0.5768426281664093, -0.21448254236373798, 0.08594256494154269, 0.38857287511067495, 0.1972019567483189, 0.6628793256034998, 0.9517580318520307, 1.1926525726567663, 0.18111330838839287, 0.6851195580144598, 1.0109749122785638, 1.2751370343905495, 0.11227455673535988, 0.5717787316994307, 0.8702697220723524, 1.10960725441034, 0.0, 0.34662233415401494, 0.5717705564767883, 0.7773914323780268], [-1.163770336137808, -0.9234649623204245, -0.561104876517753, -0.26067976921247227, 0.041950540956660086, -0.14942037740569603, 0.31625699144948505, 0.6051356976980157, 0.8460302385027505, -0.165509025765622, 0.3384972238604449, 0.6643525781245486, 0.9285147002365349, -0.23434777741865503, 0.22515639754541586, 0.5236473879183373, 0.7629849202563244, -0.34662233415401494, 0.0, 0.2251482223227734, 0.4307690982240115], [-1.388918558460581, -1.1486131846431982, -0.7862530988405265, -0.4858279915352457, -0.18319768136611325, -0.3745685997284693, 0.09110876912671179, 0.3799874753752418, 0.6208820161799773, -0.39065724808839525, 0.11334900153767162, 0.4392043558017755, 0.7033664779137616, -0.4594959997414284, 8.175222642453038e-06, 0.2984991655955643, 0.5378366979335509, -0.5717705564767883, -0.2251482223227734, 0.0, 0.20562087590123831], [-1.5945394343618187, -1.3542340605444354, -0.9918739747417646, -0.6914488674364837, -0.3888185572673515, -0.5801894756297078, -0.11451210677452645, 0.17436659947400354, 0.4152611402787389, -0.596278123989634, -0.09227187436356667, 0.23358347990053718, 0.49774560201252405, -0.6651168756426665, -0.20561270067859586, 0.09287828969432584, 0.33221582203231265, -0.7773914323780268, -0.4307690982240115, -0.20562087590123831, 0.0]]]