[[[0.0, -0.4120396415896568, -0.601640001430761, -0.5510959799526318, -0.3836057534805469, -0.36637092281319333, -0.38218459535640426, -0.37984149665488914, -0.36334530413100213, -0.14087462610868123, -0.14993792605509756, -0.1495345652257123, -0.1629752119419338, 0.06000387338855821, 0.06071911903327006, 0.05887650824435459, 0.06461471824732139, 0.2583106136354243, 0.25456022565813774, 0.26594311984312224, 0.27939551532028006], [0.4120396415896568, 0.0, -0.18960035984110404, -0.1390563383629752, 0.028433888109109854, 0.04566871877646334, 0.029855046233252653, 0.03219814493476759, 0.04869433745865471, 0.2711650154809754, 0.2621017155345592, 0.26250507636394443, 0.249064429647723, 0.4720435149782148, 0.47275876062292693, 0.4709161498340116, 0.4766543598369782, 0.670350255225081, 0.6665998672477949, 0.6779827614327791, 0.6914351569099366], [0.601640001430761, 0.18960035984110404, 0.0, 0.05054402147812903, 0.218034247950214, 0.23526907861756752, 0.2194554060743568, 0.22179850477587165, 0.23829469729975883, 0.4607653753220795, 0.45170207537566304, 0.4521054362050485, 0.4386647894888271, 0.6616438748193193, 0.6623591204640311, 0.6605165096751154, 0.6662547196780824, 0.8599506150661854, 0.8562002270888991, 0.8675831212738834, 0.8810355167510412], [0.5510959799526318, 0.1390563383629752, -0.05054402147812903, 0.0, 0.16749022647208495, 0.18472505713943854, 0.16891138459622781, 0.17125448329774276, 0.18775067582163, 0.4102213538439506, 0.4011580538975343, 0.4015614147269195, 0.3881207680106982, 0.61109985334119, 0.611815098985902, 0.6099724881969866, 0.615710698199953, 0.8094065935880563, 0.8056562056107697, 0.8170390997957544, 0.8304914952729118], [0.3836057534805469, -0.028433888109109854, -0.218034247950214, -0.16749022647208495, 0.0, 0.017234830667353495, 0.001421158124142816, 0.0037642568256577467, 0.02026044934954485, 0.24273112737186558, 0.2336678274254492, 0.23407118825483444, 0.22063054153861297, 0.4436096268691051, 0.4443248725138171, 0.4424822617249014, 0.4482204717278682, 0.6419163671159711, 0.6381659791386847, 0.6495488733236688, 0.6630012688008273], [0.36637092281319333, -0.04566871877646334, -0.23526907861756752, -0.18472505713943854, -0.017234830667353495, 0.0, -0.01581367254321068, -0.01347057384169574, 0.0030256186821913614, 0.22549629670451193, 0.21643299675809566, 0.216836357587481, 0.20339571087125966, 0.4263747962017516, 0.4270900418464634, 0.42524743105754786, 0.4309856410605147, 0.6246815364486177, 0.6209311484713309, 0.6323140426563155, 0.6457664381334736], [0.38218459535640426, -0.029855046233252653, -0.2194554060743568, -0.16891138459622781, -0.001421158124142816, 0.01581367254321068, 0.0, 0.0023430987015149317, 0.018839291225402028, 0.24130996924772272, 0.23224666930130639, 0.23265003013069163, 0.2192093834144702, 0.4421884687449624, 0.4429037143896742, 0.4410611036007585, 0.4467993136037254, 0.6404952089918281, 0.6367448210145417, 0.6481277151995262, 0.6615801106766842], [0.37984149665488914, -0.03219814493476759, -0.22179850477587165, -0.17125448329774276, -0.0037642568256577467, 0.01347057384169574, -0.0023430987015149317, 0.0, 0.016496192523887104, 0.23896687054620774, 0.22990357059979138, 0.23030693142917666, 0.21686628471295524, 0.4398453700434473, 0.4405606156881592, 0.4387180048992436, 0.4444562149022104, 0.6381521102903133, 0.6344017223130268, 0.6457846164980114, 0.6592370119751692], [0.36334530413100213, -0.04869433745865471, -0.23829469729975883, -0.18775067582163, -0.02026044934954485, -0.0030256186821913614, -0.018839291225402028, -0.016496192523887104, 0.0, 0.22247067802232073, 0.2134073780759044, 0.21381073890528962, 0.2003700921890682, 0.42334917751956036, 0.4240644231642722, 0.4222218123753567, 0.4279600223783235, 0.6216559177664264, 0.61790552978914, 0.6292884239741243, 0.6427408194512819], [0.14087462610868123, -0.2711650154809754, -0.4607653753220795, -0.4102213538439506, -0.24273112737186558, -0.22549629670451193, -0.24130996924772272, -0.23896687054620774, -0.22247067802232073, 0.0, -0.00906329994641633, -0.008659939117031069, -0.0221005858332525, 0.20087849949723957, 0.20159374514195139, 0.19975113435303593, 0.20548934435600263, 0.39918523974410547, 0.395434851766819, 0.4068177459518034, 0.4202701414289614], [0.14993792605509756, -0.2621017155345592, -0.45170207537566304, -0.4011580538975343, -0.2336678274254492, -0.21643299675809566, -0.23224666930130639, -0.22990357059979138, -0.2134073780759044, 0.00906329994641633, 0.0, 0.0004033608293852548, -0.013037285886836184, 0.20994179944365596, 0.2106570450883677, 0.20881443429945235, 0.21455264430241897, 0.4082485396905217, 0.4044981517132353, 0.4158810458982199, 0.42933344137537766], [0.1495345652257123, -0.26250507636394443, -0.4521054362050485, -0.4015614147269195, -0.23407118825483444, -0.216836357587481, -0.23265003013069163, -0.23030693142917666, -0.21381073890528962, 0.008659939117031069, -0.0004033608293852548, 0.0, -0.013440646716221439, 0.2095384386142706, 0.2102536842589824, 0.20841107347006693, 0.2141492834730337, 0.4078451788611365, 0.4040947908838502, 0.4154776850688345, 0.4289300805459926], [0.1629752119419338, -0.249064429647723, -0.4386647894888271, -0.3881207680106982, -0.22063054153861297, -0.20339571087125966, -0.2192093834144702, -0.21686628471295524, -0.2003700921890682, 0.0221005858332525, 0.013037285886836184, 0.013440646716221439, 0.0, 0.2229790853304921, 0.2236943309752039, 0.2218517201862883, 0.22758993018925516, 0.42128582557735794, 0.4175354376000714, 0.428918331785056, 0.442370727262214], [-0.06000387338855821, -0.4720435149782148, -0.6616438748193193, -0.61109985334119, -0.4436096268691051, -0.4263747962017516, -0.4421884687449624, -0.4398453700434473, -0.42334917751956036, -0.20087849949723957, -0.20994179944365596, -0.2095384386142706, -0.2229790853304921, 0.0, 0.000715245644711833, -0.0011273651442036093, 0.004610844858763158, 0.19830674024686604, 0.1945563522695796, 0.20593924645456405, 0.21939164193172178], [-0.06071911903327006, -0.47275876062292693, -0.6623591204640311, -0.611815098985902, -0.4443248725138171, -0.4270900418464634, -0.4429037143896742, -0.4405606156881592, -0.4240644231642722, -0.20159374514195139, -0.2106570450883677, -0.2102536842589824, -0.2236943309752039, -0.000715245644711833, 0.0, -0.0018426107889154466, 0.003895599214051326, 0.19759149460215414, 0.19384110662486773, 0.20522400080985215, 0.21867639628701002], [-0.05887650824435459, -0.4709161498340116, -0.6605165096751154, -0.6099724881969866, -0.4424822617249014, -0.42524743105754786, -0.4410611036007585, -0.4387180048992436, -0.4222218123753567, -0.19975113435303593, -0.20881443429945235, -0.20841107347006693, -0.2218517201862883, 0.0011273651442036093, 0.0018426107889154466, 0.0, 0.005738210002966772, 0.19943410539106965, 0.19568371741378307, 0.20706661159876766, 0.22051900707592542], [-0.06461471824732139, -0.4766543598369782, -0.6662547196780824, -0.615710698199953, -0.4482204717278682, -0.4309856410605147, -0.4467993136037254, -0.4444562149022104, -0.4279600223783235, -0.20548934435600263, -0.21455264430241897, -0.2141492834730337, -0.22758993018925516, -0.004610844858763158, -0.003895599214051326, -0.005738210002966772, 0.0, 0.19369589538810283, 0.18994550741081653, 0.20132840159580084, 0.2147807970729588], [-0.2583106136354243, -0.670350255225081, -0.8599506150661854, -0.8094065935880563, -0.6419163671159711, -0.6246815364486177, -0.6404952089918281, -0.6381521102903133, -0.6216559177664264, -0.39918523974410547, -0.4082485396905217, -0.4078451788611365, -0.42128582557735794, -0.19830674024686604, -0.19759149460215414, -0.19943410539106965, -0.19369589538810283, 0.0, -0.0037503879772864406, 0.007632506207697986, 0.021084901684855863], [-0.25456022565813774, -0.6665998672477949, -0.8562002270888991, -0.8056562056107697, -0.6381659791386847, -0.6209311484713309, -0.6367448210145417, -0.6344017223130268, -0.61790552978914, -0.395434851766819, -0.4044981517132353, -0.4040947908838502, -0.4175354376000714, -0.1945563522695796, -0.19384110662486773, -0.19568371741378307, -0.18994550741081653, 0.0037503879772864406, 0.0, 0.011382894184984428, 0.024835289662142306], [-0.26594311984312224, -0.6779827614327791, -0.8675831212738834, -0.8170390997957544, -0.6495488733236688, -0.6323140426563155, -0.6481277151995262, -0.6457846164980114, -0.6292884239741243, -0.4068177459518034, -0.4158810458982199, -0.4154776850688345, -0.428918331785056, -0.20593924645456405, -0.20522400080985215, -0.20706661159876766, -0.20132840159580084, -0.007632506207697986, -0.011382894184984428, 0.0, 0.013452395477157875], [-0.27939551532028006, -0.6914351569099366, -0.8810355167510412, -0.8304914952729118, -0.6630012688008273, -0.6457664381334736, -0.6615801106766842, -0.6592370119751692, -0.6427408194512819, -0.4202701414289614, -0.42933344137537766, -0.4289300805459926, -0.442370727262214, -0.21939164193172178, -0.21867639628701002, -0.22051900707592542, -0.2147807970729588, -0.021084901684855863, -0.024835289662142306, -0.013452395477157875, 0.0]], [[0.0, 0.2749731609402579, 0.5755859553333158, 0.8352221132685438, 1.030878191841112, 0.9660101209562966, 1.2900879683428912, 1.5056304276672126, 1.6559527945642167, 0.9898216516594583, 1.3527570241094187, 1.5750395638661678, 1.7413672030147733, 0.9862611625849297, 1.3259635219952783, 1.5338658817744202, 1.6935022202672922, 0.9365789706833145, 1.2440396419034825, 1.4245230995179186, 1.5847413212614712], [-0.2749731609402579, 0.0, 0.30061279439305794, 0.5602489523282852, 0.7559050309008536, 0.6910369600160392, 1.015114807402633, 1.2306572667269544, 1.3809796336239586, 0.7148484907192006, 1.0777838631691619, 1.30006640292591, 1.4663940420745158, 0.7112880016446721, 1.0509903610550204, 1.2588927208341623, 1.4185290593270345, 0.6616058097430565, 0.9690664809632246, 1.1495499385776597, 1.3097681603212132], [-0.5755859553333158, -0.30061279439305794, 0.0, 0.2596361579352277, 0.45529223650779593, 0.39042416562298077, 0.7145020130095753, 0.9300444723338964, 1.0803668392309005, 0.41423569632614254, 0.7771710687761038, 0.9994536085328518, 1.1657812476814575, 0.4106752072516137, 0.7503775666619629, 0.9582799264411038, 1.1179162649339773, 0.36099301534999884, 0.6684536865701665, 0.8489371441846018, 1.009155365928155], [-0.8352221132685438, -0.5602489523282852, -0.2596361579352277, 0.0, 0.1956560785725684, 0.13078800768775325, 0.4548658550743471, 0.6704083143986693, 0.8207306812956726, 0.1545995383909151, 0.517534910840876, 0.7398174505976246, 0.9061450897462296, 0.1510390493163863, 0.49074140872673494, 0.6986437685058762, 0.8582801069987497, 0.10135685741477127, 0.4088175286349392, 0.5893009862493743, 0.7495192079929279], [-1.030878191841112, -0.7559050309008536, -0.45529223650779593, -0.1956560785725684, 0.0, -0.06486807088481521, 0.2592097765017791, 0.4747522358261007, 0.6250746027231043, -0.04105654018165336, 0.32187883226830766, 0.5441613720250562, 0.7104890111736616, -0.044617029256182134, 0.2950853301541667, 0.5029876899333076, 0.6626240284261813, -0.09429922115779714, 0.21316145006237064, 0.39364490767680593, 0.5538631294203593], [-0.9660101209562966, -0.6910369600160392, -0.39042416562298077, -0.13078800768775325, 0.06486807088481521, 0.0, 0.3240778473865943, 0.5396203067109159, 0.6899426736079196, 0.02381153070316184, 0.3867469031531226, 0.6090294429098715, 0.7753570820584764, 0.020251041628633053, 0.3599534010389819, 0.567855760818123, 0.7274920993109969, -0.029431150272982008, 0.2780295209471859, 0.4585129785616211, 0.6187312003051747], [-1.2900879683428912, -1.015114807402633, -0.7145020130095753, -0.4548658550743471, -0.2592097765017791, -0.3240778473865943, 0.0, 0.21554245932432192, 0.3658648262213254, -0.30026631668343245, 0.06266905576652848, 0.28495159552327703, 0.4512792346718827, -0.3038268057579612, 0.03587555365238758, 0.24377791343152866, 0.40341425192440206, -0.35350899765957616, -0.046048326439408316, 0.13443513117502692, 0.2946533529185804], [-1.5056304276672126, -1.2306572667269544, -0.9300444723338964, -0.6704083143986693, -0.4747522358261007, -0.5396203067109159, -0.21554245932432192, 0.0, 0.15032236689700362, -0.5158087760077542, -0.15287340355779333, 0.0694091361989552, 0.23573677534756057, -0.519369265082283, -0.17966690567193438, 0.0282354541072069, 0.18787179260008038, -0.5690514569838979, -0.26159078576373024, -0.08110732814929492, 0.07911089359425855], [-1.6559527945642167, -1.3809796336239586, -1.0803668392309005, -0.8207306812956726, -0.6250746027231043, -0.6899426736079196, -0.3658648262213254, -0.15032236689700362, 0.0, -0.6661311429047576, -0.30319577045479695, -0.08091323069804833, 0.08541440845055703, -0.6696916319792865, -0.3299892725689378, -0.12208691278979668, 0.0375494257030768, -0.7193738238809014, -0.4119131526607336, -0.2314296950462984, -0.07121147330274505], [-0.9898216516594583, -0.7148484907192006, -0.41423569632614254, -0.1545995383909151, 0.04105654018165336, -0.02381153070316184, 0.30026631668343245, 0.5158087760077542, 0.6661311429047576, 0.0, 0.36293537244996094, 0.5852179122067096, 0.7515455513553145, -0.0035604890745287864, 0.33614187033581994, 0.5440442301149611, 0.7036805686078348, -0.05324268097614384, 0.25421799024402414, 0.43470144785845954, 0.5949196696020127], [-1.3527570241094187, -1.0777838631691619, -0.7771710687761038, -0.517534910840876, -0.32187883226830766, -0.3867469031531226, -0.06266905576652848, 0.15287340355779333, 0.30319577045479695, -0.36293537244996094, 0.0, 0.22228253975674858, 0.3886101789053539, -0.3664958615244896, -0.026793502114140923, 0.18110885766500032, 0.3407451961578737, -0.41617805342610464, -0.1087173822059368, 0.0717660754084984, 0.2319842971520519], [-1.5750395638661678, -1.30006640292591, -0.9994536085328518, -0.7398174505976246, -0.5441613720250562, -0.6090294429098715, -0.28495159552327703, -0.0694091361989552, 0.08091323069804833, -0.5852179122067096, -0.22228253975674858, 0.0, 0.1663276391486053, -0.5887784012812386, -0.24907604187088958, -0.04117368209174833, 0.11846265640112506, -0.6384605931828531, -0.33099992196268546, -0.1505164643482502, 0.009701757395303311], [-1.7413672030147733, -1.4663940420745158, -1.1657812476814575, -0.9061450897462296, -0.7104890111736616, -0.7753570820584764, -0.4512792346718827, -0.23573677534756057, -0.08541440845055703, -0.7515455513553145, -0.3886101789053539, -0.1663276391486053, 0.0, -0.7551060404298436, -0.4154036810194949, -0.20750132124035364, -0.04786498274748021, -0.8047882323314584, -0.497327561111291, -0.31684410349685554, -0.156625881753302], [-0.9862611625849297, -0.7112880016446721, -0.4106752072516137, -0.1510390493163863, 0.044617029256182134, -0.020251041628633053, 0.3038268057579612, 0.519369265082283, 0.6696916319792865, 0.0035604890745287864, 0.3664958615244896, 0.5887784012812386, 0.7551060404298436, 0.0, 0.33970235941034865, 0.5476047191894898, 0.7072410576823634, -0.04968219190161505, 0.25777847931855297, 0.43826193693298826, 0.5984801586765416], [-1.3259635219952783, -1.0509903610550204, -0.7503775666619629, -0.49074140872673494, -0.2950853301541667, -0.3599534010389819, -0.03587555365238758, 0.17966690567193438, 0.3299892725689378, -0.33614187033581994, 0.026793502114140923, 0.24907604187088958, 0.4154036810194949, -0.33970235941034865, 0.0, 0.20790235977914132, 0.3675386982720148, -0.38938455131196364, -0.08192388009179591, 0.09855957752263937, 0.2587777992661928], [-1.5338658817744202, -1.2588927208341623, -0.9582799264411038, -0.6986437685058762, -0.5029876899333076, -0.567855760818123, -0.24377791343152866, -0.0282354541072069, 0.12208691278979668, -0.5440442301149611, -0.18110885766500032, 0.04117368209174833, 0.20750132124035364, -0.5476047191894898, -0.20790235977914132, 0.0, 0.15963633849287345, -0.5972869110911052, -0.2898262398709371, -0.1093427822565018, 0.05087543948705164], [-1.6935022202672922, -1.4185290593270345, -1.1179162649339773, -0.8582801069987497, -0.6626240284261813, -0.7274920993109969, -0.40341425192440206, -0.18787179260008038, -0.0375494257030768, -0.7036805686078348, -0.3407451961578737, -0.11846265640112506, 0.04786498274748021, -0.7072410576823634, -0.3675386982720148, -0.15963633849287345, 0.0, -0.7569232495839786, -0.4494625783638106, -0.2689791207493753, -0.10876089900582177], [-0.9365789706833145, -0.6616058097430565, -0.36099301534999884, -0.10135685741477127, 0.09429922115779714, 0.029431150272982008, 0.35350899765957616, 0.5690514569838979, 0.7193738238809014, 0.05324268097614384, 0.41617805342610464, 0.6384605931828531, 0.8047882323314584, 0.04968219190161505, 0.38938455131196364, 0.5972869110911052, 0.7569232495839786, 0.0, 0.307460671220168, 0.48794412883460325, 0.6481623505781567], [-1.2440396419034825, -0.9690664809632246, -0.6684536865701665, -0.4088175286349392, -0.21316145006237064, -0.2780295209471859, 0.046048326439408316, 0.26159078576373024, 0.4119131526607336, -0.25421799024402414, 0.1087173822059368, 0.33099992196268546, 0.497327561111291, -0.25777847931855297, 0.08192388009179591, 0.2898262398709371, 0.4494625783638106, -0.307460671220168, 0.0, 0.18048345761443524, 0.34070167935798856], [-1.4245230995179186, -1.1495499385776597, -0.8489371441846018, -0.5893009862493743, -0.39364490767680593, -0.4585129785616211, -0.13443513117502692, 0.08110732814929492, 0.2314296950462984, -0.43470144785845954, -0.0717660754084984, 0.1505164643482502, 0.31684410349685554, -0.43826193693298826, -0.09855957752263937, 0.1093427822565018, 0.2689791207493753, -0.48794412883460325, -0.18048345761443524, 0.0, 0.1602182217435535], [-1.5847413212614712, -1.3097681603212132, -1.009155365928155, -0.7495192079929279, -0.5538631294203593, -0.6187312003051747, -0.2946533529185804, -0.07911089359425855, 0.07121147330274505, -0.5949196696020127, -0.2319842971520519, -0.009701757395303311, 0.156625881753302, -0.5984801586765416, -0.2587777992661928, -0.05087543948705164, 0.10876089900582177, -0.6481623505781567, -0.34070167935798856, -0.1602182217435535, 0.0]]]