[[[0.0, -0.20361253416113503, -0.21405761172584337, -0.10011374419009185, 0.024883001827304227, -0.2177057055194432, -0.24770762581094888, -0.13398173137126004, 0.0043839745710212005, 0.004448234119007358, 0.04068152978432596, 0.14595234519254585, 0.24316008575722656, 0.21143112602384168, 0.27980258622789417, 0.35916735337401456, 0.4157189820622852, 0.41094955533169736, 0.4736644737605654, 0.5387868537761953, 0.5783047131551031], [0.20361253416113503, 0.0, -0.010445077564708392, 0.10349878997104323, 0.22849553598843925, -0.01409317135830827, -0.044095091649813914, 0.06963080278987495, 0.20799650873215622, 0.20806076828014242, 0.244294063945461, 0.3495648793536807, 0.4467726199183617, 0.41504366018497696, 0.4834151203890291, 0.5627798875351494, 0.6193315162234202, 0.6145620894928319, 0.6772770079217005, 0.7423993879373303, 0.7819172473162381], [0.21405761172584337, 0.010445077564708392, 0.0, 0.11394386753575152, 0.2389406135531476, -0.00364809379359988, -0.033650014085105526, 0.08007588035458331, 0.21844158629686464, 0.2185058458448508, 0.2547391415101694, 0.3600099569183892, 0.4572176974830701, 0.4254887377496853, 0.4938601979537377, 0.5732249650998579, 0.6297765937881287, 0.6250071670575404, 0.6877220854864088, 0.7528444655020387, 0.7923623248809464], [0.10011374419009185, -0.10349878997104323, -0.11394386753575152, 0.0, 0.12499674601739605, -0.1175919613293514, -0.14759388162085704, -0.0338679871811682, 0.10449771876111306, 0.1045619783090992, 0.1407952739744178, 0.24606608938263771, 0.3432738299473186, 0.31154487021393346, 0.37991633041798634, 0.45928109756410634, 0.5158327262523772, 0.5110632995217891, 0.5737782179506568, 0.638900597966287, 0.6784184573451951], [-0.024883001827304227, -0.22849553598843925, -0.2389406135531476, -0.12499674601739605, 0.0, -0.24258870734674748, -0.27259062763825315, -0.1588647331985643, -0.020499027256283026, -0.020434767708296876, 0.01579852795702173, 0.12106934336524164, 0.2182770839299224, 0.18654812419653738, 0.2549195844005901, 0.33428435154671005, 0.390835980234981, 0.3860665535043931, 0.4487814719332608, 0.513903851948891, 0.5534217113277989], [0.2177057055194432, 0.01409317135830827, 0.00364809379359988, 0.1175919613293514, 0.24258870734674748, 0.0, -0.030001920291505644, 0.08372397414818318, 0.22208968009046445, 0.2221539396384507, 0.2583872353037692, 0.36365805071198926, 0.4608657912766701, 0.4291368315432851, 0.4975082917473375, 0.5768730588934577, 0.6334246875817284, 0.6286552608511405, 0.6913701792800088, 0.7564925592956386, 0.7960104186745468], [0.24770762581094888, 0.044095091649813914, 0.033650014085105526, 0.14759388162085704, 0.27259062763825315, 0.030001920291505644, 0.0, 0.1137258944396888, 0.25209160038197, 0.25215585992995626, 0.28838915559527484, 0.3936599710034951, 0.4908677115681758, 0.4591387518347906, 0.5275102120388431, 0.606874979184963, 0.6634266078732343, 0.6586571811426459, 0.7213720995715147, 0.7864944795871448, 0.8260123389660524], [0.13398173137126004, -0.06963080278987495, -0.08007588035458331, 0.0338679871811682, 0.1588647331985643, -0.08372397414818318, -0.1137258944396888, 0.0, 0.1383657059422813, 0.13842996549026745, 0.17466326115558606, 0.2799340765638058, 0.3771418171284865, 0.3454128573951018, 0.4137843175991543, 0.49314908474527447, 0.549700713433545, 0.5449312867029574, 0.6076462051318252, 0.6727685851474553, 0.7122864445263634], [-0.0043839745710212005, -0.20799650873215622, -0.21844158629686464, -0.10449771876111306, 0.020499027256283026, -0.22208968009046445, -0.25209160038197, -0.1383657059422813, 0.0, 6.425954798615325e-05, 0.03629755521330475, 0.14156837062152466, 0.23877611118620554, 0.20704715145282052, 0.27541861165687304, 0.3547833788029934, 0.41133500749126384, 0.40656558076067595, 0.46928049918954395, 0.5344028792051738, 0.5739207385840819], [-0.004448234119007358, -0.20806076828014242, -0.2185058458448508, -0.1045619783090992, 0.020434767708296876, -0.2221539396384507, -0.25215585992995626, -0.13842996549026745, -6.425954798615325e-05, 0.0, 0.03623329566531858, 0.1415041110735385, 0.23871185163821923, 0.2069828919048342, 0.27535435210888676, 0.35471911925500715, 0.4112707479432778, 0.4065013212126899, 0.469216239641558, 0.5343386196571882, 0.5738564790360957], [-0.04068152978432596, -0.244294063945461, -0.2547391415101694, -0.1407952739744178, -0.01579852795702173, -0.2583872353037692, -0.28838915559527484, -0.17466326115558606, -0.03629755521330475, -0.03623329566531858, 0.0, 0.10527081540821984, 0.20247855597290065, 0.1707495962395157, 0.23912105644356835, 0.31848582358968835, 0.37503745227795926, 0.37026802554737126, 0.4329829439762392, 0.4981053239918694, 0.5376231833707772], [-0.14595234519254585, -0.3495648793536807, -0.3600099569183892, -0.24606608938263771, -0.12106934336524164, -0.36365805071198926, -0.3936599710034951, -0.2799340765638058, -0.14156837062152466, -0.1415041110735385, -0.10527081540821984, 0.0, 0.09720774056468078, 0.06547878083129575, 0.1338502410353483, 0.21321500818146855, 0.2697666368697391, 0.2649972101391514, 0.3277121285680193, 0.3928345085836494, 0.43235236796255727], [-0.24316008575722656, -0.4467726199183617, -0.4572176974830701, -0.3432738299473186, -0.2182770839299224, -0.4608657912766701, -0.4908677115681758, -0.3771418171284865, -0.23877611118620554, -0.23871185163821923, -0.20247855597290065, -0.09720774056468078, 0.0, -0.03172895973338505, 0.03664250047066755, 0.11600726761678773, 0.1725588963050583, 0.16778946957447047, 0.23050438800333858, 0.29562676801896853, 0.33514462739787654], [-0.21143112602384168, -0.41504366018497696, -0.4254887377496853, -0.31154487021393346, -0.18654812419653738, -0.4291368315432851, -0.4591387518347906, -0.3454128573951018, -0.20704715145282052, -0.2069828919048342, -0.1707495962395157, -0.06547878083129575, 0.03172895973338505, 0.0, 0.06837146020405259, 0.14773622735017278, 0.20428785603844346, 0.19951842930785552, 0.2622333477367236, 0.3273557277523536, 0.3668735871312614], [-0.27980258622789417, -0.4834151203890291, -0.4938601979537377, -0.37991633041798634, -0.2549195844005901, -0.4975082917473375, -0.5275102120388431, -0.4137843175991543, -0.27541861165687304, -0.27535435210888676, -0.23912105644356835, -0.1338502410353483, -0.03664250047066755, -0.06837146020405259, 0.0, 0.07936476714612015, 0.13591639583439072, 0.1311469691038029, 0.19386188753267095, 0.258984267548301, 0.2985021269272089], [-0.35916735337401456, -0.5627798875351494, -0.5732249650998579, -0.45928109756410634, -0.33428435154671005, -0.5768730588934577, -0.606874979184963, -0.49314908474527447, -0.3547833788029934, -0.35471911925500715, -0.31848582358968835, -0.21321500818146855, -0.11600726761678773, -0.14773622735017278, -0.07936476714612015, 0.0, 0.056551628688270655, 0.05178220195768279, 0.11449712038655084, 0.1796195004021809, 0.21913735978108861], [-0.4157189820622852, -0.6193315162234202, -0.6297765937881287, -0.5158327262523772, -0.390835980234981, -0.6334246875817284, -0.6634266078732343, -0.549700713433545, -0.41133500749126384, -0.4112707479432778, -0.37503745227795926, -0.2697666368697391, -0.1725588963050583, -0.20428785603844346, -0.13591639583439072, -0.056551628688270655, 0.0, -0.004769426730587908, 0.05794549169828013, 0.12306787171391016, 0.16258573109281801], [-0.41094955533169736, -0.6145620894928319, -0.6250071670575404, -0.5110632995217891, -0.3860665535043931, -0.6286552608511405, -0.6586571811426459, -0.5449312867029574, -0.40656558076067595, -0.4065013212126899, -0.37026802554737126, -0.2649972101391514, -0.16778946957447047, -0.19951842930785552, -0.1311469691038029, -0.05178220195768279, 0.004769426730587908, 0.0, 0.06271491842886802, 0.12783729844449807, 0.16735515782340596], [-0.4736644737605654, -0.6772770079217005, -0.6877220854864088, -0.5737782179506568, -0.4487814719332608, -0.6913701792800088, -0.7213720995715147, -0.6076462051318252, -0.46928049918954395, -0.469216239641558, -0.4329829439762392, -0.3277121285680193, -0.23050438800333858, -0.2622333477367236, -0.19386188753267095, -0.11449712038655084, -0.05794549169828013, -0.06271491842886802, 0.0, 0.06512238001562999, 0.10464023939453786], [-0.5387868537761953, -0.7423993879373303, -0.7528444655020387, -0.638900597966287, -0.513903851948891, -0.7564925592956386, -0.7864944795871448, -0.6727685851474553, -0.5344028792051738, -0.5343386196571882, -0.4981053239918694, -0.3928345085836494, -0.29562676801896853, -0.3273557277523536, -0.258984267548301, -0.1796195004021809, -0.12306787171391016, -0.12783729844449807, -0.06512238001562999, 0.0, 0.03951785937890785], [-0.5783047131551031, -0.7819172473162381, -0.7923623248809464, -0.6784184573451951, -0.5534217113277989, -0.7960104186745468, -0.8260123389660524, -0.7122864445263634, -0.5739207385840819, -0.5738564790360957, -0.5376231833707772, -0.43235236796255727, -0.33514462739787654, -0.3668735871312614, -0.2985021269272089, -0.21913735978108861, -0.16258573109281801, -0.16735515782340596, -0.10464023939453786, -0.03951785937890785, 0.0]], [[0.0, 0.38707178669257963, 0.7552350411843052, 0.9829749785683708, 1.1097065505816301, 0.9903645411806449, 1.2611295245995047, 1.3711129898877377, 1.394563814704881, 0.99961871563515, 1.2713634280946056, 1.3868527636820696, 1.3933834120086943, 0.9458051437467457, 1.20775906544536, 1.318572340505369, 1.333481878841915, 0.8295916238747455, 1.0526519568124046, 1.1677238132693912, 1.2183095706771245], [-0.38707178669257963, 0.0, 0.3681632544917259, 0.5959031918757912, 0.7226347638890499, 0.6032927544880651, 0.8740577379069259, 0.9840412031951586, 1.0074920280123016, 0.6125469289425707, 0.8842916414020263, 0.9997809769894904, 1.0063116253161144, 0.5587333570541663, 0.820687278752781, 0.9315005538127895, 0.9464100921493354, 0.4425198371821655, 0.6655801701198254, 0.7806520265768109, 0.8312377839845452], [-0.7552350411843052, -0.3681632544917259, 0.0, 0.2277399373840655, 0.3544715093973246, 0.23512949999633936, 0.5058944834152, 0.6158779487034335, 0.639328773520576, 0.24438367445084513, 0.5161283869103005, 0.6316177224977648, 0.6381483708243885, 0.19057010256244042, 0.4525240242610549, 0.5633372993210635, 0.5782468376576098, 0.07435658269043997, 0.29741691562809963, 0.41248877208508583, 0.4630745294928195], [-0.9829749785683708, -0.5959031918757912, -0.2277399373840655, 0.0, 0.12673157201325896, 0.007389562612273882, 0.27815454603113443, 0.38813801131936776, 0.4115888361365104, 0.016643737066779563, 0.288388449526235, 0.4038777851136994, 0.4104084334403233, -0.03716983482162507, 0.22478408687698956, 0.33559736193699796, 0.35050690027354425, -0.15338335469362546, 0.06967697824403418, 0.18474883470102024, 0.23533459210875388], [-1.1097065505816301, -0.7226347638890499, -0.3544715093973246, -0.12673157201325896, 0.0, -0.11934200940098508, 0.15142297401787552, 0.26140643930610885, 0.28485726412325135, -0.11008783494647943, 0.16165687751297594, 0.2771462131004405, 0.28367686142706444, -0.163901406834884, 0.09805251486373061, 0.20886578992373894, 0.22377532826028532, -0.2801149267068843, -0.057054593769224796, 0.058017262687761216, 0.10860302009549488], [-0.9903645411806449, -0.6032927544880651, -0.23512949999633936, -0.007389562612273882, 0.11934200940098508, 0.0, 0.27076498341886057, 0.3807484487070939, 0.4041992735242364, 0.009254174454505682, 0.280998886913961, 0.39648822250142557, 0.4030188708280494, -0.044559397433898924, 0.2173945242647157, 0.32820779932472405, 0.3431173376612704, -0.16077291730589924, 0.06228741563176029, 0.17735927208874627, 0.22794502949648002], [-1.2611295245995047, -0.8740577379069259, -0.5058944834152, -0.27815454603113443, -0.15142297401787552, -0.27076498341886057, 0.0, 0.10998346528823326, 0.1334342901053758, -0.26151080896435497, 0.010233903495100402, 0.12572323908256497, 0.1322538874091887, -0.3153243808527595, -0.05337045915414491, 0.0574428159058634, 0.07235235424240977, -0.4315379007247602, -0.20847756778710036, -0.09340571133011434, -0.042819953922380666], [-1.3711129898877377, -0.9840412031951586, -0.6158779487034335, -0.38813801131936776, -0.26140643930610885, -0.3807484487070939, -0.10998346528823326, 0.0, 0.023450824817142578, -0.3714942742525883, -0.09974956179313288, 0.01573977379433172, 0.022270422120955494, -0.4253078461409929, -0.16335392444237812, -0.05254064938236987, -0.03763111104582349, -0.5415213660129933, -0.31846103307533347, -0.2033891766183476, -0.15280341921061388], [-1.394563814704881, -1.0074920280123016, -0.639328773520576, -0.4115888361365104, -0.28485726412325135, -0.4041992735242364, -0.1334342901053758, -0.023450824817142578, 0.0, -0.3949450990697309, -0.12320038661027544, -0.007711051022810866, -0.0011804026961870849, -0.4487586709581354, -0.18680474925952073, -0.07599147419951245, -0.061081935862966036, -0.5649721908301357, -0.34191185789247625, -0.22684000143549013, -0.17625424402775644], [-0.99961871563515, -0.6125469289425707, -0.24438367445084513, -0.016643737066779563, 0.11008783494647943, -0.009254174454505682, 0.26151080896435497, 0.3714942742525883, 0.3949450990697309, 0.0, 0.27174471245945525, 0.3872340480469201, 0.3937646963735439, -0.05381357188840462, 0.2081403498102101, 0.31895362487021833, 0.3338631632067648, -0.170027091760405, 0.053033241177254595, 0.16810509763424064, 0.21869085504197436], [-1.2713634280946056, -0.8842916414020263, -0.5161283869103005, -0.288388449526235, -0.16165687751297594, -0.280998886913961, -0.010233903495100402, 0.09974956179313288, 0.12320038661027544, -0.27174471245945525, 0.0, 0.11548933558746455, 0.12201998391408836, -0.32555828434786, -0.0636043626492453, 0.04720891241076299, 0.0621184507473094, -0.4417718042198605, -0.2187114712822007, -0.1036396148252147, -0.053053857417481066], [-1.3868527636820696, -0.9997809769894904, -0.6316177224977648, -0.4038777851136994, -0.2771462131004405, -0.39648822250142557, -0.12572323908256497, -0.01573977379433172, 0.007711051022810866, -0.3872340480469201, -0.11548933558746455, 0.0, 0.0065306483266237845, -0.4410476199353248, -0.1790936982367099, -0.06828042317670159, -0.053370884840155224, -0.5572611398073252, -0.33420080686966536, -0.21912895041267938, -0.16854319300494566], [-1.3933834120086943, -1.0063116253161144, -0.6381483708243885, -0.4104084334403233, -0.28367686142706444, -0.4030188708280494, -0.1322538874091887, -0.022270422120955494, 0.0011804026961870849, -0.3937646963735439, -0.12201998391408836, -0.0065306483266237845, 0.0, -0.44757826826194846, -0.1856243465633337, -0.07481107150332535, -0.05990153316677899, -0.5637917881339487, -0.3407314551962892, -0.22565959873930308, -0.17507384133156945], [-0.9458051437467457, -0.5587333570541663, -0.19057010256244042, 0.03716983482162507, 0.163901406834884, 0.044559397433898924, 0.3153243808527595, 0.4253078461409929, 0.4487586709581354, 0.05381357188840462, 0.32555828434786, 0.4410476199353248, 0.44757826826194846, 0.0, 0.2619539216986147, 0.3727671967586231, 0.3876767350951693, -0.11621351987200042, 0.10684681306565925, 0.22191866952264533, 0.27250442693037885], [-1.20775906544536, -0.820687278752781, -0.4525240242610549, -0.22478408687698956, -0.09805251486373061, -0.2173945242647157, 0.05337045915414491, 0.16335392444237812, 0.18680474925952073, -0.2081403498102101, 0.0636043626492453, 0.1790936982367099, 0.1856243465633337, -0.2619539216986147, 0.0, 0.11081327506000829, 0.1257228133965547, -0.37816744157061516, -0.15510710863295543, -0.04003525217596941, 0.010550505231764245], [-1.318572340505369, -0.9315005538127895, -0.5633372993210635, -0.33559736193699796, -0.20886578992373894, -0.32820779932472405, -0.0574428159058634, 0.05254064938236987, 0.07599147419951245, -0.31895362487021833, -0.04720891241076299, 0.06828042317670159, 0.07481107150332535, -0.3727671967586231, -0.11081327506000829, 0.0, 0.014909538336546372, -0.4889807166306233, -0.26592038369296367, -0.1508485272359777, -0.10026276982824406], [-1.333481878841915, -0.9464100921493354, -0.5782468376576098, -0.35050690027354425, -0.22377532826028532, -0.3431173376612704, -0.07235235424240977, 0.03763111104582349, 0.061081935862966036, -0.3338631632067648, -0.0621184507473094, 0.053370884840155224, 0.05990153316677899, -0.3876767350951693, -0.1257228133965547, -0.014909538336546372, 0.0, -0.5038902549671698, -0.28082992202951007, -0.1657580655725241, -0.11517230816479039], [-0.8295916238747455, -0.4425198371821655, -0.07435658269043997, 0.15338335469362546, 0.2801149267068843, 0.16077291730589924, 0.4315379007247602, 0.5415213660129933, 0.5649721908301357, 0.170027091760405, 0.4417718042198605, 0.5572611398073252, 0.5637917881339487, 0.11621351987200042, 0.37816744157061516, 0.4889807166306233, 0.5038902549671698, 0.0, 0.2230603329376597, 0.33813218939464545, 0.3887179468023793], [-1.0526519568124046, -0.6655801701198254, -0.29741691562809963, -0.06967697824403418, 0.057054593769224796, -0.06228741563176029, 0.20847756778710036, 0.31846103307533347, 0.34191185789247625, -0.053033241177254595, 0.2187114712822007, 0.33420080686966536, 0.3407314551962892, -0.10684681306565925, 0.15510710863295543, 0.26592038369296367, 0.28082992202951007, -0.2230603329376597, 0.0, 0.11507185645698602, 0.16565761386471972], [-1.1677238132693912, -0.7806520265768109, -0.41248877208508583, -0.18474883470102024, -0.058017262687761216, -0.17735927208874627, 0.09340571133011434, 0.2033891766183476, 0.22684000143549013, -0.16810509763424064, 0.1036396148252147, 0.21912895041267938, 0.22565959873930308, -0.22191866952264533, 0.04003525217596941, 0.1508485272359777, 0.1657580655725241, -0.33813218939464545, -0.11507185645698602, 0.0, 0.0505857574077337], [-1.2183095706771245, -0.8312377839845452, -0.4630745294928195, -0.23533459210875388, -0.10860302009549488, -0.22794502949648002, 0.042819953922380666, 0.15280341921061388, 0.17625424402775644, -0.21869085504197436, 0.053053857417481066, 0.16854319300494566, 0.17507384133156945, -0.27250442693037885, -0.010550505231764245, 0.10026276982824406, 0.11517230816479039, -0.3887179468023793, -0.16565761386471972, -0.0505857574077337, 0.0]]]