[[[0.0, 0.018866553614817705, 0.08705980767077709, 0.25873990226531207, 0.41699998287867485, -0.30351664245749044, -0.17731089454050064, 0.049433176440797394, 0.2516806173983348, -0.1403047597743462, 0.026489212974712708, 0.261799280980658, 0.44477610240721543, 0.02657441459899819, 0.17515210346001905, 0.39169040910032804, 0.5459653727983563, 0.1522305524464739, 0.29450346232455843, 0.4546973994623141, 0.5724198088691229], [-0.018866553614817705, 0.0, 0.06819325405595932, 0.23987334865049426, 0.39813342926385714, -0.32238319607230814, -0.1961774481553184, 0.03056662282597963, 0.23281406378351696, -0.15917131338916396, 0.007622659359894968, 0.24293272736584037, 0.42590954879239784, 0.007707860984180422, 0.15628554984520127, 0.3728238554855104, 0.5270988191835385, 0.13336399883165617, 0.27563690870974067, 0.4358308458474962, 0.553553255254305], [-0.08705980767077709, -0.06819325405595932, 0.0, 0.17168009459453493, 0.3299401752078977, -0.3905764501282675, -0.26437070221127773, -0.037626631229979696, 0.1646208097275576, -0.22736456744512323, -0.060570594696064343, 0.17473947330988104, 0.3577162947364386, -0.06048539307177883, 0.08809229578924199, 0.3046306014295512, 0.4589055651275792, 0.06517074477569683, 0.2074436546537813, 0.36763759179153704, 0.48536000119834605], [-0.25873990226531207, -0.23987334865049426, -0.17168009459453493, 0.0, 0.15826008061336283, -0.5622565447228023, -0.4360507968058126, -0.2093067258245146, -0.007059284866977227, -0.3990446620396583, -0.23225068929059936, 0.0030593787153461237, 0.1860362001419035, -0.23216548766631376, -0.08358779880529296, 0.1329505068350162, 0.28722547053304437, -0.10650934981883797, 0.035763560059246406, 0.1959574971970022, 0.3136799066038111], [-0.41699998287867485, -0.39813342926385714, -0.3299401752078977, -0.15826008061336283, 0.0, -0.7205166253361652, -0.5943108774191755, -0.36756680643787737, -0.16531936548034007, -0.5573047426530211, -0.39051076990396183, -0.15520070189801669, 0.027776119528540696, -0.39042556827967667, -0.2418478794186558, -0.025309573778346715, 0.1289653899196815, -0.26476943043220097, -0.12249652055411656, 0.037697416583639336, 0.15541982599044812], [0.30351664245749044, 0.32238319607230814, 0.3905764501282675, 0.5622565447228023, 0.7205166253361652, 0.0, 0.1262057479169897, 0.3529498188982879, 0.5551972598558252, 0.16321188268314424, 0.3300058554322029, 0.5653159234381486, 0.7482927448647061, 0.3300910570564885, 0.4786687459175093, 0.6952070515578187, 0.8494820152558467, 0.4557471949039641, 0.5980201047820486, 0.7582140419198045, 0.8759364513266129], [0.17731089454050064, 0.1961774481553184, 0.26437070221127773, 0.4360507968058126, 0.5943108774191755, -0.1262057479169897, 0.0, 0.2267440709812981, 0.4289915119388353, 0.03700613476615452, 0.20380010751521335, 0.4391101755211586, 0.6220869969477162, 0.2038853091394989, 0.35246299800051967, 0.5690013036408287, 0.7232762673388572, 0.32954144698697463, 0.4718143568650591, 0.6320082940028147, 0.7497307034096239], [-0.049433176440797394, -0.03056662282597963, 0.037626631229979696, 0.2093067258245146, 0.36756680643787737, -0.3529498188982879, -0.2267440709812981, 0.0, 0.20224744095753727, -0.1897379362151435, -0.02294396346608463, 0.21236610453986063, 0.39534292596641796, -0.0228587618417991, 0.12571892701922172, 0.34225723265953073, 0.49653219635755896, 0.10279737600567651, 0.24507028588376106, 0.4052642230215169, 0.5229866324283257], [-0.2516806173983348, -0.23281406378351696, -0.1646208097275576, 0.007059284866977227, 0.16531936548034007, -0.5551972598558252, -0.4289915119388353, -0.20224744095753727, 0.0, -0.39198537717268117, -0.22519140442362207, 0.01011866358232333, 0.1930954850088808, -0.22510620279933635, -0.07652851393831578, 0.14000979170199349, 0.2942847554000215, -0.09945006495186086, 0.04282284492622364, 0.20301678206397944, 0.32073919147078817], [0.1403047597743462, 0.15917131338916396, 0.22736456744512323, 0.3990446620396583, 0.5573047426530211, -0.16321188268314424, -0.03700613476615452, 0.1897379362151435, 0.39198537717268117, 0.0, 0.1667939727490589, 0.4021040407550043, 0.5850808621815616, 0.16687917437334437, 0.31545686323436517, 0.5319951688746745, 0.6862701325727026, 0.2925353122208201, 0.43480822209890446, 0.5950021592366602, 0.7127245686434687], [-0.026489212974712708, -0.007622659359894968, 0.060570594696064343, 0.23225068929059936, 0.39051076990396183, -0.3300058554322029, -0.20380010751521335, 0.02294396346608463, 0.22519140442362207, -0.1667939727490589, 0.0, 0.23531006800594528, 0.4182868894325027, 8.520162428550166e-05, 0.14866289048530634, 0.3652011961256154, 0.5194761598236437, 0.12574133947176117, 0.2680142493498457, 0.42820818648760145, 0.5459305958944103], [-0.261799280980658, -0.24293272736584037, -0.17473947330988104, -0.0030593787153461237, 0.15520070189801669, -0.5653159234381486, -0.4391101755211586, -0.21236610453986063, -0.01011866358232333, -0.4021040407550043, -0.23531006800594528, 0.0, 0.1829768214265574, -0.23522486638165988, -0.0866471775206391, 0.12989112811967005, 0.2841660918176982, -0.10956872853418417, 0.03270418134390032, 0.19289811848165608, 0.31062052788846484], [-0.44477610240721543, -0.42590954879239784, -0.3577162947364386, -0.1860362001419035, -0.027776119528540696, -0.7482927448647061, -0.6220869969477162, -0.39534292596641796, -0.1930954850088808, -0.5850808621815616, -0.4182868894325027, -0.1829768214265574, 0.0, -0.4182016878082175, -0.26962399894719646, -0.05308569330688739, 0.10118927039114078, -0.2925455499607418, -0.15027264008265712, 0.00992129705509865, 0.12764370646190745], [-0.02657441459899819, -0.007707860984180422, 0.06048539307177883, 0.23216548766631376, 0.39042556827967667, -0.3300910570564885, -0.2038853091394989, 0.0228587618417991, 0.22510620279933635, -0.16687917437334437, -8.520162428550166e-05, 0.23522486638165988, 0.4182016878082175, 0.0, 0.14857768886102085, 0.36511599450133003, 0.519390958199358, 0.1256561378474757, 0.26792904772556025, 0.4281229848633159, 0.5458453942701247], [-0.17515210346001905, -0.15628554984520127, -0.08809229578924199, 0.08358779880529296, 0.2418478794186558, -0.4786687459175093, -0.35246299800051967, -0.12571892701922172, 0.07652851393831578, -0.31545686323436517, -0.14866289048530634, 0.0866471775206391, 0.26962399894719646, -0.14857768886102085, 0.0, 0.21653830564030913, 0.37081326933833725, -0.022921551013545153, 0.11935135886453936, 0.27954529600229505, 0.397267705409104], [-0.39169040910032804, -0.3728238554855104, -0.3046306014295512, -0.1329505068350162, 0.025309573778346715, -0.6952070515578187, -0.5690013036408287, -0.34225723265953073, -0.14000979170199349, -0.5319951688746745, -0.3652011961256154, -0.12989112811967005, 0.05308569330688739, -0.36511599450133003, -0.21653830564030913, 0.0, 0.1542749636980282, -0.23945985665385425, -0.09718694677576976, 0.063006990361986, 0.1807293997687948], [-0.5459653727983563, -0.5270988191835385, -0.4589055651275792, -0.28722547053304437, -0.1289653899196815, -0.8494820152558467, -0.7232762673388572, -0.49653219635755896, -0.2942847554000215, -0.6862701325727026, -0.5194761598236437, -0.2841660918176982, -0.10118927039114078, -0.519390958199358, -0.37081326933833725, -0.1542749636980282, 0.0, -0.3937348203518825, -0.25146191047379807, -0.09126797333604213, 0.026454436070766647], [-0.1522305524464739, -0.13336399883165617, -0.06517074477569683, 0.10650934981883797, 0.26476943043220097, -0.4557471949039641, -0.32954144698697463, -0.10279737600567651, 0.09945006495186086, -0.2925353122208201, -0.12574133947176117, 0.10956872853418417, 0.2925455499607418, -0.1256561378474757, 0.022921551013545153, 0.23945985665385425, 0.3937348203518825, 0.0, 0.1422729098780845, 0.3024668470158403, 0.42018925642264926], [-0.29450346232455843, -0.27563690870974067, -0.2074436546537813, -0.035763560059246406, 0.12249652055411656, -0.5980201047820486, -0.4718143568650591, -0.24507028588376106, -0.04282284492622364, -0.43480822209890446, -0.2680142493498457, -0.03270418134390032, 0.15027264008265712, -0.26792904772556025, -0.11935135886453936, 0.09718694677576976, 0.25146191047379807, -0.1422729098780845, 0.0, 0.1601939371377558, 0.27791634654456465], [-0.4546973994623141, -0.4358308458474962, -0.36763759179153704, -0.1959574971970022, -0.037697416583639336, -0.7582140419198045, -0.6320082940028147, -0.4052642230215169, -0.20301678206397944, -0.5950021592366602, -0.42820818648760145, -0.19289811848165608, -0.00992129705509865, -0.4281229848633159, -0.27954529600229505, -0.063006990361986, 0.09126797333604213, -0.3024668470158403, -0.1601939371377558, 0.0, 0.11772240940680877], [-0.5724198088691229, -0.553553255254305, -0.48536000119834605, -0.3136799066038111, -0.15541982599044812, -0.8759364513266129, -0.7497307034096239, -0.5229866324283257, -0.32073919147078817, -0.7127245686434687, -0.5459305958944103, -0.31062052788846484, -0.12764370646190745, -0.5458453942701247, -0.397267705409104, -0.1807293997687948, -0.026454436070766647, -0.42018925642264926, -0.27791634654456465, -0.11772240940680877, 0.0]], [[0.0, 0.41297745756542903, 0.7713141306375291, 1.005102966249506, 1.1617064595475814, 1.0154425160238496, 1.3311854310658071, 1.4207270536086956, 1.4188780578248013, 0.9883850214782147, 1.2913732463845011, 1.351857654633824, 1.3224665313613544, 0.940230392408102, 1.2322588898805376, 1.2761060553323955, 1.250296470609133, 0.8682765006462632, 1.1063711816805408, 1.1629594263909608, 1.174528855013768], [-0.41297745756542903, 0.0, 0.35833667307210015, 0.5921255086840767, 0.7487290019821521, 0.6024650584584205, 0.9182079735003783, 1.007749596043267, 1.0059006002593727, 0.5754075639127855, 0.8783957888190723, 0.938880197068395, 0.909489073795926, 0.5272529348426728, 0.8192814323151092, 0.8631285977669664, 0.8373190130437039, 0.45529904308083424, 0.6933937241151117, 0.7499819688255317, 0.7615513974483388], [-0.7713141306375291, -0.35833667307210015, 0.0, 0.2337888356119765, 0.39039232891005243, 0.24412838538632034, 0.5598713004282785, 0.6494129229711666, 0.6475639271872722, 0.21707089084068568, 0.5200591157469721, 0.5805435239962947, 0.5511524007238259, 0.168916261770573, 0.46094475924300893, 0.5047919246948667, 0.47898233997160394, 0.09696237000873426, 0.335057051043012, 0.3916452957534322, 0.403214724376239], [-1.005102966249506, -0.5921255086840767, -0.2337888356119765, 0.0, 0.1566034932980758, 0.010339549774343829, 0.3260824648163019, 0.41562408735919043, 0.41377509157529574, -0.01671794477129103, 0.28627028013499567, 0.34675468838431817, 0.3173635651118494, -0.06487257384140355, 0.22715592363103249, 0.27100308908289006, 0.24519350435962714, -0.13682646560324221, 0.10126821543103533, 0.15785646014145543, 0.16942588876426268], [-1.1617064595475814, -0.7487290019821521, -0.39039232891005243, -0.1566034932980758, 0.0, -0.14626394352373193, 0.16947897151822608, 0.25902059406111455, 0.2571715982772197, -0.17332143806936684, 0.12966678683691996, 0.1901511950862423, 0.16076007181377355, -0.2214760671394793, 0.07055243033295673, 0.11439959578481433, 0.08859001106155132, -0.29342995890131807, -0.05533527786704049, 0.001252966843379737, 0.0128223954661869], [-1.0154425160238496, -0.6024650584584205, -0.24412838538632034, -0.010339549774343829, 0.14626394352373193, 0.0, 0.31574291504195806, 0.40528453758484645, 0.4034355418009517, -0.02705749454563485, 0.27593073036065197, 0.3364151386099742, 0.3070240153375055, -0.07521212361574735, 0.21681637385668867, 0.26066353930854635, 0.2348539545852833, -0.14716601537758606, 0.09092866565669148, 0.14751691036711165, 0.15908633898991884], [-1.3311854310658071, -0.9182079735003783, -0.5598713004282785, -0.3260824648163019, -0.16947897151822608, -0.31574291504195806, 0.0, 0.08954162254288833, 0.08769262675899375, -0.34280040958759267, -0.03981218468130617, 0.020672223568016238, -0.008718899704452523, -0.3909550386577056, -0.09892654118526929, -0.055079375733411755, -0.0808889604566747, -0.4629089304195443, -0.22481424938526662, -0.16822600467484633, -0.15665657605203917], [-1.4207270536086956, -1.007749596043267, -0.6494129229711666, -0.41562408735919043, -0.25902059406111455, -0.40528453758484645, -0.08954162254288833, 0.0, -0.001848995783894613, -0.4323420321304813, -0.1293538072241946, -0.06886939897487211, -0.09826052224734096, -0.4804966612005939, -0.18846816372815767, -0.14462099827630015, -0.17043058299956304, -0.5524505529624325, -0.314355871928155, -0.25776762721773466, -0.24619819859492753], [-1.4188780578248013, -1.0059006002593727, -0.6475639271872722, -0.41377509157529574, -0.2571715982772197, -0.4034355418009517, -0.08769262675899375, 0.001848995783894613, 0.0, -0.43049303634658675, -0.12750481144029996, -0.06702040319097753, -0.09641152646344624, -0.47864766541669906, -0.18661916794426311, -0.14277200249240551, -0.16858158721566846, -0.5506015571785378, -0.31250687614426037, -0.2559186314338402, -0.24434920281103295], [-0.9883850214782147, -0.5754075639127855, -0.21707089084068568, 0.01671794477129103, 0.17332143806936684, 0.02705749454563485, 0.34280040958759267, 0.4323420321304813, 0.43049303634658675, 0.0, 0.3029882249062867, 0.36347263315560896, 0.3340815098831403, -0.0481546290701125, 0.24387386840232367, 0.2877210338541811, 0.26191144913091813, -0.12010852083195124, 0.11798616020232633, 0.17457440491274653, 0.18614383353555372], [-1.2913732463845011, -0.8783957888190723, -0.5200591157469721, -0.28627028013499567, -0.12966678683691996, -0.27593073036065197, 0.03981218468130617, 0.1293538072241946, 0.12750481144029996, -0.3029882249062867, 0.0, 0.06048440824932243, 0.03109328497685363, -0.3511428539763991, -0.059114356503963184, -0.015267191052105594, -0.04107677577536854, -0.4230967457382379, -0.18500206470396044, -0.12841381999354018, -0.11684439137073299], [-1.351857654633824, -0.938880197068395, -0.5805435239962947, -0.34675468838431817, -0.1901511950862423, -0.3364151386099742, -0.020672223568016238, 0.06886939897487211, 0.06702040319097753, -0.36347263315560896, -0.06048440824932243, 0.0, -0.02939112327246875, -0.41162726222572166, -0.11959876475328557, -0.07575159930142798, -0.10156118402469096, -0.4835811539875604, -0.24548647295328277, -0.18889822824286256, -0.17732879962005538], [-1.3224665313613544, -0.909489073795926, -0.5511524007238259, -0.3173635651118494, -0.16076007181377355, -0.3070240153375055, 0.008718899704452523, 0.09826052224734096, 0.09641152646344624, -0.3340815098831403, -0.03109328497685363, 0.02939112327246875, 0.0, -0.38223613895325287, -0.09020764148081682, -0.04636047602895923, -0.0721700607522222, -0.4541900307150917, -0.216095349680814, -0.15950710497039386, -0.14793767634758664], [-0.940230392408102, -0.5272529348426728, -0.168916261770573, 0.06487257384140355, 0.2214760671394793, 0.07521212361574735, 0.3909550386577056, 0.4804966612005939, 0.47864766541669906, 0.0481546290701125, 0.3511428539763991, 0.41162726222572166, 0.38223613895325287, 0.0, 0.2920284974724359, 0.33587566292429366, 0.3100660782010307, -0.07195389176183871, 0.1661407892724388, 0.22272903398285895, 0.23429846260566622], [-1.2322588898805376, -0.8192814323151092, -0.46094475924300893, -0.22715592363103249, -0.07055243033295673, -0.21681637385668867, 0.09892654118526929, 0.18846816372815767, 0.18661916794426311, -0.24387386840232367, 0.059114356503963184, 0.11959876475328557, 0.09020764148081682, -0.2920284974724359, 0.0, 0.04384716545185758, 0.018037580728594623, -0.36398238923427473, -0.12588770819999723, -0.06929946348957698, -0.05773003486676985], [-1.2761060553323955, -0.8631285977669664, -0.5047919246948667, -0.27100308908289006, -0.11439959578481433, -0.26066353930854635, 0.055079375733411755, 0.14462099827630015, 0.14277200249240551, -0.2877210338541811, 0.015267191052105594, 0.07575159930142798, 0.04636047602895923, -0.33587566292429366, -0.04384716545185758, 0.0, -0.02580958472326295, -0.4078295546861321, -0.1697348736518548, -0.11314662894143458, -0.10157720031862741], [-1.250296470609133, -0.8373190130437039, -0.47898233997160394, -0.24519350435962714, -0.08859001106155132, -0.2348539545852833, 0.0808889604566747, 0.17043058299956304, 0.16858158721566846, -0.26191144913091813, 0.04107677577536854, 0.10156118402469096, 0.0721700607522222, -0.3100660782010307, -0.018037580728594623, 0.02580958472326295, 0.0, -0.38201996996286924, -0.1439252889285918, -0.08733704421817162, -0.07576761559536445], [-0.8682765006462632, -0.45529904308083424, -0.09696237000873426, 0.13682646560324221, 0.29342995890131807, 0.14716601537758606, 0.4629089304195443, 0.5524505529624325, 0.5506015571785378, 0.12010852083195124, 0.4230967457382379, 0.4835811539875604, 0.4541900307150917, 0.07195389176183871, 0.36398238923427473, 0.4078295546861321, 0.38201996996286924, 0.0, 0.2380946810342776, 0.2946829257446976, 0.306252354367505], [-1.1063711816805408, -0.6933937241151117, -0.335057051043012, -0.10126821543103533, 0.05533527786704049, -0.09092866565669148, 0.22481424938526662, 0.314355871928155, 0.31250687614426037, -0.11798616020232633, 0.18500206470396044, 0.24548647295328277, 0.216095349680814, -0.1661407892724388, 0.12588770819999723, 0.1697348736518548, 0.1439252889285918, -0.2380946810342776, 0.0, 0.056588244710420225, 0.06815767333322738], [-1.1629594263909608, -0.7499819688255317, -0.3916452957534322, -0.15785646014145543, -0.001252966843379737, -0.14751691036711165, 0.16822600467484633, 0.25776762721773466, 0.2559186314338402, -0.17457440491274653, 0.12841381999354018, 0.18889822824286256, 0.15950710497039386, -0.22272903398285895, 0.06929946348957698, 0.11314662894143458, 0.08733704421817162, -0.2946829257446976, -0.056588244710420225, 0.0, 0.011569428622807154], [-1.174528855013768, -0.7615513974483388, -0.403214724376239, -0.16942588876426268, -0.0128223954661869, -0.15908633898991884, 0.15665657605203917, 0.24619819859492753, 0.24434920281103295, -0.18614383353555372, 0.11684439137073299, 0.17732879962005538, 0.14793767634758664, -0.23429846260566622, 0.05773003486676985, 0.10157720031862741, 0.07576761559536445, -0.306252354367505, -0.06815767333322738, -0.011569428622807154, 0.0]]]