[[[0.0, -0.2557927369062463, -0.2849632959056974, -0.04314779770111187, 0.2285689664351582, -0.26298836193258146, -0.27928589354291694, -0.2723984630502424, -0.2711919428756705, -0.029562309247302285, 0.029161299904050888, 0.07171673367981278, 0.046150050187699805, 0.2022781364868852, 0.2795150152977454, 0.2645013944452755, 0.21302911154270363, 0.3952652829521492, 0.48918340989871967, 0.44987873659829297, 0.39499544852139473], [0.2557927369062463, 0.0, -0.02917055899945104, 0.2126449392051345, 0.48436170334140466, -0.007195625026335067, -0.023493156636670544, -0.01660572614399598, -0.015399205969424226, 0.22623042765894405, 0.2849540368102974, 0.3275094705860591, 0.3019427870939462, 0.4580708733931317, 0.5353077522039917, 0.5202941313515222, 0.46882184844895003, 0.6510580198583956, 0.7449761468049657, 0.705671473504539, 0.6507881854276412], [0.2849632959056974, 0.02917055899945104, 0.0, 0.24181549820458553, 0.5135322623408556, 0.021974933973115975, 0.00567740236278049, 0.012564832855455057, 0.013771353030026818, 0.25540098665839517, 0.3141245958097483, 0.3566800295855101, 0.33111334609339726, 0.4872414323925828, 0.5644783112034429, 0.5494646903509729, 0.4979924074484012, 0.6802285788578463, 0.7741467058044168, 0.7348420325039902, 0.6799587444270918], [0.04314779770111187, -0.2126449392051345, -0.24181549820458553, 0.0, 0.27171676413627, -0.21984056423146953, -0.23613809584180498, -0.22925066534913038, -0.22804414517455862, 0.01358548845380957, 0.07230909760516276, 0.11486453138092463, 0.08929784788881166, 0.2454259341879971, 0.32266281299885735, 0.3076491921463874, 0.25617690924381553, 0.4384130806532609, 0.5323312075998313, 0.4930265342994051, 0.4381432462225065], [-0.2285689664351582, -0.48436170334140466, -0.5135322623408556, -0.27171676413627, 0.0, -0.49155732836773963, -0.507854859978075, -0.5009674294854007, -0.49976090931082867, -0.25813127568246036, -0.1994076665311072, -0.1568522327553454, -0.1824189162474583, -0.0262908299482729, 0.05094604886258734, 0.03593242801011745, -0.015539854892454495, 0.166696316516991, 0.26061444346356133, 0.2213097701631349, 0.1664264820862366], [0.26298836193258146, 0.007195625026335067, -0.021974933973115975, 0.21984056423146953, 0.49155732836773963, 0.0, -0.016297531610335484, -0.00941010111766091, -0.008203580943089159, 0.23342605268527908, 0.29214966183663227, 0.33470509561239425, 0.30913841212028126, 0.46526649841946666, 0.5425033772303269, 0.5274897563778571, 0.47601747347528495, 0.6582536448847301, 0.7521717718313008, 0.7128670985308738, 0.6579838104539764], [0.27928589354291694, 0.023493156636670544, -0.00567740236278049, 0.23613809584180498, 0.507854859978075, 0.016297531610335484, 0.0, 0.0068874304926745756, 0.008093950667246323, 0.24972358429561478, 0.30844719344696786, 0.3510026272227297, 0.32543594373061674, 0.48156403002980225, 0.5588009088406625, 0.5437872879881925, 0.49231500508562076, 0.6745511764950658, 0.7684693034416361, 0.7291646301412099, 0.6742813420643117], [0.2723984630502424, 0.01660572614399598, -0.012564832855455057, 0.22925066534913038, 0.5009674294854007, 0.00941010111766091, -0.0068874304926745756, 0.0, 0.0012065201745717511, 0.2428361538029401, 0.30155976295429326, 0.3441151967300552, 0.31854851323794203, 0.4746765995371277, 0.5519134783479879, 0.536899857495518, 0.48542757459294605, 0.6676637460023913, 0.7615818729489615, 0.7222771996485353, 0.6673939115716371], [0.2711919428756705, 0.015399205969424226, -0.013771353030026818, 0.22804414517455862, 0.49976090931082867, 0.008203580943089159, -0.008093950667246323, -0.0012065201745717511, 0.0, 0.24162963362836848, 0.3003532427797214, 0.34290867655548346, 0.31734199306337035, 0.4734700793625559, 0.5507069581734158, 0.5356933373209465, 0.48422105441837415, 0.6664572258278195, 0.76037535277439, 0.7210706794739637, 0.6661873913970652], [0.029562309247302285, -0.22623042765894405, -0.25540098665839517, -0.01358548845380957, 0.25813127568246036, -0.23342605268527908, -0.24972358429561478, -0.2428361538029401, -0.24162963362836848, 0.0, 0.05872360915135318, 0.10127904292711497, 0.07571235943500214, 0.2318404457341875, 0.30907732454504777, 0.2940637036925778, 0.24259142079000598, 0.4248275921994514, 0.5187457191460219, 0.4794410458455954, 0.4245577577686971], [-0.029161299904050888, -0.2849540368102974, -0.3141245958097483, -0.07230909760516276, 0.1994076665311072, -0.29214966183663227, -0.30844719344696786, -0.30155976295429326, -0.3003532427797214, -0.05872360915135318, 0.0, 0.04255543377576185, 0.01698875028364892, 0.17311683658283442, 0.2503537153936946, 0.23534009454122476, 0.18386781163865276, 0.36610398304809805, 0.46002210999466864, 0.42071743669424216, 0.3658341486173438], [-0.07171673367981278, -0.3275094705860591, -0.3566800295855101, -0.11486453138092463, 0.1568522327553454, -0.33470509561239425, -0.3510026272227297, -0.3441151967300552, -0.34290867655548346, -0.10127904292711497, -0.04255543377576185, 0.0, -0.02556668349211296, 0.13056140280707249, 0.20779828161793273, 0.1927846607654628, 0.14131237786289094, 0.3235485492723364, 0.4174666762189068, 0.3781620029184801, 0.323278714841582], [-0.046150050187699805, -0.3019427870939462, -0.33111334609339726, -0.08929784788881166, 0.1824189162474583, -0.30913841212028126, -0.32543594373061674, -0.31854851323794203, -0.31734199306337035, -0.07571235943500214, -0.01698875028364892, 0.02556668349211296, 0.0, 0.1561280862991854, 0.23336496511004573, 0.2183513442575758, 0.16687906135500385, 0.3491152327644492, 0.4430333597110197, 0.4037286864105929, 0.3488453983336947], [-0.2022781364868852, -0.4580708733931317, -0.4872414323925828, -0.2454259341879971, 0.0262908299482729, -0.46526649841946666, -0.48156403002980225, -0.4746765995371277, -0.4734700793625559, -0.2318404457341875, -0.17311683658283442, -0.13056140280707249, -0.1561280862991854, 0.0, 0.07723687881086022, 0.062223257958390364, 0.010750975055818408, 0.19298714646526377, 0.2869052734118343, 0.24760060011140772, 0.19271731203450948], [-0.2795150152977454, -0.5353077522039917, -0.5644783112034429, -0.32266281299885735, -0.05094604886258734, -0.5425033772303269, -0.5588009088406625, -0.5519134783479879, -0.5507069581734158, -0.30907732454504777, -0.2503537153936946, -0.20779828161793273, -0.23336496511004573, -0.07723687881086022, 0.0, -0.015013620852469893, -0.06648590375504185, 0.11575026765440363, 0.2096683946009741, 0.1703637213005475, 0.11548043322364925], [-0.2645013944452755, -0.5202941313515222, -0.5494646903509729, -0.3076491921463874, -0.03593242801011745, -0.5274897563778571, -0.5437872879881925, -0.536899857495518, -0.5356933373209465, -0.2940637036925778, -0.23534009454122476, -0.1927846607654628, -0.2183513442575758, -0.062223257958390364, 0.015013620852469893, 0.0, -0.05147228290257193, 0.13076388850687354, 0.22468201545344388, 0.1853773421530174, 0.13049405407611914], [-0.21302911154270363, -0.46882184844895003, -0.4979924074484012, -0.25617690924381553, 0.015539854892454495, -0.47601747347528495, -0.49231500508562076, -0.48542757459294605, -0.48422105441837415, -0.24259142079000598, -0.18386781163865276, -0.14131237786289094, -0.16687906135500385, -0.010750975055818408, 0.06648590375504185, 0.05147228290257193, 0.0, 0.18223617140944545, 0.27615429835601596, 0.23684962505558935, 0.18196633697869102], [-0.3952652829521492, -0.6510580198583956, -0.6802285788578463, -0.4384130806532609, -0.166696316516991, -0.6582536448847301, -0.6745511764950658, -0.6676637460023913, -0.6664572258278195, -0.4248275921994514, -0.36610398304809805, -0.3235485492723364, -0.3491152327644492, -0.19298714646526377, -0.11575026765440363, -0.13076388850687354, -0.18223617140944545, 0.0, 0.0939181269465704, 0.05461345364614391, -0.0002698344307543792], [-0.48918340989871967, -0.7449761468049657, -0.7741467058044168, -0.5323312075998313, -0.26061444346356133, -0.7521717718313008, -0.7684693034416361, -0.7615818729489615, -0.76037535277439, -0.5187457191460219, -0.46002210999466864, -0.4174666762189068, -0.4430333597110197, -0.2869052734118343, -0.2096683946009741, -0.22468201545344388, -0.27615429835601596, -0.0939181269465704, 0.0, -0.039304673300426515, -0.09418796137732477], [-0.44987873659829297, -0.705671473504539, -0.7348420325039902, -0.4930265342994051, -0.2213097701631349, -0.7128670985308738, -0.7291646301412099, -0.7222771996485353, -0.7210706794739637, -0.4794410458455954, -0.42071743669424216, -0.3781620029184801, -0.4037286864105929, -0.24760060011140772, -0.1703637213005475, -0.1853773421530174, -0.23684962505558935, -0.05461345364614391, 0.039304673300426515, 0.0, -0.054883288076898254], [-0.39499544852139473, -0.6507881854276412, -0.6799587444270918, -0.4381432462225065, -0.1664264820862366, -0.6579838104539764, -0.6742813420643117, -0.6673939115716371, -0.6661873913970652, -0.4245577577686971, -0.3658341486173438, -0.323278714841582, -0.3488453983336947, -0.19271731203450948, -0.11548043322364925, -0.13049405407611914, -0.18196633697869102, 0.0002698344307543792, 0.09418796137732477, 0.054883288076898254, 0.0]], [[0.0, 0.1874453118330247, 0.4853418224329162, 0.6512048435792938, 0.73531708910446, 1.0448676258165055, 1.5278966856607699, 1.8256587351037923, 2.0758134748422803, 0.99922285330853, 1.2803462825325898, 0.9937552363679516, 0.7765649863270636, 0.9264313966209261, 1.1778516758805397, 0.9326993924690199, 0.7580526209646831, 0.8231046508531432, 1.0378551258939963, 0.9120032090394177, 0.7775743308887914], [-0.1874453118330247, 0.0, 0.2978965105998914, 0.46375953174626894, 0.5478717772714354, 0.8574223139834803, 1.3404513738277446, 1.638213423270768, 1.8883681630092537, 0.8117775414755047, 1.0929009706995647, 0.8063099245349267, 0.5891196744940391, 0.7389860847879013, 0.9904063640475154, 0.7452540806359947, 0.5706073091316582, 0.6356593390201184, 0.850409814060972, 0.7245578972063929, 0.5901290190557671], [-0.4853418224329162, -0.2978965105998914, 0.0, 0.16586302114637763, 0.24997526667154413, 0.559525803383589, 1.0425548632278534, 1.3403169126708758, 1.5904716524093627, 0.5138810308756139, 0.7950044600996735, 0.5084134139350355, 0.2912231638941476, 0.4410895741880097, 0.692509853447624, 0.44735757003610366, 0.27271079853176694, 0.3377628284202271, 0.5525133034610803, 0.42666138660650155, 0.2922325084558756], [-0.6512048435792938, -0.46375953174626894, -0.16586302114637763, 0.0, 0.0841122455251665, 0.39366278223721163, 0.8766918420814755, 1.1744538915244984, 1.424608631262985, 0.34801800972923636, 0.6291414389532958, 0.34255039278865795, 0.12536014274777002, 0.27522655304163224, 0.526646832301246, 0.2814945488897259, 0.10684777738538934, 0.1718998072738496, 0.3866502823147029, 0.2607983654601239, 0.12636948730949796], [-0.73531708910446, -0.5478717772714354, -0.24997526667154413, -0.0841122455251665, 0.0, 0.3095505367120451, 0.7925795965563089, 1.0903416459993318, 1.3404963857378192, 0.26390576420406975, 0.5450291934281294, 0.2584381472634917, 0.041247897222603545, 0.1911143075164657, 0.44253458677607943, 0.1973823033645595, 0.022735531860222893, 0.0877875617486831, 0.3025380367895364, 0.17668611993495736, 0.0422572417843315], [-1.0448676258165055, -0.8574223139834803, -0.559525803383589, -0.39366278223721163, -0.3095505367120451, 0.0, 0.48302905984426425, 0.7807911092872861, 1.030945849025774, -0.045644772507975356, 0.2354786567160843, -0.05111238944855361, -0.2683026394894415, -0.11843622919557946, 0.1329840500640345, -0.11216823334748566, -0.2868150048518223, -0.22176297496336203, -0.007012499922508849, -0.13286441677708782, -0.2672932949277137], [-1.5278966856607699, -1.3404513738277446, -1.0425548632278534, -0.8766918420814755, -0.7925795965563089, -0.48302905984426425, 0.0, 0.29776204944302215, 0.5479167891815098, -0.5286738323522399, -0.24755040312818022, -0.5341414492928179, -0.7513316993337058, -0.6014652890398441, -0.35004500978022995, -0.59519729319175, -0.7698440646960866, -0.7047920348076261, -0.4900415597667734, -0.6158934766213523, -0.7503223547719781], [-1.8256587351037923, -1.638213423270768, -1.3403169126708758, -1.1744538915244984, -1.0903416459993318, -0.7807911092872861, -0.29776204944302215, 0.0, 0.25015473973848745, -0.8264358817952623, -0.5453124525712022, -0.8319034987358398, -1.049093748776728, -0.8992273384828658, -0.6478070592232519, -0.8929593426347725, -1.0676061141391089, -1.002554084250649, -0.7878036092097952, -0.9136555260643741, -1.0480844042150002], [-2.0758134748422803, -1.8883681630092537, -1.5904716524093627, -1.424608631262985, -1.3404963857378192, -1.030945849025774, -0.5479167891815098, -0.25015473973848745, 0.0, -1.0765906215337497, -0.7954671923096897, -1.0820582384743276, -1.2992484885152151, -1.1493820782213533, -0.8979617989617398, -1.1431140823732595, -1.3177608538775962, -1.252708823989136, -1.037958348948283, -1.1638102658028615, -1.2982391439534877], [-0.99922285330853, -0.8117775414755047, -0.5138810308756139, -0.34801800972923636, -0.26390576420406975, 0.045644772507975356, 0.5286738323522399, 0.8264358817952623, 1.0765906215337497, 0.0, 0.28112342922405975, -0.005467616940578188, -0.22265786698146622, -0.07279145668760414, 0.1786288225720098, -0.0665234608395103, -0.24117023234384696, -0.17611820245538662, 0.038632272585466525, -0.08721964426911244, -0.22164852241973826], [-1.2803462825325898, -1.0929009706995647, -0.7950044600996735, -0.6291414389532958, -0.5450291934281294, -0.2354786567160843, 0.24755040312818022, 0.5453124525712022, 0.7954671923096897, -0.28112342922405975, 0.0, -0.28659104616463793, -0.5037812962055258, -0.35391488591166365, -0.10249460665204978, -0.3476468900635697, -0.5222936615679068, -0.4572416316794463, -0.24249115663859308, -0.368343073493172, -0.502771951643798], [-0.9937552363679516, -0.8063099245349267, -0.5084134139350355, -0.34255039278865795, -0.2584381472634917, 0.05111238944855361, 0.5341414492928179, 0.8319034987358398, 1.0820582384743276, 0.005467616940578188, 0.28659104616463793, 0.0, -0.2171902500408881, -0.0673238397470259, 0.18409643951258794, -0.06105584389893208, -0.23570261540326867, -0.17065058551480847, 0.04409988952604472, -0.08175202732853425, -0.21618090547916016], [-0.7765649863270636, -0.5891196744940391, -0.2912231638941476, -0.12536014274777002, -0.041247897222603545, 0.2683026394894415, 0.7513316993337058, 1.049093748776728, 1.2992484885152151, 0.22265786698146622, 0.5037812962055258, 0.2171902500408881, 0.0, 0.14986641029386216, 0.401286689553476, 0.15613440614195598, -0.01851236536238067, 0.04653966452607954, 0.26129013956693276, 0.13543822271235387, 0.001009344561727948], [-0.9264313966209261, -0.7389860847879013, -0.4410895741880097, -0.27522655304163224, -0.1911143075164657, 0.11843622919557946, 0.6014652890398441, 0.8992273384828658, 1.1493820782213533, 0.07279145668760414, 0.35391488591166365, 0.0673238397470259, -0.14986641029386216, 0.0, 0.25142027925961397, 0.006267995848093827, -0.16837877565624282, -0.10332674576778261, 0.11142372927307066, -0.014428187581508316, -0.14885706573213417], [-1.1778516758805397, -0.9904063640475154, -0.692509853447624, -0.526646832301246, -0.44253458677607943, -0.1329840500640345, 0.35004500978022995, 0.6478070592232519, 0.8979617989617398, -0.1786288225720098, 0.10249460665204978, -0.18409643951258794, -0.401286689553476, -0.25142027925961397, 0.0, -0.2451522834115201, -0.4197990549158568, -0.3547470250273964, -0.13999654998654334, -0.2658484668411222, -0.4002773449917481], [-0.9326993924690199, -0.7452540806359947, -0.44735757003610366, -0.2814945488897259, -0.1973823033645595, 0.11216823334748566, 0.59519729319175, 0.8929593426347725, 1.1431140823732595, 0.0665234608395103, 0.3476468900635697, 0.06105584389893208, -0.15613440614195598, -0.006267995848093827, 0.2451522834115201, 0.0, -0.1746467715043366, -0.10959474161587644, 0.10515573342497676, -0.020696183429602142, -0.155125061580228], [-0.7580526209646831, -0.5706073091316582, -0.27271079853176694, -0.10684777738538934, -0.022735531860222893, 0.2868150048518223, 0.7698440646960866, 1.0676061141391089, 1.3177608538775962, 0.24117023234384696, 0.5222936615679068, 0.23570261540326867, 0.01851236536238067, 0.16837877565624282, 0.4197990549158568, 0.1746467715043366, 0.0, 0.06505202988846023, 0.2798025049293136, 0.15395058807473455, 0.019521709924108618], [-0.8231046508531432, -0.6356593390201184, -0.3377628284202271, -0.1718998072738496, -0.0877875617486831, 0.22176297496336203, 0.7047920348076261, 1.002554084250649, 1.252708823989136, 0.17611820245538662, 0.4572416316794463, 0.17065058551480847, -0.04653966452607954, 0.10332674576778261, 0.3547470250273964, 0.10959474161587644, -0.06505202988846023, 0.0, 0.2147504750408533, 0.08889855818627428, -0.04553031996435161], [-1.0378551258939963, -0.850409814060972, -0.5525133034610803, -0.3866502823147029, -0.3025380367895364, 0.007012499922508849, 0.4900415597667734, 0.7878036092097952, 1.037958348948283, -0.038632272585466525, 0.24249115663859308, -0.04409988952604472, -0.26129013956693276, -0.11142372927307066, 0.13999654998654334, -0.10515573342497676, -0.2798025049293136, -0.2147504750408533, 0.0, -0.12585191685457894, -0.26028079500520485], [-0.9120032090394177, -0.7245578972063929, -0.42666138660650155, -0.2607983654601239, -0.17668611993495736, 0.13286441677708782, 0.6158934766213523, 0.9136555260643741, 1.1638102658028615, 0.08721964426911244, 0.368343073493172, 0.08175202732853425, -0.13543822271235387, 0.014428187581508316, 0.2658484668411222, 0.020696183429602142, -0.15395058807473455, -0.08889855818627428, 0.12585191685457894, 0.0, -0.13442887815062593], [-0.7775743308887914, -0.5901290190557671, -0.2922325084558756, -0.12636948730949796, -0.0422572417843315, 0.2672932949277137, 0.7503223547719781, 1.0480844042150002, 1.2982391439534877, 0.22164852241973826, 0.502771951643798, 0.21618090547916016, -0.001009344561727948, 0.14885706573213417, 0.4002773449917481, 0.155125061580228, -0.019521709924108618, 0.04553031996435161, 0.26028079500520485, 0.13442887815062593, 0.0]]]