[[[0.0, -0.32539988103883905, -0.5270920697678935, -0.3974963955485886, -0.1744526235625068, -0.4008779449210698, -0.4601727107418762, -0.414407323438664, -0.3847285205314976, -0.16641864299880255, -0.1880353261213413, -0.17643003574660368, -0.17969742711401235, 0.06092931678068289, 0.09553669893136664, 0.06217572810073373, 0.042067657443020136, 0.2888927161568894, 0.3141191899784663, 0.25891685532068853, 0.22624371286651876], [0.32539988103883905, 0.0, -0.20169218872905448, -0.07209651450974945, 0.15094725747633225, -0.07547806388223081, -0.1347728297030373, -0.089007442399825, -0.05932863949265846, 0.1589812380400365, 0.1373645549174977, 0.14896984529223536, 0.14570245392482675, 0.38632919781952196, 0.4209365799702058, 0.38757560913957273, 0.36746753848185904, 0.6142925971957287, 0.6395190710173051, 0.5843167363595277, 0.5516435939053577], [0.5270920697678935, 0.20169218872905448, 0.0, 0.12959567421930493, 0.35263944620538673, 0.12621412484682357, 0.06691935902601714, 0.11268474632922944, 0.14236354923639596, 0.3606734267690909, 0.339056743646552, 0.35066203402128976, 0.3473946426538813, 0.5880213865485764, 0.6226287686992602, 0.589267797868627, 0.5691597272109135, 0.8159847859247833, 0.8412112597463596, 0.7860089250885823, 0.7533357826344126], [0.3974963955485886, 0.07209651450974945, -0.12959567421930493, 0.0, 0.2230437719860817, -0.0033815493724813693, -0.06267631519328783, -0.016910927890075575, 0.012767875017090959, 0.2310777525497859, 0.20946106942724715, 0.2210663598019849, 0.2177989684345761, 0.45842571232927126, 0.49303309447995525, 0.45967212364932203, 0.4395640529916086, 0.6863891117054781, 0.7116155855270546, 0.6564132508692775, 0.6237401084151073], [0.1744526235625068, -0.15094725747633225, -0.35263944620538673, -0.2230437719860817, 0.0, -0.22642532135856316, -0.2857200871793695, -0.2399546998761573, -0.21027589696899082, 0.008033980563704279, -0.013582702558834545, -0.00197741218409684, -0.005244803551505511, 0.2353819403431897, 0.26998932249387336, 0.23662835166324053, 0.21652028100552692, 0.46334533971939634, 0.48857181354097284, 0.4333694788831954, 0.4006963364290255], [0.4008779449210698, 0.07547806388223081, -0.12621412484682357, 0.0033815493724813693, 0.22642532135856316, 0.0, -0.059294765820806485, -0.013529378517594205, 0.016149424389572335, 0.2344593019222673, 0.21284261879972852, 0.22444790917446628, 0.22118051780705753, 0.46180726170175285, 0.4964146438524364, 0.46305367302180345, 0.44294560236409, 0.6897706610779593, 0.7149971348995362, 0.6597948002417583, 0.6271216577875887], [0.4601727107418762, 0.1347728297030373, -0.06691935902601714, 0.06267631519328783, 0.2857200871793695, 0.059294765820806485, 0.0, 0.045765387303212286, 0.07544419021037879, 0.29375406774307383, 0.27213738462053483, 0.28374267499527267, 0.2804752836278641, 0.5211020275225592, 0.5557094096732429, 0.5223484388426098, 0.5022403681848965, 0.7490654268987659, 0.7742919007203427, 0.7190895660625651, 0.6864164236083953], [0.414407323438664, 0.089007442399825, -0.11268474632922944, 0.016910927890075575, 0.2399546998761573, 0.013529378517594205, -0.045765387303212286, 0.0, 0.02967880290716653, 0.24798868043986158, 0.22637199731732272, 0.2379772876920604, 0.2347098963246517, 0.4753366402193467, 0.5099440223700308, 0.47658305153939773, 0.4564749808816839, 0.7033000395955539, 0.7285265134171303, 0.673324178759353, 0.640651036305183], [0.3847285205314976, 0.05932863949265846, -0.14236354923639596, -0.012767875017090959, 0.21027589696899082, -0.016149424389572335, -0.07544419021037879, -0.02967880290716653, 0.0, 0.218309877532695, 0.1966931944101562, 0.20829848478489393, 0.20503109341748524, 0.44565783731218045, 0.48026521946286416, 0.4469042486322312, 0.4267961779745175, 0.6736212366883874, 0.6988477105099636, 0.6436453758521864, 0.6109722333980163], [0.16641864299880255, -0.1589812380400365, -0.3606734267690909, -0.2310777525497859, -0.008033980563704279, -0.2344593019222673, -0.29375406774307383, -0.24798868043986158, -0.218309877532695, 0.0, -0.021616683122538824, -0.01001139274780113, -0.01327878411520979, 0.22734795977948546, 0.2619553419301692, 0.22859437109953631, 0.20848630044182276, 0.45531135915569204, 0.48053783297726854, 0.42533549831949136, 0.39266235586532117], [0.1880353261213413, -0.1373645549174977, -0.339056743646552, -0.20946106942724715, 0.013582702558834545, -0.21284261879972852, -0.27213738462053483, -0.22637199731732272, -0.1966931944101562, 0.021616683122538824, 0.0, 0.011605290374737696, 0.00833789900732903, 0.2489646429020242, 0.28357202505270807, 0.250211054222075, 0.23010298356436137, 0.4769280422782311, 0.5021545160998073, 0.4469521814420302, 0.4142790389878599], [0.17643003574660368, -0.14896984529223536, -0.35066203402128976, -0.2210663598019849, 0.00197741218409684, -0.22444790917446628, -0.28374267499527267, -0.2379772876920604, -0.20829848478489393, 0.01001139274780113, -0.011605290374737696, 0.0, -0.0032673913674086653, 0.23735935252728652, 0.2719667346779703, 0.23860576384733737, 0.2184976931896238, 0.46532275190349315, 0.4905492257250698, 0.43534689106729224, 0.4026737486131225], [0.17969742711401235, -0.14570245392482675, -0.3473946426538813, -0.2177989684345761, 0.005244803551505511, -0.22118051780705753, -0.2804752836278641, -0.2347098963246517, -0.20503109341748524, 0.01327878411520979, -0.00833789900732903, 0.0032673913674086653, 0.0, 0.24062674389469507, 0.27523412604537895, 0.24187315521474606, 0.22176508455703237, 0.46859014327090165, 0.4938166170924784, 0.4386142824347011, 0.40594113998053105], [-0.06092931678068289, -0.38632919781952196, -0.5880213865485764, -0.45842571232927126, -0.2353819403431897, -0.46180726170175285, -0.5211020275225592, -0.4753366402193467, -0.44565783731218045, -0.22734795977948546, -0.2489646429020242, -0.23735935252728652, -0.24062674389469507, 0.0, 0.03460738215068376, 0.0012464113200508367, -0.01886165933766279, 0.22796339937620655, 0.25318987319778313, 0.1979875385400058, 0.1653143960858358], [-0.09553669893136664, -0.4209365799702058, -0.6226287686992602, -0.49303309447995525, -0.26998932249387336, -0.4964146438524364, -0.5557094096732429, -0.5099440223700308, -0.48026521946286416, -0.2619553419301692, -0.28357202505270807, -0.2719667346779703, -0.27523412604537895, -0.03460738215068376, 0.0, -0.033360970830632934, -0.05346904148834656, 0.19335601722552287, 0.2185824910470994, 0.163380156389322, 0.13070701393515205], [-0.06217572810073373, -0.38757560913957273, -0.589267797868627, -0.45967212364932203, -0.23662835166324053, -0.46305367302180345, -0.5223484388426098, -0.47658305153939773, -0.4469042486322312, -0.22859437109953631, -0.250211054222075, -0.23860576384733737, -0.24187315521474606, -0.0012464113200508367, 0.033360970830632934, 0.0, -0.020108070657713632, 0.22671698805615573, 0.25194346187773237, 0.19674112721995485, 0.16406798476578507], [-0.042067657443020136, -0.36746753848185904, -0.5691597272109135, -0.4395640529916086, -0.21652028100552692, -0.44294560236409, -0.5022403681848965, -0.4564749808816839, -0.4267961779745175, -0.20848630044182276, -0.23010298356436137, -0.2184976931896238, -0.22176508455703237, 0.01886165933766279, 0.05346904148834656, 0.020108070657713632, 0.0, 0.24682505871386937, 0.2720515325354459, 0.21684919787766854, 0.1841760554234986], [-0.2888927161568894, -0.6142925971957287, -0.8159847859247833, -0.6863891117054781, -0.46334533971939634, -0.6897706610779593, -0.7490654268987659, -0.7033000395955539, -0.6736212366883874, -0.45531135915569204, -0.4769280422782311, -0.46532275190349315, -0.46859014327090165, -0.22796339937620655, -0.19335601722552287, -0.22671698805615573, -0.24682505871386937, 0.0, 0.025226473821576594, -0.029975860836200834, -0.06264900329037074], [-0.3141191899784663, -0.6395190710173051, -0.8412112597463596, -0.7116155855270546, -0.48857181354097284, -0.7149971348995362, -0.7742919007203427, -0.7285265134171303, -0.6988477105099636, -0.48053783297726854, -0.5021545160998073, -0.4905492257250698, -0.4938166170924784, -0.25318987319778313, -0.2185824910470994, -0.25194346187773237, -0.2720515325354459, -0.025226473821576594, 0.0, -0.05520233465777744, -0.08787547711194733], [-0.25891685532068853, -0.5843167363595277, -0.7860089250885823, -0.6564132508692775, -0.4333694788831954, -0.6597948002417583, -0.7190895660625651, -0.673324178759353, -0.6436453758521864, -0.42533549831949136, -0.4469521814420302, -0.43534689106729224, -0.4386142824347011, -0.1979875385400058, -0.163380156389322, -0.19674112721995485, -0.21684919787766854, 0.029975860836200834, 0.05520233465777744, 0.0, -0.03267314245416988], [-0.22624371286651876, -0.5516435939053577, -0.7533357826344126, -0.6237401084151073, -0.4006963364290255, -0.6271216577875887, -0.6864164236083953, -0.640651036305183, -0.6109722333980163, -0.39266235586532117, -0.4142790389878599, -0.4026737486131225, -0.40594113998053105, -0.1653143960858358, -0.13070701393515205, -0.16406798476578507, -0.1841760554234986, 0.06264900329037074, 0.08787547711194733, 0.03267314245416988, 0.0]], [[0.0, 0.21089697230977084, 0.5713682961276864, 0.8334299395456736, 0.9052309277547201, 0.9579945429592672, 1.3255297776814237, 1.1304524132313463, 0.9474577214935671, 0.9858965866744508, 1.3839338417031417, 1.140530757791511, 0.945592215130163, 0.9643521906638813, 1.3293560732342777, 1.1066228933445637, 0.9276302065509561, 0.8964027719100051, 1.175174397891036, 1.0485372217783755, 0.9201348579580317], [-0.21089697230977084, 0.0, 0.3604713238179156, 0.6225329672359029, 0.6943339554449488, 0.747097570649497, 1.1146328053716532, 0.9195554409215757, 0.7365607491837965, 0.7749996143646807, 1.1730368693933713, 0.9296337854817405, 0.7346952428203928, 0.7534552183541102, 1.1184591009245064, 0.8957259210347925, 0.7167332342411852, 0.6855057996002345, 0.9642774255812644, 0.837640249468605, 0.7092378856482607], [-0.5713682961276864, -0.3604713238179156, 0.0, 0.2620616434179873, 0.33386263162703317, 0.38662624683158137, 0.7541614815537373, 0.5590841171036601, 0.37608942536588075, 0.41452829054676477, 0.8125655455754557, 0.5691624616638249, 0.37422391900247687, 0.3929838945361942, 0.7579877771065908, 0.5352545972168768, 0.35626191042326916, 0.32503447578231914, 0.6038061017633495, 0.4771689256506891, 0.3487665618303452], [-0.8334299395456736, -0.6225329672359029, -0.2620616434179873, 0.0, 0.07180098820904575, 0.12456460341359372, 0.4920998381357498, 0.2970224736856727, 0.11402778194789324, 0.15246664712877733, 0.5505039021574683, 0.3071008182458375, 0.11216227558448937, 0.13092225111820688, 0.49592613368860283, 0.27319295379888947, 0.09420026700528174, 0.06297283236433157, 0.3417444583453619, 0.2151072822327018, 0.0867049184123577], [-0.9052309277547201, -0.6943339554449488, -0.33386263162703317, -0.07180098820904575, 0.0, 0.05276361520454805, 0.4202988499267042, 0.22522148547662688, 0.04222679373884755, 0.08066565891973163, 0.4787029139484224, 0.23529983003679183, 0.04036128737544357, 0.059121262909161205, 0.4241251454795572, 0.20139196558984376, 0.022399278796236072, -0.008828155844714157, 0.269943470136316, 0.14330629402365613, 0.01490393020331194], [-0.9579945429592672, -0.747097570649497, -0.38662624683158137, -0.12456460341359372, -0.05276361520454805, 0.0, 0.36753523472215627, 0.17245787027207882, -0.010536821465700494, 0.027902043715183556, 0.42593929874387443, 0.18253621483224375, -0.01240232782910446, 0.00635764770461314, 0.37136153027500923, 0.14862835038529565, -0.03036433640831199, -0.061591771049262195, 0.21717985493176786, 0.09054267881910809, -0.037859685001236126], [-1.3255297776814237, -1.1146328053716532, -0.7541614815537373, -0.4920998381357498, -0.4202988499267042, -0.36753523472215627, 0.0, -0.19507736445007723, -0.3780720561878566, -0.33963319100697265, 0.05840406402171823, -0.18499901988991238, -0.3799375625512608, -0.36117758701754304, 0.0038262955528530797, -0.21890688433686048, -0.39789957113046787, -0.4291270057714183, -0.15035537979038816, -0.27699255590304805, -0.40539491972339214], [-1.1304524132313463, -0.9195554409215757, -0.5590841171036601, -0.2970224736856727, -0.22522148547662688, -0.17245787027207882, 0.19507736445007723, 0.0, -0.1829946917377793, -0.1445558265568953, 0.25348142847179544, 0.010078344560164914, -0.18486019810118332, -0.16610022256746565, 0.19890366000293042, -0.023829519886783123, -0.2028222066803907, -0.23404964132134104, 0.044721984659689164, -0.08191519145297071, -0.21031755527331492], [-0.9474577214935671, -0.7365607491837965, -0.37608942536588075, -0.11402778194789324, -0.04222679373884755, 0.010536821465700494, 0.3780720561878566, 0.1829946917377793, 0.0, 0.038438865180884046, 0.4364761202095748, 0.19307303629794423, -0.0018655063634039682, 0.01689446917031363, 0.38189835174070985, 0.15916517185099616, -0.019827514942611493, -0.05105494958356171, 0.22771667639746856, 0.10107950028480857, -0.027322863535535626], [-0.9858965866744508, -0.7749996143646807, -0.41452829054676477, -0.15246664712877733, -0.08066565891973163, -0.027902043715183556, 0.33963319100697265, 0.1445558265568953, -0.038438865180884046, 0.0, 0.3980372550286908, 0.15463417111706018, -0.04030437154428802, -0.02154439601057042, 0.3434594865598256, 0.12072630667011214, -0.05826638012349553, -0.08949381476444578, 0.1892778112165844, 0.06264063510392456, -0.06576172871641969], [-1.3839338417031417, -1.1730368693933713, -0.8125655455754557, -0.5505039021574683, -0.4787029139484224, -0.42593929874387443, -0.05840406402171823, -0.25348142847179544, -0.4364761202095748, -0.3980372550286908, 0.0, -0.2434030839116306, -0.4383416265729788, -0.4195816510392612, -0.05457776846886515, -0.27731094835857867, -0.4563036351521862, -0.4875310697931364, -0.20875944381210643, -0.3353966199247662, -0.4637989837451103], [-1.140530757791511, -0.9296337854817405, -0.5691624616638249, -0.3071008182458375, -0.23529983003679183, -0.18253621483224375, 0.18499901988991238, -0.010078344560164914, -0.19307303629794423, -0.15463417111706018, 0.2434030839116306, 0.0, -0.1949385426613482, -0.1761785671276306, 0.1888253154427656, -0.033907864446948065, -0.21290055124055574, -0.2441279858815059, 0.03464364009952425, -0.0919935360131356, -0.22039589983347985], [-0.945592215130163, -0.7346952428203928, -0.37422391900247687, -0.11216227558448937, -0.04036128737544357, 0.01240232782910446, 0.3799375625512608, 0.18486019810118332, 0.0018655063634039682, 0.04030437154428802, 0.4383416265729788, 0.1949385426613482, 0.0, 0.0187599755337176, 0.3837638581041138, 0.16103067821440015, -0.01796200857920753, -0.04918944322015772, 0.22958218276087242, 0.10294500664821253, -0.025457357172131666], [-0.9643521906638813, -0.7534552183541102, -0.3929838945361942, -0.13092225111820688, -0.059121262909161205, -0.00635764770461314, 0.36117758701754304, 0.16610022256746565, -0.01689446917031363, 0.02154439601057042, 0.4195816510392612, 0.1761785671276306, -0.0187599755337176, 0.0, 0.36500388257039595, 0.14227070268068245, -0.03672198411292512, -0.06794941875387535, 0.21082220722715483, 0.08418503111449492, -0.04421733270584927], [-1.3293560732342777, -1.1184591009245064, -0.7579877771065908, -0.49592613368860283, -0.4241251454795572, -0.37136153027500923, -0.0038262955528530797, -0.19890366000293042, -0.38189835174070985, -0.3434594865598256, 0.05457776846886515, -0.1888253154427656, -0.3837638581041138, -0.36500388257039595, 0.0, -0.22273317988971353, -0.40172586668332116, -0.43295330132427146, -0.15418167534324123, -0.28081885145590113, -0.4092212152762454], [-1.1066228933445637, -0.8957259210347925, -0.5352545972168768, -0.27319295379888947, -0.20139196558984376, -0.14862835038529565, 0.21890688433686048, 0.023829519886783123, -0.15916517185099616, -0.12072630667011214, 0.27731094835857867, 0.033907864446948065, -0.16103067821440015, -0.14227070268068245, 0.22273317988971353, 0.0, -0.17899268679360766, -0.2102201214345579, 0.06855150454647232, -0.058085671566187554, -0.18648803538653186], [-0.9276302065509561, -0.7167332342411852, -0.35626191042326916, -0.09420026700528174, -0.022399278796236072, 0.03036433640831199, 0.39789957113046787, 0.2028222066803907, 0.019827514942611493, 0.05826638012349553, 0.4563036351521862, 0.21290055124055574, 0.01796200857920753, 0.03672198411292512, 0.40172586668332116, 0.17899268679360766, 0.0, -0.031227434640950222, 0.24754419134007996, 0.12090701522742008, -0.007495348592924136], [-0.8964027719100051, -0.6855057996002345, -0.32503447578231914, -0.06297283236433157, 0.008828155844714157, 0.061591771049262195, 0.4291270057714183, 0.23404964132134104, 0.05105494958356171, 0.08949381476444578, 0.4875310697931364, 0.2441279858815059, 0.04918944322015772, 0.06794941875387535, 0.43295330132427146, 0.2102201214345579, 0.031227434640950222, 0.0, 0.2787716259810302, 0.15213444986837033, 0.02373208604802608], [-1.175174397891036, -0.9642774255812644, -0.6038061017633495, -0.3417444583453619, -0.269943470136316, -0.21717985493176786, 0.15035537979038816, -0.044721984659689164, -0.22771667639746856, -0.1892778112165844, 0.20875944381210643, -0.03464364009952425, -0.22958218276087242, -0.21082220722715483, 0.15418167534324123, -0.06855150454647232, -0.24754419134007996, -0.2787716259810302, 0.0, -0.1266371761126599, -0.25503953993300416], [-1.0485372217783755, -0.837640249468605, -0.4771689256506891, -0.2151072822327018, -0.14330629402365613, -0.09054267881910809, 0.27699255590304805, 0.08191519145297071, -0.10107950028480857, -0.06264063510392456, 0.3353966199247662, 0.0919935360131356, -0.10294500664821253, -0.08418503111449492, 0.28081885145590113, 0.058085671566187554, -0.12090701522742008, -0.15213444986837033, 0.1266371761126599, 0.0, -0.12840236382034423], [-0.9201348579580317, -0.7092378856482607, -0.3487665618303452, -0.0867049184123577, -0.01490393020331194, 0.037859685001236126, 0.40539491972339214, 0.21031755527331492, 0.027322863535535626, 0.06576172871641969, 0.4637989837451103, 0.22039589983347985, 0.025457357172131666, 0.04421733270584927, 0.4092212152762454, 0.18648803538653186, 0.007495348592924136, -0.02373208604802608, 0.25503953993300416, 0.12840236382034423, 0.0]]]