[[[0.0, -0.2793657302929422, -0.4095825642552679, -0.26609455960370615, -0.06833794194157476, -0.4004956161856574, -0.4482903809407658, -0.4260274694055075, -0.4241310080689002, -0.16806528700940834, -0.17567959535186303, -0.1602736945987405, -0.1819810292526124, 0.055309476938093675, 0.0848464130188162, 0.07521943157849192, 0.05051668938538288, 0.28358050927389217, 0.30831779809484294, 0.2804173698310575, 0.25308120645180104], [0.2793657302929422, 0.0, -0.13021683396232578, 0.013271170689236094, 0.21102778835136754, -0.12112988589271506, -0.16892465064782372, -0.14666173911256536, -0.14476527777595774, 0.11130044328353379, 0.10368613494107913, 0.1190920356942017, 0.09738470104032981, 0.33467520723103583, 0.36421214331175844, 0.3545851618714342, 0.3298824196783252, 0.5629462395668343, 0.587683528387785, 0.5597831001239997, 0.5324469367447433], [0.4095825642552679, 0.13021683396232578, 0.0, 0.14348800465156192, 0.34124462231369324, 0.00908694806961068, -0.03870781668549792, -0.016444905150239605, -0.014548443813631972, 0.24151727724585964, 0.23390296890340498, 0.24930886965652754, 0.22760153500265556, 0.46489204119336186, 0.4944289772740842, 0.48480199583375994, 0.4600992536406512, 0.69316307352916, 0.7179003623501111, 0.6899999340863252, 0.6626637707070693], [0.26609455960370615, -0.013271170689236094, -0.14348800465156192, 0.0, 0.19775661766213137, -0.13440105658195123, -0.18219582133705983, -0.15993290980180144, -0.15803644846519382, 0.09802927259429768, 0.09041496425184302, 0.1058208650049656, 0.08411353035109373, 0.3214040365417997, 0.35094097262252233, 0.341313991182198, 0.31661124898908893, 0.5496750688775984, 0.5744123576985491, 0.5465119294347637, 0.5191757660555073], [0.06833794194157476, -0.21102778835136754, -0.34124462231369324, -0.19775661766213137, 0.0, -0.33215767424408255, -0.3799524389991914, -0.35768952746393273, -0.35579306612732514, -0.09972734506783365, -0.10734165341028828, -0.09193575265716576, -0.11364308731103762, 0.12364741887966839, 0.15318435496039093, 0.1435573735200667, 0.11885463132695766, 0.3519184512154671, 0.3766557400364179, 0.34875531177263236, 0.3214191483933759], [0.4004956161856574, 0.12112988589271506, -0.00908694806961068, 0.13440105658195123, 0.33215767424408255, 0.0, -0.04779476475510859, -0.025531853219850277, -0.023635391883242655, 0.23243032917624892, 0.22481602083379426, 0.2402219215869168, 0.21851458693304487, 0.45580509312375106, 0.48534202920447345, 0.47571504776414925, 0.45101230557104016, 0.6840761254595497, 0.7088134142805004, 0.680912986016715, 0.6535768226374584], [0.4482903809407658, 0.16892465064782372, 0.03870781668549792, 0.18219582133705983, 0.3799524389991914, 0.04779476475510859, 0.0, 0.022262911535258327, 0.024159372871865946, 0.2802250939313575, 0.27261078558890284, 0.2880166863420254, 0.2663093516881535, 0.5035998578788597, 0.5331367939595822, 0.5235098125192578, 0.4988070703261489, 0.7318708902146582, 0.7566081790356091, 0.7287077507718231, 0.7013715873925673], [0.4260274694055075, 0.14666173911256536, 0.016444905150239605, 0.15993290980180144, 0.35768952746393273, 0.025531853219850277, -0.022262911535258327, 0.0, 0.001896461336607624, 0.25796218239609925, 0.25034787405364467, 0.26575377480676704, 0.24404644015289523, 0.4813369463436013, 0.5108738824243239, 0.5012469009839996, 0.4765441587908905, 0.7096079786794001, 0.7343452675003505, 0.7064448392365652, 0.6791086758573088], [0.4241310080689002, 0.14476527777595774, 0.014548443813631972, 0.15803644846519382, 0.35579306612732514, 0.023635391883242655, -0.024159372871865946, -0.001896461336607624, 0.0, 0.2560657210594915, 0.24845141271703708, 0.2638573134701594, 0.2421499788162876, 0.4794404850069939, 0.5089774210877162, 0.499350439647392, 0.47464769745428287, 0.7077115173427921, 0.7324488061637427, 0.7045483778999576, 0.6772122145207012], [0.16806528700940834, -0.11130044328353379, -0.24151727724585964, -0.09802927259429768, 0.09972734506783365, -0.23243032917624892, -0.2802250939313575, -0.25796218239609925, -0.2560657210594915, 0.0, -0.007614308342454646, 0.007791592410667894, -0.013915742243203974, 0.22337476394750205, 0.2529117000282247, 0.24328471858790038, 0.21858197639479138, 0.45164579628330065, 0.47638308510425154, 0.44848265684046623, 0.42114649346120964], [0.17567959535186303, -0.10368613494107913, -0.23390296890340498, -0.09041496425184302, 0.10734165341028828, -0.22481602083379426, -0.27261078558890284, -0.25034787405364467, -0.24845141271703708, 0.007614308342454646, 0.0, 0.015405900753122542, -0.006301433900749328, 0.23098907228995663, 0.2605260083706793, 0.25089902693035504, 0.22619628473724596, 0.45926010462575517, 0.48399739344670606, 0.4560969651829207, 0.42876080180366416], [0.1602736945987405, -0.1190920356942017, -0.24930886965652754, -0.1058208650049656, 0.09193575265716576, -0.2402219215869168, -0.2880166863420254, -0.26575377480676704, -0.2638573134701594, -0.007791592410667894, -0.015405900753122542, 0.0, -0.02170733465387187, 0.21558317153683418, 0.24512010761755673, 0.23549312617723253, 0.21079038398412334, 0.44385420387263275, 0.46859149269358374, 0.44069106442979816, 0.4133549010505416], [0.1819810292526124, -0.09738470104032981, -0.22760153500265556, -0.08411353035109373, 0.11364308731103762, -0.21851458693304487, -0.2663093516881535, -0.24404644015289523, -0.2421499788162876, 0.013915742243203974, 0.006301433900749328, 0.02170733465387187, 0.0, 0.23729050619070605, 0.2668274422714287, 0.2572004608311044, 0.23249771863799532, 0.4655615385265047, 0.49029882734745533, 0.4623983990836701, 0.43506223570441355], [-0.055309476938093675, -0.33467520723103583, -0.46489204119336186, -0.3214040365417997, -0.12364741887966839, -0.45580509312375106, -0.5035998578788597, -0.4813369463436013, -0.4794404850069939, -0.22337476394750205, -0.23098907228995663, -0.21558317153683418, -0.23729050619070605, 0.0, 0.029536936080722533, 0.019909954640398252, -0.004792787552710804, 0.22827103233579865, 0.2530083211567495, 0.2251078928929639, 0.19777172951370744], [-0.0848464130188162, -0.36421214331175844, -0.4944289772740842, -0.35094097262252233, -0.15318435496039093, -0.48534202920447345, -0.5331367939595822, -0.5108738824243239, -0.5089774210877162, -0.2529117000282247, -0.2605260083706793, -0.24512010761755673, -0.2668274422714287, -0.029536936080722533, 0.0, -0.009626981440324285, -0.03432972363343333, 0.19873409625507613, 0.2234713850760267, 0.19557095681224135, 0.16823479343298492], [-0.07521943157849192, -0.3545851618714342, -0.48480199583375994, -0.341313991182198, -0.1435573735200667, -0.47571504776414925, -0.5235098125192578, -0.5012469009839996, -0.499350439647392, -0.24328471858790038, -0.25089902693035504, -0.23549312617723253, -0.2572004608311044, -0.019909954640398252, 0.009626981440324285, 0.0, -0.024702742193109063, 0.20836107769540047, 0.23309836651635113, 0.20519793825256571, 0.1778617748733092], [-0.05051668938538288, -0.3298824196783252, -0.4600992536406512, -0.31661124898908893, -0.11885463132695766, -0.45101230557104016, -0.4988070703261489, -0.4765441587908905, -0.47464769745428287, -0.21858197639479138, -0.22619628473724596, -0.21079038398412334, -0.23249771863799532, 0.004792787552710804, 0.03432972363343333, 0.024702742193109063, 0.0, 0.23306381988850944, 0.2578011087094602, 0.22990068044567466, 0.2025645170664183], [-0.28358050927389217, -0.5629462395668343, -0.69316307352916, -0.5496750688775984, -0.3519184512154671, -0.6840761254595497, -0.7318708902146582, -0.7096079786794001, -0.7077115173427921, -0.45164579628330065, -0.45926010462575517, -0.44385420387263275, -0.4655615385265047, -0.22827103233579865, -0.19873409625507613, -0.20836107769540047, -0.23306381988850944, 0.0, 0.02473728882095068, -0.003163139442834742, -0.03049930282209119], [-0.30831779809484294, -0.587683528387785, -0.7179003623501111, -0.5744123576985491, -0.3766557400364179, -0.7088134142805004, -0.7566081790356091, -0.7343452675003505, -0.7324488061637427, -0.47638308510425154, -0.48399739344670606, -0.46859149269358374, -0.49029882734745533, -0.2530083211567495, -0.2234713850760267, -0.23309836651635113, -0.2578011087094602, -0.02473728882095068, 0.0, -0.027900428263785422, -0.055236591643041885], [-0.2804173698310575, -0.5597831001239997, -0.6899999340863252, -0.5465119294347637, -0.34875531177263236, -0.680912986016715, -0.7287077507718231, -0.7064448392365652, -0.7045483778999576, -0.44848265684046623, -0.4560969651829207, -0.44069106442979816, -0.4623983990836701, -0.2251078928929639, -0.19557095681224135, -0.20519793825256571, -0.22990068044567466, 0.003163139442834742, 0.027900428263785422, 0.0, -0.027336163379256456], [-0.25308120645180104, -0.5324469367447433, -0.6626637707070693, -0.5191757660555073, -0.3214191483933759, -0.6535768226374584, -0.7013715873925673, -0.6791086758573088, -0.6772122145207012, -0.42114649346120964, -0.42876080180366416, -0.4133549010505416, -0.43506223570441355, -0.19777172951370744, -0.16823479343298492, -0.1778617748733092, -0.2025645170664183, 0.03049930282209119, 0.055236591643041885, 0.027336163379256456, 0.0]], [[0.0, 0.1502339016780864, 0.4674803362838798, 0.7353583313799309, 0.8197538175045429, 0.9342258938706709, 1.2960297484946168, 1.2743162382202327, 1.2164728720551967, 0.9856833073437197, 1.3748662324777212, 1.2496674187676122, 1.133551583361392, 0.9706154080407068, 1.3587696498177062, 1.24081233397452, 1.1188765964967287, 0.8985945008158974, 1.1957738620647524, 1.1422049312675877, 1.0516772537306063], [-0.1502339016780864, 0.0, 0.31724643460579327, 0.5851244297018444, 0.6695199158264566, 0.7839919921925843, 1.1457958468165297, 1.1240823365421457, 1.0662389703771111, 0.8354494056656327, 1.2246323307996354, 1.0994335170895264, 0.9833176816833062, 0.8203815063626203, 1.20853574813962, 1.0905784322964331, 0.9686426948186427, 0.7483605991378107, 1.0455399603866662, 0.991971029589502, 0.9014433520525206], [-0.4674803362838798, -0.31724643460579327, 0.0, 0.26787799509605126, 0.35227348122066326, 0.46674555758679076, 0.8285494122107366, 0.8068359019363531, 0.748992535771317, 0.5182029710598396, 0.9073858961938422, 0.7821870824837329, 0.6660712470775125, 0.5031350717568267, 0.8912893135338267, 0.7733319976906404, 0.6513962602128492, 0.4311141645320174, 0.7282935257808731, 0.6747245949837084, 0.5841969174467267], [-0.7353583313799309, -0.5851244297018444, -0.26787799509605126, 0.0, 0.0843954861246121, 0.19886756249073984, 0.5606714171146855, 0.5389579068403016, 0.481114540675266, 0.25032497596378844, 0.6395079010977909, 0.5143090873876814, 0.39819325198146144, 0.2352570766607757, 0.6234113184377751, 0.5054540025945893, 0.3835182651167981, 0.1632361694359661, 0.46041553068482216, 0.40684659988765737, 0.31631892235067566], [-0.8197538175045429, -0.6695199158264566, -0.35227348122066326, -0.0843954861246121, 0.0, 0.1144720763661277, 0.47627593099007365, 0.45456242071568975, 0.3967190545506542, 0.16592948983917633, 0.5551124149731789, 0.42991360126306943, 0.3137977658568495, 0.15086159053616363, 0.539015832313163, 0.42105851646997733, 0.29912277899218576, 0.07884068331135408, 0.37602004456021015, 0.3224511137630452, 0.23192343622606376], [-0.9342258938706709, -0.7839919921925843, -0.46674555758679076, -0.19886756249073984, -0.1144720763661277, 0.0, 0.3618038546239458, 0.340090344349562, 0.2822469781845263, 0.05145741347304867, 0.44064033860705093, 0.31544152489694166, 0.19932568949072174, 0.036389514170035914, 0.4245437559470354, 0.30658644010384967, 0.1846507026260583, -0.035631393054773655, 0.2615479681940822, 0.20797903739691773, 0.11745135985993596], [-1.2960297484946168, -1.1457958468165297, -0.8285494122107366, -0.5606714171146855, -0.47627593099007365, -0.3618038546239458, 0.0, -0.021713510274383813, -0.07955687643941942, -0.3103464411508971, 0.0788364839831053, -0.04636232972700406, -0.16247816513322416, -0.32541434045391, 0.06273990132308956, -0.05521741452009623, -0.17715315199788748, -0.3974352476787197, -0.10025588642986358, -0.15382481722702815, -0.24435249476400997], [-1.2743162382202327, -1.1240823365421457, -0.8068359019363531, -0.5389579068403016, -0.45456242071568975, -0.340090344349562, 0.021713510274383813, 0.0, -0.057843366165035624, -0.28863293087651326, 0.10054999425748914, -0.024648819452620242, -0.1407646548588404, -0.30370083017952615, 0.08445341159747341, -0.033503904245712375, -0.15543964172350383, -0.3757217374043357, -0.07854237615547978, -0.13211130695264436, -0.222638984489626], [-1.2164728720551967, -1.0662389703771111, -0.748992535771317, -0.481114540675266, -0.3967190545506542, -0.2822469781845263, 0.07955687643941942, 0.057843366165035624, 0.0, -0.23078956471147768, 0.15839336042252478, 0.03319454671241539, -0.08292128869380473, -0.2458574640144904, 0.142296777762509, 0.024339461919323256, -0.09759627555846809, -0.3178783712393, -0.020699009990444134, -0.07426794078760877, -0.16479561832459041], [-0.9856833073437197, -0.8354494056656327, -0.5182029710598396, -0.25032497596378844, -0.16592948983917633, -0.05145741347304867, 0.3103464411508971, 0.28863293087651326, 0.23078956471147768, 0.0, 0.38918292513400243, 0.26398411142389316, 0.14786827601767305, -0.015067899303012727, 0.373086342473987, 0.255129026630801, 0.1331932891530096, -0.08708880652782229, 0.2100905547210335, 0.15652162392386895, 0.06599394638688735], [-1.3748662324777212, -1.2246323307996354, -0.9073858961938422, -0.6395079010977909, -0.5551124149731789, -0.44064033860705093, -0.0788364839831053, -0.10054999425748914, -0.15839336042252478, -0.38918292513400243, 0.0, -0.12519881371010944, -0.24131464911632944, -0.4042508244370151, -0.016096582660015728, -0.13405389850320154, -0.2559896359809929, -0.47627173166182496, -0.17909237041296888, -0.23266130121013354, -0.3231889787471152], [-1.2496674187676122, -1.0994335170895264, -0.7821870824837329, -0.5143090873876814, -0.42991360126306943, -0.31544152489694166, 0.04636232972700406, 0.024648819452620242, -0.03319454671241539, -0.26398411142389316, 0.12519881371010944, 0.0, -0.11611583540622013, -0.2790520107269058, 0.10910223105009356, -0.008855084793092143, -0.13079082227088354, -0.3510729179517154, -0.053893556702859516, -0.10746248750002416, -0.19799016503700576], [-1.133551583361392, -0.9833176816833062, -0.6660712470775125, -0.39819325198146144, -0.3137977658568495, -0.19932568949072174, 0.16247816513322416, 0.1407646548588404, 0.08292128869380473, -0.14786827601767305, 0.24131464911632944, 0.11611583540622013, 0.0, -0.16293617532068574, 0.22521806645631362, 0.10726075061312787, -0.01467498686466343, -0.23495708254549533, 0.06222227870336057, 0.00865334790619595, -0.08187432963078567], [-0.9706154080407068, -0.8203815063626203, -0.5031350717568267, -0.2352570766607757, -0.15086159053616363, -0.036389514170035914, 0.32541434045391, 0.30370083017952615, 0.2458574640144904, 0.015067899303012727, 0.4042508244370151, 0.2790520107269058, 0.16293617532068574, 0.0, 0.38815424177699953, 0.2701969259338137, 0.14826118845602232, -0.0720209072248096, 0.22515845402404625, 0.1715895232268817, 0.08106184568990012], [-1.3587696498177062, -1.20853574813962, -0.8912893135338267, -0.6234113184377751, -0.539015832313163, -0.4245437559470354, -0.06273990132308956, -0.08445341159747341, -0.142296777762509, -0.373086342473987, 0.016096582660015728, -0.10910223105009356, -0.22521806645631362, -0.38815424177699953, 0.0, -0.11795731584318572, -0.23989305332097696, -0.4601751490018089, -0.1629957877529532, -0.2165647185501178, -0.3070923960870994], [-1.24081233397452, -1.0905784322964331, -0.7733319976906404, -0.5054540025945893, -0.42105851646997733, -0.30658644010384967, 0.05521741452009623, 0.033503904245712375, -0.024339461919323256, -0.255129026630801, 0.13405389850320154, 0.008855084793092143, -0.10726075061312787, -0.2701969259338137, 0.11795731584318572, 0.0, -0.12193573747779136, -0.3422178331586234, -0.045038471909767376, -0.09860740270693201, -0.18913508024391365], [-1.1188765964967287, -0.9686426948186427, -0.6513962602128492, -0.3835182651167981, -0.29912277899218576, -0.1846507026260583, 0.17715315199788748, 0.15543964172350383, 0.09759627555846809, -0.1331932891530096, 0.2559896359809929, 0.13079082227088354, 0.01467498686466343, -0.14826118845602232, 0.23989305332097696, 0.12193573747779136, 0.0, -0.2202820956808319, 0.07689726556802397, 0.023328334770859382, -0.06719934276612224], [-0.8985945008158974, -0.7483605991378107, -0.4311141645320174, -0.1632361694359661, -0.07884068331135408, 0.035631393054773655, 0.3974352476787197, 0.3757217374043357, 0.3178783712393, 0.08708880652782229, 0.47627173166182496, 0.3510729179517154, 0.23495708254549533, 0.0720209072248096, 0.4601751490018089, 0.3422178331586234, 0.2202820956808319, 0.0, 0.2971793612488558, 0.24361043045169128, 0.15308275291470957], [-1.1957738620647524, -1.0455399603866662, -0.7282935257808731, -0.46041553068482216, -0.37602004456021015, -0.2615479681940822, 0.10025588642986358, 0.07854237615547978, 0.020699009990444134, -0.2100905547210335, 0.17909237041296888, 0.053893556702859516, -0.06222227870336057, -0.22515845402404625, 0.1629957877529532, 0.045038471909767376, -0.07689726556802397, -0.2971793612488558, 0.0, -0.05356893079716465, -0.14409660833414623], [-1.1422049312675877, -0.991971029589502, -0.6747245949837084, -0.40684659988765737, -0.3224511137630452, -0.20797903739691773, 0.15382481722702815, 0.13211130695264436, 0.07426794078760877, -0.15652162392386895, 0.23266130121013354, 0.10746248750002416, -0.00865334790619595, -0.1715895232268817, 0.2165647185501178, 0.09860740270693201, -0.023328334770859382, -0.24361043045169128, 0.05356893079716465, 0.0, -0.09052767753698161], [-1.0516772537306063, -0.9014433520525206, -0.5841969174467267, -0.31631892235067566, -0.23192343622606376, -0.11745135985993596, 0.24435249476400997, 0.222638984489626, 0.16479561832459041, -0.06599394638688735, 0.3231889787471152, 0.19799016503700576, 0.08187432963078567, -0.08106184568990012, 0.3070923960870994, 0.18913508024391365, 0.06719934276612224, -0.15308275291470957, 0.14409660833414623, 0.09052767753698161, 0.0]]]