[[[0.0, -0.25611499513926694, -0.42803162858657406, -0.4393806087146107, -0.3174636228249596, -0.27768742640917365, -0.3152846347492078, -0.3225140265012863, -0.294773787749819, -0.0708609897332575, -0.05550405828674879, -0.09443393326415812, -0.10601540359483433, 0.1432422101346605, 0.19422908452432655, 0.11672793533248742, 0.0873900520292381, 0.3653484041918676, 0.3871767450257108, 0.30624040221395515, 0.26868466053679924], [0.25611499513926694, 0.0, -0.17191663344730695, -0.18326561357534385, -0.06134862768569275, -0.021572431269906725, -0.059169639609940906, -0.06639903136201936, -0.03865879261055192, 0.18525400540600945, 0.20061093685251813, 0.16168106187510883, 0.1500995915444326, 0.3993572052739274, 0.45034407966359374, 0.37284293047175443, 0.3435050471685051, 0.6214633993311347, 0.6432917401649776, 0.562355397353222, 0.524799655676066], [0.42803162858657406, 0.17191663344730695, 0.0, -0.011348980128036961, 0.11056800576161425, 0.15034420217740024, 0.11274699383736608, 0.1055176020852876, 0.13325784083675504, 0.3571706388533166, 0.3725275702998253, 0.33359769532241584, 0.32201622499173943, 0.5712738387212345, 0.6222607131109005, 0.5447595639190613, 0.515421680615812, 0.7933800327784413, 0.8152083736122847, 0.7342720308005292, 0.6967162891233737], [0.4393806087146107, 0.18326561357534385, 0.011348980128036961, 0.0, 0.12191698588965126, 0.16169318230543728, 0.12409597396540299, 0.11686658221332454, 0.14460682096479205, 0.3685196189813532, 0.383876550427862, 0.3449466754504529, 0.3333652051197765, 0.5826228188492714, 0.6336096932389372, 0.5561085440470984, 0.526770660743849, 0.8047290129064787, 0.8265573537403218, 0.7456210109285658, 0.7080652692514103], [0.3174636228249596, 0.06134862768569275, -0.11056800576161425, -0.12191698588965126, 0.0, 0.039776196415785975, 0.0021789880757517874, -0.005050403676326686, 0.022689835075140795, 0.24660263309170216, 0.26195956453821084, 0.22302968956080163, 0.2114482192301253, 0.4607058329596203, 0.5116927073492863, 0.4341915581574473, 0.4048536748541976, 0.6828120270168273, 0.7046403678506704, 0.6237040250389145, 0.5861482833617591], [0.27768742640917365, 0.021572431269906725, -0.15034420217740024, -0.16169318230543728, -0.039776196415785975, 0.0, -0.03759720834003419, -0.04482660009211267, -0.01708636134064517, 0.20682643667591616, 0.22218336812242487, 0.18325349314501554, 0.17167202281433938, 0.4209296365438341, 0.47191651093350045, 0.39441536174166103, 0.3650774784384118, 0.6430358306010413, 0.6648641714348846, 0.5839278286231289, 0.5463720869459731], [0.3152846347492078, 0.059169639609940906, -0.11274699383736608, -0.12409597396540299, -0.0021789880757517874, 0.03759720834003419, 0.0, -0.007229391752078473, 0.02051084699938902, 0.24442364501595035, 0.25978057646245906, 0.22085070148504982, 0.20926923115437354, 0.4585268448838686, 0.5095137192735344, 0.43201257008169525, 0.40267468677844603, 0.6806330389410755, 0.7024613797749187, 0.6215250369631632, 0.5839692952860074], [0.3225140265012863, 0.06639903136201936, -0.1055176020852876, -0.11686658221332454, 0.005050403676326686, 0.04482660009211267, 0.007229391752078473, 0.0, 0.027740238751467482, 0.2516530367680289, 0.26700996821453754, 0.22808009323712813, 0.21649862290645203, 0.4657562366359471, 0.5167431110256127, 0.43924196183377384, 0.4099040785305245, 0.6878624306931539, 0.7096907715269972, 0.6287544287152415, 0.5911986870380856], [0.294773787749819, 0.03865879261055192, -0.13325784083675504, -0.14460682096479205, -0.022689835075140795, 0.01708636134064517, -0.02051084699938902, -0.027740238751467482, 0.0, 0.22391279801656128, 0.23926972946307007, 0.20033985448566072, 0.18875838415498453, 0.4380159978844791, 0.48900287227414535, 0.4115017230823062, 0.38216383977905694, 0.6601221919416864, 0.6819505327755295, 0.6010141899637742, 0.5634584482866181], [0.0708609897332575, -0.18525400540600945, -0.3571706388533166, -0.3685196189813532, -0.24660263309170216, -0.20682643667591616, -0.24442364501595035, -0.2516530367680289, -0.22391279801656128, 0.0, 0.01535693144650866, -0.023572943530900618, -0.035154413861576826, 0.214103199867918, 0.2650900742575841, 0.1875889250657448, 0.15825104176249558, 0.436209393925125, 0.4580377347589682, 0.3771013919472126, 0.33954565027005673], [0.05550405828674879, -0.20061093685251813, -0.3725275702998253, -0.383876550427862, -0.26195956453821084, -0.22218336812242487, -0.25978057646245906, -0.26700996821453754, -0.23926972946307007, -0.01535693144650866, 0.0, -0.038929874977409296, -0.05051134530808549, 0.19874626842140938, 0.24973314281107545, 0.1722319936192362, 0.14289411031598695, 0.42085246247861646, 0.4426808033124596, 0.361744460500704, 0.3241887188235482], [0.09443393326415812, -0.16168106187510883, -0.33359769532241584, -0.3449466754504529, -0.22302968956080163, -0.18325349314501554, -0.22085070148504982, -0.22808009323712813, -0.20033985448566072, 0.023572943530900618, 0.038929874977409296, 0.0, -0.011581470330676196, 0.23767614339881876, 0.2886630177884847, 0.2111618685966454, 0.1818239852933961, 0.4597823374560257, 0.48161067828986903, 0.40067433547811304, 0.36311859380095757], [0.10601540359483433, -0.1500995915444326, -0.32201622499173943, -0.3333652051197765, -0.2114482192301253, -0.17167202281433938, -0.20926923115437354, -0.21649862290645203, -0.18875838415498453, 0.035154413861576826, 0.05051134530808549, 0.011581470330676196, 0.0, 0.24925761372949487, 0.30024448811916077, 0.2227433389273216, 0.19340545562407233, 0.4713638077867022, 0.4931921486205454, 0.41225580580878946, 0.3747000641316336], [-0.1432422101346605, -0.3993572052739274, -0.5712738387212345, -0.5826228188492714, -0.4607058329596203, -0.4209296365438341, -0.4585268448838686, -0.4657562366359471, -0.4380159978844791, -0.214103199867918, -0.19874626842140938, -0.23767614339881876, -0.24925761372949487, 0.0, 0.050986874389666, -0.026514274802173176, -0.0558521581054225, 0.22210619405720722, 0.24393453489105035, 0.16299819207929456, 0.1254424504021388], [-0.19422908452432655, -0.45034407966359374, -0.6222607131109005, -0.6336096932389372, -0.5116927073492863, -0.47191651093350045, -0.5095137192735344, -0.5167431110256127, -0.48900287227414535, -0.2650900742575841, -0.24973314281107545, -0.2886630177884847, -0.30024448811916077, -0.050986874389666, 0.0, -0.07750114919183916, -0.1068390324950885, 0.17111931966754113, 0.1929476605013842, 0.11201131768962855, 0.07445557601247282], [-0.11672793533248742, -0.37284293047175443, -0.5447595639190613, -0.5561085440470984, -0.4341915581574473, -0.39441536174166103, -0.43201257008169525, -0.43924196183377384, -0.4115017230823062, -0.1875889250657448, -0.1722319936192362, -0.2111618685966454, -0.2227433389273216, 0.026514274802173176, 0.07750114919183916, 0.0, -0.029337883303249303, 0.24862046885938033, 0.2704488096932235, 0.18951246688146778, 0.15195672520431192], [-0.0873900520292381, -0.3435050471685051, -0.515421680615812, -0.526770660743849, -0.4048536748541976, -0.3650774784384118, -0.40267468677844603, -0.4099040785305245, -0.38216383977905694, -0.15825104176249558, -0.14289411031598695, -0.1818239852933961, -0.19340545562407233, 0.0558521581054225, 0.1068390324950885, 0.029337883303249303, 0.0, 0.27795835216262954, 0.29978669299647276, 0.2188503501847171, 0.18129460850756132], [-0.3653484041918676, -0.6214633993311347, -0.7933800327784413, -0.8047290129064787, -0.6828120270168273, -0.6430358306010413, -0.6806330389410755, -0.6878624306931539, -0.6601221919416864, -0.436209393925125, -0.42085246247861646, -0.4597823374560257, -0.4713638077867022, -0.22210619405720722, -0.17111931966754113, -0.24862046885938033, -0.27795835216262954, 0.0, 0.021828340833843166, -0.05910800197791247, -0.0966637436550683], [-0.3871767450257108, -0.6432917401649776, -0.8152083736122847, -0.8265573537403218, -0.7046403678506704, -0.6648641714348846, -0.7024613797749187, -0.7096907715269972, -0.6819505327755295, -0.4580377347589682, -0.4426808033124596, -0.48161067828986903, -0.4931921486205454, -0.24393453489105035, -0.1929476605013842, -0.2704488096932235, -0.29978669299647276, -0.021828340833843166, 0.0, -0.08093634281175566, -0.1184920844889115], [-0.30624040221395515, -0.562355397353222, -0.7342720308005292, -0.7456210109285658, -0.6237040250389145, -0.5839278286231289, -0.6215250369631632, -0.6287544287152415, -0.6010141899637742, -0.3771013919472126, -0.361744460500704, -0.40067433547811304, -0.41225580580878946, -0.16299819207929456, -0.11201131768962855, -0.18951246688146778, -0.2188503501847171, 0.05910800197791247, 0.08093634281175566, 0.0, -0.03755574167715584], [-0.26868466053679924, -0.524799655676066, -0.6967162891233737, -0.7080652692514103, -0.5861482833617591, -0.5463720869459731, -0.5839692952860074, -0.5911986870380856, -0.5634584482866181, -0.33954565027005673, -0.3241887188235482, -0.36311859380095757, -0.3747000641316336, -0.1254424504021388, -0.07445557601247282, -0.15195672520431192, -0.18129460850756132, 0.0966637436550683, 0.1184920844889115, 0.03755574167715584, 0.0]], [[0.0, 0.1669200810267962, 0.4533568914568917, 0.702759626200311, 0.8308187370492347, 0.9607681273039931, 1.3650340439770339, 1.1893419930622706, 0.9989814611278994, 0.997344122061852, 1.424625205783074, 1.2105582344460983, 1.0233759930295658, 0.9822399611010872, 1.4120049621489965, 1.229603065822799, 1.050654220182345, 0.9140551568354653, 1.2239995232553542, 1.1364575011489033, 1.0081473030616543], [-0.1669200810267962, 0.0, 0.2864368104300954, 0.5358395451735146, 0.6638986560224386, 0.7938480462771959, 1.1981139629502375, 1.0224219120354743, 0.8320613801011038, 0.8304240410350552, 1.2577051247562772, 1.0436381534193016, 0.8564559120027698, 0.8153198800742913, 1.2450848811222004, 1.0626829847960022, 0.8837341391555488, 0.7471350758086693, 1.0570794422285577, 0.9695374201221075, 0.8412272220348587], [-0.4533568914568917, -0.2864368104300954, 0.0, 0.24940273474341956, 0.37746184559234286, 0.507411235847101, 0.911677152520142, 0.7359851016053789, 0.5456245696710083, 0.5439872306049599, 0.9712683143261822, 0.7572013429892063, 0.5700191015726742, 0.5288830696441954, 0.9586480706921052, 0.7762461743659071, 0.5972973287254536, 0.4606982653785741, 0.7706426317984626, 0.6831006096920125, 0.554790411604763], [-0.702759626200311, -0.5358395451735146, -0.24940273474341956, 0.0, 0.12805911084892355, 0.2580085011036815, 0.6622744177767226, 0.4865823668619592, 0.2962218349275885, 0.29458449586154056, 0.7218655795827624, 0.5077986082457868, 0.3206163668292548, 0.2794803349007761, 0.7092453359486858, 0.5268434396224876, 0.34789459398203393, 0.21129553063515435, 0.5212398970550434, 0.43369787494859324, 0.3053876768613434], [-0.8308187370492347, -0.6638986560224386, -0.37746184559234286, -0.12805911084892355, 0.0, 0.12994939025475788, 0.5342153069277993, 0.35852325601303564, 0.16816272407866514, 0.166525385012617, 0.5938064687338394, 0.3797394973968637, 0.19255725598033127, 0.15142122405185268, 0.581186225099762, 0.3987843287735642, 0.21983548313311035, 0.08323641978623092, 0.3931807862061196, 0.30563876409966967, 0.17732856601241997], [-0.9607681273039931, -0.7938480462771959, -0.507411235847101, -0.2580085011036815, -0.12994939025475788, 0.0, 0.404265916673041, 0.22857386575827784, 0.03821333382390718, 0.03657599475785899, 0.4638570784790813, 0.24979010714210556, 0.06260786572557335, 0.02147183379709464, 0.451236834845004, 0.26883493851880613, 0.08988609287835236, -0.046712970468527064, 0.26323139595136175, 0.1756893738449116, 0.04737917575766191], [-1.3650340439770339, -1.1981139629502375, -0.911677152520142, -0.6622744177767226, -0.5342153069277993, -0.404265916673041, 0.0, -0.17569205091476334, -0.3660525828491339, -0.367689921915182, 0.05959116180604019, -0.15447580953093554, -0.3416580509474676, -0.38279408287594635, 0.04697091817196283, -0.13543097815423497, -0.31437982379468876, -0.45097888714156786, -0.14103452072167946, -0.22857654282812945, -0.35688674091537914], [-1.1893419930622706, -1.0224219120354743, -0.7359851016053789, -0.4865823668619592, -0.35852325601303564, -0.22857386575827784, 0.17569205091476334, 0.0, -0.19036053193437064, -0.19199787100041885, 0.23528321272080355, 0.021216241383827807, -0.16596600003270434, -0.2071020319611831, 0.22266296908672625, 0.04026107276052835, -0.1386877728799255, -0.27528683622680483, 0.034657530193083916, -0.05288449191336623, -0.18119469000061578], [-0.9989814611278994, -0.8320613801011038, -0.5456245696710083, -0.2962218349275885, -0.16816272407866514, -0.03821333382390718, 0.3660525828491339, 0.19036053193437064, 0.0, -0.0016373390660481871, 0.4256437446551741, 0.21157677331819832, 0.024394531901666187, -0.016741500026812538, 0.4130235010210967, 0.230621604694899, 0.051672759054445176, -0.08492630429243425, 0.2250180621274546, 0.13747604002100436, 0.00916584193375474], [-0.997344122061852, -0.8304240410350552, -0.5439872306049599, -0.29458449586154056, -0.166525385012617, -0.03657599475785899, 0.367689921915182, 0.19199787100041885, 0.0016373390660481871, 0.0, 0.4272810837212224, 0.21321411238424656, 0.02603187096771437, -0.015104160960764345, 0.41466084008714504, 0.2322589437609472, 0.05331009812049336, -0.08328896522638607, 0.2266554011935027, 0.13911337908705254, 0.010803180999802929], [-1.424625205783074, -1.2577051247562772, -0.9712683143261822, -0.7218655795827624, -0.5938064687338394, -0.4638570784790813, -0.05959116180604019, -0.23528321272080355, -0.4256437446551741, -0.4272810837212224, 0.0, -0.21406697133697566, -0.4012492127535077, -0.44238524468198664, -0.01262024363407732, -0.19502213996027504, -0.37397098560072883, -0.5105700489476083, -0.20062568252771956, -0.28816770463416974, -0.41647790272141916], [-1.2105582344460983, -1.0436381534193016, -0.7572013429892063, -0.5077986082457868, -0.3797394973968637, -0.24979010714210556, 0.15447580953093554, -0.021216241383827807, -0.21157677331819832, -0.21321411238424656, 0.21406697133697566, 0.0, -0.18718224141653214, -0.22831827334501104, 0.20144672770289826, 0.019044831376700554, -0.1599040142637533, -0.29650307761063255, 0.013441288809256102, -0.07410073329719405, -0.20241093138444352], [-1.0233759930295658, -0.8564559120027698, -0.5700191015726742, -0.3206163668292548, -0.19255725598033127, -0.06260786572557335, 0.3416580509474676, 0.16596600003270434, -0.024394531901666187, -0.02603187096771437, 0.4012492127535077, 0.18718224141653214, 0.0, -0.04113603192847871, 0.38862896911943046, 0.20622707279323269, 0.027278227152778996, -0.10932083619410042, 0.20062353022578833, 0.11308150811933816, -0.015228689967911444], [-0.9822399611010872, -0.8153198800742913, -0.5288830696441954, -0.2794803349007761, -0.15142122405185268, -0.02147183379709464, 0.38279408287594635, 0.2071020319611831, 0.016741500026812538, 0.015104160960764345, 0.44238524468198664, 0.22831827334501104, 0.04113603192847871, 0.0, 0.42976500104790943, 0.24736310472171147, 0.0684142590812577, -0.06818480426562173, 0.2417595621542671, 0.1542175400478169, 0.02590734196056726], [-1.4120049621489965, -1.2450848811222004, -0.9586480706921052, -0.7092453359486858, -0.581186225099762, -0.451236834845004, -0.04697091817196283, -0.22266296908672625, -0.4130235010210967, -0.41466084008714504, 0.01262024363407732, -0.20144672770289826, -0.38862896911943046, -0.42976500104790943, 0.0, -0.18240189632619785, -0.3613507419666515, -0.4979498053135313, -0.18800543889364218, -0.2755474610000924, -0.4038576590873423], [-1.229603065822799, -1.0626829847960022, -0.7762461743659071, -0.5268434396224876, -0.3987843287735642, -0.26883493851880613, 0.13543097815423497, -0.04026107276052835, -0.230621604694899, -0.2322589437609472, 0.19502213996027504, -0.019044831376700554, -0.20622707279323269, -0.24736310472171147, 0.18240189632619785, 0.0, -0.17894884564045377, -0.31554790898733304, -0.005603542567444454, -0.09314556467389458, -0.22145576276114418], [-1.050654220182345, -0.8837341391555488, -0.5972973287254536, -0.34789459398203393, -0.21983548313311035, -0.08988609287835236, 0.31437982379468876, 0.1386877728799255, -0.051672759054445176, -0.05331009812049336, 0.37397098560072883, 0.1599040142637533, -0.027278227152778996, -0.0684142590812577, 0.3613507419666515, 0.17894884564045377, 0.0, -0.13659906334687943, 0.1733453030730093, 0.08580328096655919, -0.04250691712069044], [-0.9140551568354653, -0.7471350758086693, -0.4606982653785741, -0.21129553063515435, -0.08323641978623092, 0.046712970468527064, 0.45097888714156786, 0.27528683622680483, 0.08492630429243425, 0.08328896522638607, 0.5105700489476083, 0.29650307761063255, 0.10932083619410042, 0.06818480426562173, 0.4979498053135313, 0.31554790898733304, 0.13659906334687943, 0.0, 0.3099443664198887, 0.22240234431343853, 0.09409214622618899], [-1.2239995232553542, -1.0570794422285577, -0.7706426317984626, -0.5212398970550434, -0.3931807862061196, -0.26323139595136175, 0.14103452072167946, -0.034657530193083916, -0.2250180621274546, -0.2266554011935027, 0.20062568252771956, -0.013441288809256102, -0.20062353022578833, -0.2417595621542671, 0.18800543889364218, 0.005603542567444454, -0.1733453030730093, -0.3099443664198887, 0.0, -0.08754202210645012, -0.21585222019369962], [-1.1364575011489033, -0.9695374201221075, -0.6831006096920125, -0.43369787494859324, -0.30563876409966967, -0.1756893738449116, 0.22857654282812945, 0.05288449191336623, -0.13747604002100436, -0.13911337908705254, 0.28816770463416974, 0.07410073329719405, -0.11308150811933816, -0.1542175400478169, 0.2755474610000924, 0.09314556467389458, -0.08580328096655919, -0.22240234431343853, 0.08754202210645012, 0.0, -0.1283101980872496], [-1.0081473030616543, -0.8412272220348587, -0.554790411604763, -0.3053876768613434, -0.17732856601241997, -0.04737917575766191, 0.35688674091537914, 0.18119469000061578, -0.00916584193375474, -0.010803180999802929, 0.41647790272141916, 0.20241093138444352, 0.015228689967911444, -0.02590734196056726, 0.4038576590873423, 0.22145576276114418, 0.04250691712069044, -0.09409214622618899, 0.21585222019369962, 0.1283101980872496, 0.0]]]