[[[0.0, -0.36289750957117695, -0.4362131327445747, -0.32737879318701035, -0.21099524004396691, -0.3748744100884769, -0.45409881976360844, -0.4444379672681571, -0.4242456137530063, -0.1407182897016611, -0.16990275096871169, -0.17632177393942927, -0.18597735206656893, 0.09249103163546421, 0.09067958628334848, 0.06546099821306699, 0.06881699727580182, 0.31415559998280745, 0.32077890143220195, 0.29465804856252625, 0.2854617210229581], [0.36289750957117695, 0.0, -0.07331562317339758, 0.03551871638416662, 0.15190226952721, -0.01197690051729996, -0.09120131019243116, -0.08154045769697996, -0.06134810418182924, 0.2221792198695159, 0.19299475860246523, 0.18657573563174767, 0.1769201575046081, 0.4553885412066409, 0.45357709585452555, 0.4283585077842439, 0.4317145068469789, 0.6770531095539846, 0.6836764110033792, 0.6575555581337034, 0.648359230594135], [0.4362131327445747, 0.07331562317339758, 0.0, 0.1088343395575642, 0.2252178927006076, 0.06133872265609762, -0.017885687019033595, -0.008224834523582353, 0.01196751899156834, 0.2954948430429135, 0.26631038177586286, 0.2598913588051452, 0.2502357806780056, 0.5287041643800388, 0.5268927190279232, 0.5016741309576416, 0.5050301300203764, 0.7503687327273819, 0.7569920341767762, 0.7308711813071014, 0.7216748537675326], [0.32737879318701035, -0.03551871638416662, -0.1088343395575642, 0.0, 0.11638355314304338, -0.04749561690146661, -0.1267200265765978, -0.11705917408114656, -0.09686682056599587, 0.18666050348534932, 0.15747604221829856, 0.15105701924758105, 0.14140144112044134, 0.41986982482247454, 0.4180583794703589, 0.39283979140007735, 0.3961957904628122, 0.6415343931698179, 0.6481576946192124, 0.6220368417495366, 0.6128405142099684], [0.21099524004396691, -0.15190226952721, -0.2252178927006076, -0.11638355314304338, 0.0, -0.16387917004450994, -0.24310357971964122, -0.23344272722419002, -0.2132503737090393, 0.07027695034230586, 0.04109248907525516, 0.03467346610453771, 0.02501788797739795, 0.30348627167943126, 0.3016748263273153, 0.27645623825703386, 0.27981223731976884, 0.5251508400267741, 0.531774141476169, 0.5056532886064935, 0.49645696106692483], [0.3748744100884769, 0.01197690051729996, -0.06133872265609762, 0.04749561690146661, 0.16387917004450994, 0.0, -0.0792244096751312, -0.06956355717967996, -0.049371203664529295, 0.23415612038681588, 0.2049716591197651, 0.1985526361490476, 0.18889705802190793, 0.46736544172394107, 0.46555399637182526, 0.4403354083015442, 0.4436914073642788, 0.6890300100712843, 0.6956533115206789, 0.6695324586510033, 0.6603361311114354], [0.45409881976360844, 0.09120131019243116, 0.017885687019033595, 0.1267200265765978, 0.24310357971964122, 0.0792244096751312, 0.0, 0.009660852495451235, 0.02985320601060192, 0.31338053006194705, 0.28419606879489634, 0.2777770458241788, 0.2681214676970392, 0.5465898513990725, 0.5447784060469567, 0.5195598179766753, 0.5229158170394098, 0.7682544197464156, 0.7748777211958102, 0.7487568683261344, 0.7395605407865665], [0.4444379672681571, 0.08154045769697996, 0.008224834523582353, 0.11705917408114656, 0.23344272722419002, 0.06956355717967996, -0.009660852495451235, 0.0, 0.020192353515150682, 0.3037196775664959, 0.27453521629944516, 0.26811619332872766, 0.258460615201588, 0.5369289989036209, 0.5351175535515057, 0.5098989654812242, 0.5132549645439589, 0.7585935672509645, 0.7652168687003589, 0.7390960158306835, 0.7298996882911146], [0.4242456137530063, 0.06134810418182924, -0.01196751899156834, 0.09686682056599587, 0.2132503737090393, 0.049371203664529295, -0.02985320601060192, -0.020192353515150682, 0.0, 0.2835273240513452, 0.2543428627842943, 0.2479238398135769, 0.2382682616864374, 0.5167366453884704, 0.5149252000363544, 0.4897066119660734, 0.4930626110288083, 0.7384012137358136, 0.7450245151852084, 0.7189036623155323, 0.7097073347759646], [0.1407182897016611, -0.2221792198695159, -0.2954948430429135, -0.18666050348534932, -0.07027695034230586, -0.23415612038681588, -0.31338053006194705, -0.3037196775664959, -0.2835273240513452, 0.0, -0.029184461267050717, -0.035603484237768185, -0.045259062364907926, 0.23320932133712532, 0.23139787598500974, 0.2061792879147281, 0.20953528697746285, 0.45487388968446846, 0.46149719113386295, 0.4353763382641877, 0.4261800107246189], [0.16990275096871169, -0.19299475860246523, -0.26631038177586286, -0.15747604221829856, -0.04109248907525516, -0.2049716591197651, -0.28419606879489634, -0.27453521629944516, -0.2543428627842943, 0.029184461267050717, 0.0, -0.006419022970717459, -0.01607460109785719, 0.26239378260417606, 0.26058233725206037, 0.2353637491817788, 0.23871974824451364, 0.4840583509515192, 0.49068165240091377, 0.46456079953123813, 0.4553644719916699], [0.17632177393942927, -0.18657573563174767, -0.2598913588051452, -0.15105701924758105, -0.03467346610453771, -0.1985526361490476, -0.2777770458241788, -0.26811619332872766, -0.2479238398135769, 0.035603484237768185, 0.006419022970717459, 0.0, -0.009655578127139743, 0.2688128055748934, 0.26700136022277765, 0.24178277215249616, 0.24513877121523106, 0.49047737392223695, 0.49710067537163133, 0.4709798225019556, 0.46178349496238724], [0.18597735206656893, -0.1769201575046081, -0.2502357806780056, -0.14140144112044134, -0.02501788797739795, -0.18889705802190793, -0.2681214676970392, -0.258460615201588, -0.2382682616864374, 0.045259062364907926, 0.01607460109785719, 0.009655578127139743, 0.0, 0.27846838370203314, 0.2766569383499175, 0.25143835027963596, 0.25479434934237094, 0.5001329520493765, 0.5067562534987711, 0.48063540062909516, 0.4714390730895272], [-0.09249103163546421, -0.4553885412066409, -0.5287041643800388, -0.41986982482247454, -0.30348627167943126, -0.46736544172394107, -0.5465898513990725, -0.5369289989036209, -0.5167366453884704, -0.23320932133712532, -0.26239378260417606, -0.2688128055748934, -0.27846838370203314, 0.0, -0.0018114453521156965, -0.027030033422397185, -0.023674034359662352, 0.2216645683473433, 0.2282878697967378, 0.20216701692706213, 0.19297068938749384], [-0.09067958628334848, -0.45357709585452555, -0.5268927190279232, -0.4180583794703589, -0.3016748263273153, -0.46555399637182526, -0.5447784060469567, -0.5351175535515057, -0.5149252000363544, -0.23139787598500974, -0.26058233725206037, -0.26700136022277765, -0.2766569383499175, 0.0018114453521156965, 0.0, -0.025218588070281482, -0.021862589007546656, 0.22347601369945902, 0.23009931514885346, 0.2039784622791779, 0.19478213473960956], [-0.06546099821306699, -0.4283585077842439, -0.5016741309576416, -0.39283979140007735, -0.27645623825703386, -0.4403354083015442, -0.5195598179766753, -0.5098989654812242, -0.4897066119660734, -0.2061792879147281, -0.2353637491817788, -0.24178277215249616, -0.25143835027963596, 0.027030033422397185, 0.025218588070281482, 0.0, 0.0033559990627348396, 0.24869460176974045, 0.2553179032191349, 0.22919705034945945, 0.22000072280989105], [-0.06881699727580182, -0.4317145068469789, -0.5050301300203764, -0.3961957904628122, -0.27981223731976884, -0.4436914073642788, -0.5229158170394098, -0.5132549645439589, -0.4930626110288083, -0.20953528697746285, -0.23871974824451364, -0.24513877121523106, -0.25479434934237094, 0.023674034359662352, 0.021862589007546656, -0.0033559990627348396, 0.0, 0.24533860270700564, 0.25196190415640013, 0.22584105128672463, 0.2166447237471562], [-0.31415559998280745, -0.6770531095539846, -0.7503687327273819, -0.6415343931698179, -0.5251508400267741, -0.6890300100712843, -0.7682544197464156, -0.7585935672509645, -0.7384012137358136, -0.45487388968446846, -0.4840583509515192, -0.49047737392223695, -0.5001329520493765, -0.2216645683473433, -0.22347601369945902, -0.24869460176974045, -0.24533860270700564, 0.0, 0.006623301449394513, -0.019497551420281062, -0.02869387895984944], [-0.32077890143220195, -0.6836764110033792, -0.7569920341767762, -0.6481576946192124, -0.531774141476169, -0.6956533115206789, -0.7748777211958102, -0.7652168687003589, -0.7450245151852084, -0.46149719113386295, -0.49068165240091377, -0.49710067537163133, -0.5067562534987711, -0.2282878697967378, -0.23009931514885346, -0.2553179032191349, -0.25196190415640013, -0.006623301449394513, 0.0, -0.026120852869675578, -0.03531718040924395], [-0.29465804856252625, -0.6575555581337034, -0.7308711813071014, -0.6220368417495366, -0.5056532886064935, -0.6695324586510033, -0.7487568683261344, -0.7390960158306835, -0.7189036623155323, -0.4353763382641877, -0.46456079953123813, -0.4709798225019556, -0.48063540062909516, -0.20216701692706213, -0.2039784622791779, -0.22919705034945945, -0.22584105128672463, 0.019497551420281062, 0.026120852869675578, 0.0, -0.009196327539568368], [-0.2854617210229581, -0.648359230594135, -0.7216748537675326, -0.6128405142099684, -0.49645696106692483, -0.6603361311114354, -0.7395605407865665, -0.7298996882911146, -0.7097073347759646, -0.4261800107246189, -0.4553644719916699, -0.46178349496238724, -0.4714390730895272, -0.19297068938749384, -0.19478213473960956, -0.22000072280989105, -0.2166447237471562, 0.02869387895984944, 0.03531718040924395, 0.009196327539568368, 0.0]], [[0.0, 0.31428442252506633, 0.6819318173772093, 0.9428325784996584, 1.05057328376928, 0.9948667515069952, 1.3505702079298285, 1.1998515726072636, 1.0536382980534342, 0.9899206202297904, 1.4059176752138984, 1.182811700913441, 0.9988266794404802, 0.9542476916186788, 1.3288317547714292, 1.150459205931331, 0.9633845928089222, 0.8938566171027871, 1.1583677515385495, 1.0657454482742033, 0.942618225976558], [-0.31428442252506633, 0.0, 0.36764739485214293, 0.6285481559745923, 0.7362888612442137, 0.6805823289819287, 1.036285785404762, 0.8855671500821972, 0.7393538755283673, 0.6756361977047236, 1.091633252688832, 0.8685272783883753, 0.6845422569154135, 0.6399632690936126, 1.0145473322463625, 0.8361747834062644, 0.6491001702838556, 0.5795721945777207, 0.8440833290134835, 0.751461025749137, 0.6283338034514917], [-0.6819318173772093, -0.36764739485214293, 0.0, 0.2609007611224493, 0.368641466392071, 0.3129349341297859, 0.6686383905526192, 0.5179197552300541, 0.37170648067622464, 0.3079888028525808, 0.7239858578366892, 0.5008798835362321, 0.3168948620632705, 0.2723158742414694, 0.64689993739422, 0.4685273885541213, 0.28145277543171277, 0.21192479972557787, 0.4764359341613404, 0.38381363089699405, 0.2606864085993487], [-0.9428325784996584, -0.6285481559745923, -0.2609007611224493, 0.0, 0.10774070526962148, 0.052034173007336454, 0.4077376294301695, 0.25701899410760465, 0.11080571955377522, 0.04708804173013145, 0.4630850967142395, 0.23997912241378258, 0.05599410094082105, 0.01141511311902007, 0.38599917627177066, 0.20762662743167198, 0.020552014309263438, -0.048975961396871534, 0.21553517303889078, 0.12291286977454466, -0.0002143525231006329], [-1.05057328376928, -0.7362888612442137, -0.368641466392071, -0.10774070526962148, 0.0, -0.05570653226228505, 0.2999969241605481, 0.1492782888379832, 0.0030650142841537314, -0.06065266353949004, 0.3553443914446182, 0.1322384171441611, -0.05174660432880044, -0.09632559215060138, 0.27825847100214907, 0.09988592216205049, -0.08718869096035804, -0.156716666666493, 0.10779446776926932, 0.015172164504923126, -0.1079550577927221], [-0.9948667515069952, -0.6805823289819287, -0.3129349341297859, -0.052034173007336454, 0.05570653226228505, 0.0, 0.355703456422833, 0.20498482110026828, 0.05877154654643875, -0.004946131277204997, 0.4110509237069032, 0.18794494940644618, 0.003959927933484617, -0.04061905988831639, 0.3339650032644342, 0.15559245442433556, -0.03148215869807302, -0.10101013440420795, 0.1635010000315543, 0.07087869676720816, -0.05224852553043708], [-1.3505702079298285, -1.036285785404762, -0.6686383905526192, -0.4077376294301695, -0.2999969241605481, -0.355703456422833, 0.0, -0.15071863532256488, -0.29693190987639445, -0.36064958770003813, 0.055347467284070015, -0.16775850701638692, -0.3517435284893486, -0.3963225163111496, -0.021738453158399, -0.20011100199849746, -0.3871856151209061, -0.45671359082704105, -0.1922024563912788, -0.284824759655625, -0.4079519819532703], [-1.1998515726072636, -0.8855671500821972, -0.5179197552300541, -0.25701899410760465, -0.1492782888379832, -0.20498482110026828, 0.15071863532256488, 0.0, -0.14621327455382946, -0.20993095237747322, 0.20606610260663497, -0.01703987169382206, -0.2010248931667836, -0.24560388098858443, 0.12898018216416593, -0.04939236667593268, -0.23646697979834122, -0.3059949555044762, -0.04148382106871387, -0.13410612433306007, -0.2572333466307052], [-1.0536382980534342, -0.7393538755283673, -0.37170648067622464, -0.11080571955377522, -0.0030650142841537314, -0.05877154654643875, 0.29693190987639445, 0.14621327455382946, 0.0, -0.06371767782364374, 0.35227937716046426, 0.1291734028600074, -0.05481161861295413, -0.09939060643475515, 0.27519345671799544, 0.0968209078778968, -0.09025370524451182, -0.1597816809506468, 0.10472945348511557, 0.012107150220769396, -0.11102007207687584], [-0.9899206202297904, -0.6756361977047236, -0.3079888028525808, -0.04708804173013145, 0.06065266353949004, 0.004946131277204997, 0.36064958770003813, 0.20993095237747322, 0.06371767782364374, 0.0, 0.41599705498410827, 0.1928910806836512, 0.008906059210689614, -0.03567292861111138, 0.33891113454163924, 0.16053858570154045, -0.026536027420868025, -0.09606400312700297, 0.16844713130875935, 0.07582482804441315, -0.04730239425323206], [-1.4059176752138984, -1.091633252688832, -0.7239858578366892, -0.4630850967142395, -0.3553443914446182, -0.4110509237069032, -0.055347467284070015, -0.20606610260663497, -0.35227937716046426, -0.41599705498410827, 0.0, -0.223105974300457, -0.4070909957734185, -0.4516699835952194, -0.07708592044246904, -0.2554584692825675, -0.4425330824049764, -0.5120610581111109, -0.24754992367534887, -0.3401722269396952, -0.46329944923734023], [-1.182811700913441, -0.8685272783883753, -0.5008798835362321, -0.23997912241378258, -0.1322384171441611, -0.18794494940644618, 0.16775850701638692, 0.01703987169382206, -0.1291734028600074, -0.1928910806836512, 0.223105974300457, 0.0, -0.18398502147296153, -0.2285640092947626, 0.14602005385798797, -0.032352494982110624, -0.21942710810451926, -0.28895508381065405, -0.02444394937489182, -0.11706625263923799, -0.24019347493688334], [-0.9988266794404802, -0.6845422569154135, -0.3168948620632705, -0.05599410094082105, 0.05174660432880044, -0.003959927933484617, 0.3517435284893486, 0.2010248931667836, 0.05481161861295413, -0.008906059210689614, 0.4070909957734185, 0.18398502147296153, 0.0, -0.044578987821801024, 0.3300050753309495, 0.15163252649085096, -0.03544208663155763, -0.10497006233769256, 0.15954107209806978, 0.06691876883372357, -0.05620845346392171], [-0.9542476916186788, -0.6399632690936126, -0.2723158742414694, -0.01141511311902007, 0.09632559215060138, 0.04061905988831639, 0.3963225163111496, 0.24560388098858443, 0.09939060643475515, 0.03567292861111138, 0.4516699835952194, 0.2285640092947626, 0.044578987821801024, 0.0, 0.3745840631527504, 0.19621151431265202, 0.009136901190243369, -0.060391074515891575, 0.20412005991987073, 0.11149775665552454, -0.011629465642120697], [-1.3288317547714292, -1.0145473322463625, -0.64689993739422, -0.38599917627177066, -0.27825847100214907, -0.3339650032644342, 0.021738453158399, -0.12898018216416593, -0.27519345671799544, -0.33891113454163924, 0.07708592044246904, -0.14602005385798797, -0.3300050753309495, -0.3745840631527504, 0.0, -0.1783725488400986, -0.3654471619625072, -0.43497513766864215, -0.17046400323287972, -0.26308630649722603, -0.38621352879487136], [-1.150459205931331, -0.8361747834062644, -0.4685273885541213, -0.20762662743167198, -0.09988592216205049, -0.15559245442433556, 0.20011100199849746, 0.04939236667593268, -0.0968209078778968, -0.16053858570154045, 0.2554584692825675, 0.032352494982110624, -0.15163252649085096, -0.19621151431265202, 0.1783725488400986, 0.0, -0.18707461312240853, -0.2566025888285435, 0.007908545607218822, -0.08471375765712738, -0.2078409799547726], [-0.9633845928089222, -0.6491001702838556, -0.28145277543171277, -0.020552014309263438, 0.08718869096035804, 0.03148215869807302, 0.3871856151209061, 0.23646697979834122, 0.09025370524451182, 0.026536027420868025, 0.4425330824049764, 0.21942710810451926, 0.03544208663155763, -0.009136901190243369, 0.3654471619625072, 0.18707461312240853, 0.0, -0.06952797570613493, 0.19498315872962738, 0.10236085546528122, -0.02076636683236406], [-0.8938566171027871, -0.5795721945777207, -0.21192479972557787, 0.048975961396871534, 0.156716666666493, 0.10101013440420795, 0.45671359082704105, 0.3059949555044762, 0.1597816809506468, 0.09606400312700297, 0.5120610581111109, 0.28895508381065405, 0.10497006233769256, 0.060391074515891575, 0.43497513766864215, 0.2566025888285435, 0.06952797570613493, 0.0, 0.26451113443576235, 0.17188883117141607, 0.04876160887377088], [-1.1583677515385495, -0.8440833290134835, -0.4764359341613404, -0.21553517303889078, -0.10779446776926932, -0.1635010000315543, 0.1922024563912788, 0.04148382106871387, -0.10472945348511557, -0.16844713130875935, 0.24754992367534887, 0.02444394937489182, -0.15954107209806978, -0.20412005991987073, 0.17046400323287972, -0.007908545607218822, -0.19498315872962738, -0.26451113443576235, 0.0, -0.09262230326434619, -0.2157495255619914], [-1.0657454482742033, -0.751461025749137, -0.38381363089699405, -0.12291286977454466, -0.015172164504923126, -0.07087869676720816, 0.284824759655625, 0.13410612433306007, -0.012107150220769396, -0.07582482804441315, 0.3401722269396952, 0.11706625263923799, -0.06691876883372357, -0.11149775665552454, 0.26308630649722603, 0.08471375765712738, -0.10236085546528122, -0.17188883117141607, 0.09262230326434619, 0.0, -0.12312722229764522], [-0.942618225976558, -0.6283338034514917, -0.2606864085993487, 0.0002143525231006329, 0.1079550577927221, 0.05224852553043708, 0.4079519819532703, 0.2572333466307052, 0.11102007207687584, 0.04730239425323206, 0.46329944923734023, 0.24019347493688334, 0.05620845346392171, 0.011629465642120697, 0.38621352879487136, 0.2078409799547726, 0.02076636683236406, -0.04876160887377088, 0.2157495255619914, 0.12312722229764522, 0.0]]]