[[[0.0, -0.32938163814911575, -0.5071297649840197, -0.4995117342873746, -0.33873605043341654, -0.40787565932033404, -0.4645434879050079, -0.4556285516331752, -0.44563148752671966, -0.18836682683271713, -0.202138653460305, -0.21632577128749542, -0.22177019505813722, 0.04070234562673138, 0.05592009218994533, 0.018438451551313316, 0.009110610161844272, 0.2839791985028235, 0.2916608054621114, 0.235968489518688, 0.20937750266978697], [0.32938163814911575, 0.0, -0.17774812683490399, -0.1701300961382588, -0.009354412284300798, -0.07849402117121852, -0.13516184975589224, -0.1262469134840593, -0.11624984937760384, 0.14101481131639865, 0.12724298468881093, 0.1130558668616205, 0.10761144309097864, 0.37008398377584717, 0.38530173033906095, 0.34782008970042916, 0.33849224831096014, 0.6133608366519391, 0.6210424436112273, 0.5653501276678039, 0.5387591408189027], [0.5071297649840197, 0.17774812683490399, 0.0, 0.007618030696645177, 0.1683937145506032, 0.09925410566368546, 0.04258627707901177, 0.05150121335084475, 0.06149827745730016, 0.3187629381513026, 0.304991111523715, 0.2908039936965244, 0.2853595699258827, 0.5478321106107509, 0.563049857173965, 0.5255682165353331, 0.5162403751458641, 0.7911089634868431, 0.7987905704461311, 0.7430982545027079, 0.7165072676538068], [0.4995117342873746, 0.1701300961382588, -0.007618030696645177, 0.0, 0.16077568385395796, 0.09163607496704028, 0.03496824638236657, 0.04388318265419957, 0.05388024676065501, 0.31114490745465745, 0.29737308082706965, 0.2831859629998792, 0.27774153922923744, 0.5402140799141063, 0.55543182647732, 0.5179501858386879, 0.5086223444492189, 0.783490932790198, 0.791172539749486, 0.7354802238060626, 0.7088892369571614], [0.33873605043341654, 0.009354412284300798, -0.1683937145506032, -0.16077568385395796, 0.0, -0.06913960888691772, -0.12580743747159137, -0.11689250119975844, -0.10689543709330307, 0.1503692236006995, 0.1365973969731117, 0.12241027914592127, 0.11696585537527948, 0.3794383960601479, 0.394656142623362, 0.35717450198472983, 0.3478466605952608, 0.6227152489362398, 0.6303968558955281, 0.5747045399521046, 0.548113553103204], [0.40787565932033404, 0.07849402117121852, -0.09925410566368546, -0.09163607496704028, 0.06913960888691772, 0.0, -0.0566678285846737, -0.04775289231284072, -0.037755828206385296, 0.2195088324876171, 0.20573700586002952, 0.19154988803283896, 0.18610546426219723, 0.44857800494706596, 0.46379575151027974, 0.42631411087164744, 0.41698626948217826, 0.6918548578231574, 0.6995364647824457, 0.6438441488390221, 0.6172531619901214], [0.4645434879050079, 0.13516184975589224, -0.04258627707901177, -0.03496824638236657, 0.12580743747159137, 0.0566678285846737, 0.0, 0.008914936271832978, 0.01891200037828839, 0.27617666107229083, 0.2624048344447031, 0.2482177166175126, 0.2427732928468708, 0.5052458335317394, 0.5204635800949534, 0.48298193945632123, 0.4736540980668522, 0.7485226864078315, 0.7562042933671195, 0.7005119774236956, 0.6739209905747948], [0.4556285516331752, 0.1262469134840593, -0.05150121335084475, -0.04388318265419957, 0.11689250119975844, 0.04775289231284072, -0.008914936271832978, 0.0, 0.009997064106455423, 0.26726172480045784, 0.25348989817287004, 0.23930278034567956, 0.2338583565750379, 0.4963308972599064, 0.5115486438231204, 0.47406700318448836, 0.4647391617950192, 0.7396077501359984, 0.7472893570952864, 0.6915970411518628, 0.6650060543029618], [0.44563148752671966, 0.11624984937760384, -0.06149827745730016, -0.05388024676065501, 0.10689543709330307, 0.037755828206385296, -0.01891200037828839, -0.009997064106455423, 0.0, 0.2572646606940024, 0.24349283406641473, 0.22930571623922436, 0.2238612924685825, 0.4863338331534508, 0.5015515797166649, 0.46406993907803296, 0.4547420976885641, 0.7296106860295432, 0.7372922929888311, 0.6815999770454074, 0.6550089901965067], [0.18836682683271713, -0.14101481131639865, -0.3187629381513026, -0.31114490745465745, -0.1503692236006995, -0.2195088324876171, -0.27617666107229083, -0.26726172480045784, -0.2572646606940024, 0.0, -0.013771826627587736, -0.0279589444547782, -0.03340336822541997, 0.2290691724594485, 0.24428691902266242, 0.20680527838403048, 0.19747743699456147, 0.4723460253355405, 0.4800276322948286, 0.4243353163514052, 0.39774432950250405], [0.202138653460305, -0.12724298468881093, -0.304991111523715, -0.29737308082706965, -0.1365973969731117, -0.20573700586002952, -0.2624048344447031, -0.25348989817287004, -0.24349283406641473, 0.013771826627587736, 0.0, -0.014187117827190461, -0.019631541597832248, 0.2428409990870362, 0.25805874565025017, 0.22057710501161815, 0.21124926362214913, 0.48611785196312846, 0.49379945892241667, 0.4381071429789927, 0.4115161561300917], [0.21632577128749542, -0.1130558668616205, -0.2908039936965244, -0.2831859629998792, -0.12241027914592127, -0.19154988803283896, -0.2482177166175126, -0.23930278034567956, -0.22930571623922436, 0.0279589444547782, 0.014187117827190461, 0.0, -0.0054444237706417885, 0.25702811691422667, 0.2722458634774406, 0.23476422283880868, 0.22543638144933964, 0.5003049697903189, 0.5079865767496068, 0.4522942608061835, 0.4257032739572822], [0.22177019505813722, -0.10761144309097864, -0.2853595699258827, -0.27774153922923744, -0.11696585537527948, -0.18610546426219723, -0.2427732928468708, -0.2338583565750379, -0.2238612924685825, 0.03340336822541997, 0.019631541597832248, 0.0054444237706417885, 0.0, 0.26247254068486847, 0.2776902872480824, 0.2402086466094504, 0.23088080521998147, 0.5057493935609605, 0.5134310005202486, 0.45773868457682504, 0.43114769772792416], [-0.04070234562673138, -0.37008398377584717, -0.5478321106107509, -0.5402140799141063, -0.3794383960601479, -0.44857800494706596, -0.5052458335317394, -0.4963308972599064, -0.4863338331534508, -0.2290691724594485, -0.2428409990870362, -0.25702811691422667, -0.26247254068486847, 0.0, 0.01521774656321393, -0.022263894075418084, -0.03159173546488713, 0.2432768528760919, 0.25095845983538, 0.1952661438919565, 0.16867515704305552], [-0.05592009218994533, -0.38530173033906095, -0.563049857173965, -0.55543182647732, -0.394656142623362, -0.46379575151027974, -0.5204635800949534, -0.5115486438231204, -0.5015515797166649, -0.24428691902266242, -0.25805874565025017, -0.2722458634774406, -0.2776902872480824, -0.01521774656321393, 0.0, -0.037481640638632026, -0.046809482028101056, 0.228059106312878, 0.23574071327216614, 0.1800483973287427, 0.15345741047984165], [-0.018438451551313316, -0.34782008970042916, -0.5255682165353331, -0.5179501858386879, -0.35717450198472983, -0.42631411087164744, -0.48298193945632123, -0.47406700318448836, -0.46406993907803296, -0.20680527838403048, -0.22057710501161815, -0.23476422283880868, -0.2402086466094504, 0.022263894075418084, 0.037481640638632026, 0.0, -0.009327841389469047, 0.26554074695150987, 0.2732223539107981, 0.21753003796737455, 0.1909390511184737], [-0.009110610161844272, -0.33849224831096014, -0.5162403751458641, -0.5086223444492189, -0.3478466605952608, -0.41698626948217826, -0.4736540980668522, -0.4647391617950192, -0.4547420976885641, -0.19747743699456147, -0.21124926362214913, -0.22543638144933964, -0.23088080521998147, 0.03159173546488713, 0.046809482028101056, 0.009327841389469047, 0.0, 0.2748685883409791, 0.2825501953002672, 0.22685787935684357, 0.20026689250794266], [-0.2839791985028235, -0.6133608366519391, -0.7911089634868431, -0.783490932790198, -0.6227152489362398, -0.6918548578231574, -0.7485226864078315, -0.7396077501359984, -0.7296106860295432, -0.4723460253355405, -0.48611785196312846, -0.5003049697903189, -0.5057493935609605, -0.2432768528760919, -0.228059106312878, -0.26554074695150987, -0.2748685883409791, 0.0, 0.007681606959288128, -0.048010708984135404, -0.07460169583303636], [-0.2916608054621114, -0.6210424436112273, -0.7987905704461311, -0.791172539749486, -0.6303968558955281, -0.6995364647824457, -0.7562042933671195, -0.7472893570952864, -0.7372922929888311, -0.4800276322948286, -0.49379945892241667, -0.5079865767496068, -0.5134310005202486, -0.25095845983538, -0.23574071327216614, -0.2732223539107981, -0.2825501953002672, -0.007681606959288128, 0.0, -0.05569231594342354, -0.0822833027923245], [-0.235968489518688, -0.5653501276678039, -0.7430982545027079, -0.7354802238060626, -0.5747045399521046, -0.6438441488390221, -0.7005119774236956, -0.6915970411518628, -0.6815999770454074, -0.4243353163514052, -0.4381071429789927, -0.4522942608061835, -0.45773868457682504, -0.1952661438919565, -0.1800483973287427, -0.21753003796737455, -0.22685787935684357, 0.048010708984135404, 0.05569231594342354, 0.0, -0.026590986848900964], [-0.20937750266978697, -0.5387591408189027, -0.7165072676538068, -0.7088892369571614, -0.548113553103204, -0.6172531619901214, -0.6739209905747948, -0.6650060543029618, -0.6550089901965067, -0.39774432950250405, -0.4115161561300917, -0.4257032739572822, -0.43114769772792416, -0.16867515704305552, -0.15345741047984165, -0.1909390511184737, -0.20026689250794266, 0.07460169583303636, 0.0822833027923245, 0.026590986848900964, 0.0]], [[0.0, 0.21006745052073902, 0.5193464627618412, 0.8075273096055657, 0.9410477857694066, 0.9214895168202384, 1.3098648431038604, 1.2360936833933511, 1.1256504936584069, 0.9819930547887928, 1.381121603465846, 1.2185188159580107, 1.0441652055075041, 0.9818050121438479, 1.350584523906809, 1.1710129084777368, 0.9862317912350662, 0.9260694245189995, 1.2179776613978859, 1.120302102717176, 0.9845365156463838], [-0.21006745052073902, 0.0, 0.3092790122411025, 0.5974598590848267, 0.7309803352486679, 0.7114220662994996, 1.0997973925831221, 1.0260262328726129, 0.9155830431376684, 0.7719256042680536, 1.1710541529451068, 1.0084513654372713, 0.834097754986765, 0.7717375616231087, 1.1405170733860694, 0.9609454579569973, 0.7761643407143269, 0.7160019739982613, 1.0079102108771472, 0.9102346521964373, 0.7744690651256445], [-0.5193464627618412, -0.3092790122411025, 0.0, 0.28818084684372386, 0.42170132300756513, 0.4021430540583973, 0.7905183803420193, 0.7167472206315102, 0.6063040308965655, 0.4626465920269511, 0.8617751407040041, 0.6991723531961692, 0.5248187427456625, 0.46245854938200637, 0.8312380611449673, 0.6516664457158948, 0.4668853284732241, 0.40672296175715883, 0.6986311986360447, 0.6009556399553346, 0.4651900528845422], [-0.8075273096055657, -0.5974598590848267, -0.28818084684372386, 0.0, 0.13352047616384133, 0.11396220721467332, 0.502337533498295, 0.428566373787786, 0.31812318405284173, 0.17446574518322724, 0.5735942938602804, 0.4109915063524451, 0.23663789590193865, 0.1742777025382826, 0.5430572143012438, 0.3634855988721711, 0.17870448162950048, 0.1185421149134349, 0.41045035179232037, 0.31277479311161094, 0.17700920604081832], [-0.9410477857694066, -0.7309803352486679, -0.42170132300756513, -0.13352047616384133, 0.0, -0.019558268949168057, 0.368817057334454, 0.2950458976239448, 0.18460270788900032, 0.040945269019385895, 0.44007381769643916, 0.2774710301886038, 0.10311741973809734, 0.04075722637444125, 0.4095367381374024, 0.22996512270832972, 0.04518400546565921, -0.014978361250406462, 0.2769298756284792, 0.17925431694776972, 0.04348872987697707], [-0.9214895168202384, -0.7114220662994996, -0.4021430540583973, -0.11396220721467332, 0.019558268949168057, 0.0, 0.3883753262836219, 0.3146041665731128, 0.2041609768381684, 0.06050353796855396, 0.45963208664560723, 0.29702929913777176, 0.12267568868726535, 0.060315495323609296, 0.4290950070865703, 0.24952339165749773, 0.06474227441482724, 0.004579907698761585, 0.2964881445776474, 0.19881258589693768, 0.06304699882614515], [-1.3098648431038604, -1.0997973925831221, -0.7905183803420193, -0.502337533498295, -0.368817057334454, -0.3883753262836219, 0.0, -0.07377115971050924, -0.18421434944545376, -0.3278717883150683, 0.0712567603619851, -0.09134602714585027, -0.26569963759635684, -0.32805983096001284, 0.040719680802948285, -0.13885193462612427, -0.3236330518687948, -0.38379541858486055, -0.09188718170597475, -0.1895627403866843, -0.325328327457477], [-1.2360936833933511, -1.0260262328726129, -0.7167472206315102, -0.428566373787786, -0.2950458976239448, -0.3146041665731128, 0.07377115971050924, 0.0, -0.11044318973494446, -0.2541006286045589, 0.14502792007249435, -0.017574867435341042, -0.1919284778858475, -0.2542886712495035, 0.1144908405134576, -0.06508077491561508, -0.24986189215828547, -0.31002425887435114, -0.018116021995465505, -0.1157915806761752, -0.2515571677469676], [-1.1256504936584069, -0.9155830431376684, -0.6063040308965655, -0.31812318405284173, -0.18460270788900032, -0.2041609768381684, 0.18421434944545376, 0.11044318973494446, 0.0, -0.14365743886961446, 0.2554711098074388, 0.09286832229960348, -0.08148528815090303, -0.1438454815145591, 0.22493403024840203, 0.045362414819329316, -0.13941870242334115, -0.1995810691394067, 0.09232716773947894, -0.0053483909412306825, -0.14111397801202333], [-0.9819930547887928, -0.7719256042680536, -0.4626465920269511, -0.17446574518322724, -0.040945269019385895, -0.06050353796855396, 0.3278717883150683, 0.2541006286045589, 0.14365743886961446, 0.0, 0.39912854867705305, 0.23652576116921786, 0.062172150718711384, -0.00018804264494463332, 0.3685914691180164, 0.18901985368894383, 0.00423873644627333, -0.055923630269792336, 0.2359846066090933, 0.13830904792838378, 0.002543460857591184], [-1.381121603465846, -1.1710541529451068, -0.8617751407040041, -0.5735942938602804, -0.44007381769643916, -0.45963208664560723, -0.0712567603619851, -0.14502792007249435, -0.2554711098074388, -0.39912854867705305, 0.0, -0.16260278750783536, -0.33695639795834176, -0.39931659132199776, -0.03053707955903679, -0.2101086949881094, -0.39488981223077985, -0.4550521789468457, -0.16314394206795982, -0.26081950074866944, -0.39658508781946206], [-1.2185188159580107, -1.0084513654372713, -0.6991723531961692, -0.4109915063524451, -0.2774710301886038, -0.29702929913777176, 0.09134602714585027, 0.017574867435341042, -0.09286832229960348, -0.23652576116921786, 0.16260278750783536, 0.0, -0.1743536104505064, -0.23671380381416246, 0.13206570794879857, -0.04750590748027404, -0.23228702472294444, -0.29244939143901016, -0.0005411545601244674, -0.09821671324083406, -0.23398230031162673], [-1.0441652055075041, -0.834097754986765, -0.5248187427456625, -0.23663789590193865, -0.10311741973809734, -0.12267568868726535, 0.26569963759635684, 0.1919284778858475, 0.08148528815090303, -0.062172150718711384, 0.33695639795834176, 0.1743536104505064, 0.0, -0.06236019336365604, 0.3064193183993049, 0.12684770297023243, -0.057933414272438144, -0.11809578098850369, 0.17381245589038197, 0.07613689720967237, -0.05962868986112019], [-0.9818050121438479, -0.7717375616231087, -0.46245854938200637, -0.1742777025382826, -0.04075722637444125, -0.060315495323609296, 0.32805983096001284, 0.2542886712495035, 0.1438454815145591, 0.00018804264494463332, 0.39931659132199776, 0.23671380381416246, 0.06236019336365604, 0.0, 0.36877951176296114, 0.18920789633388843, 0.0044267790912179625, -0.05573558762484772, 0.236172649254038, 0.13849709057332846, 0.0027315035025358165], [-1.350584523906809, -1.1405170733860694, -0.8312380611449673, -0.5430572143012438, -0.4095367381374024, -0.4290950070865703, -0.040719680802948285, -0.1144908405134576, -0.22493403024840203, -0.3685914691180164, 0.03053707955903679, -0.13206570794879857, -0.3064193183993049, -0.36877951176296114, 0.0, -0.17957161542907263, -0.3643527326717429, -0.4245150993878087, -0.13260686250892303, -0.23028242118963255, -0.36604800826042516], [-1.1710129084777368, -0.9609454579569973, -0.6516664457158948, -0.3634855988721711, -0.22996512270832972, -0.24952339165749773, 0.13885193462612427, 0.06508077491561508, -0.045362414819329316, -0.18901985368894383, 0.2101086949881094, 0.04750590748027404, -0.12684770297023243, -0.18920789633388843, 0.17957161542907263, 0.0, -0.1847811172426704, -0.24494348395873616, 0.046964752920149594, -0.05071080576056004, -0.18647639283135267], [-0.9862317912350662, -0.7761643407143269, -0.4668853284732241, -0.17870448162950048, -0.04518400546565921, -0.06474227441482724, 0.3236330518687948, 0.24986189215828547, 0.13941870242334115, -0.00423873644627333, 0.39488981223077985, 0.23228702472294444, 0.057933414272438144, -0.0044267790912179625, 0.3643527326717429, 0.1847811172426704, 0.0, -0.060162366716065646, 0.23174587016281997, 0.13407031148211046, -0.001695275588682148], [-0.9260694245189995, -0.7160019739982613, -0.40672296175715883, -0.1185421149134349, 0.014978361250406462, -0.004579907698761585, 0.38379541858486055, 0.31002425887435114, 0.1995810691394067, 0.055923630269792336, 0.4550521789468457, 0.29244939143901016, 0.11809578098850369, 0.05573558762484772, 0.4245150993878087, 0.24494348395873616, 0.060162366716065646, 0.0, 0.29190823687888584, 0.1942326781981761, 0.05846709112738352], [-1.2179776613978859, -1.0079102108771472, -0.6986311986360447, -0.41045035179232037, -0.2769298756284792, -0.2964881445776474, 0.09188718170597475, 0.018116021995465505, -0.09232716773947894, -0.2359846066090933, 0.16314394206795982, 0.0005411545601244674, -0.17381245589038197, -0.236172649254038, 0.13260686250892303, -0.046964752920149594, -0.23174587016281997, -0.29190823687888584, 0.0, -0.09767555868070966, -0.23344114575150215], [-1.120302102717176, -0.9102346521964373, -0.6009556399553346, -0.31277479311161094, -0.17925431694776972, -0.19881258589693768, 0.1895627403866843, 0.1157915806761752, 0.0053483909412306825, -0.13830904792838378, 0.26081950074866944, 0.09821671324083406, -0.07613689720967237, -0.13849709057332846, 0.23028242118963255, 0.05071080576056004, -0.13407031148211046, -0.1942326781981761, 0.09767555868070966, 0.0, -0.13576558707079261], [-0.9845365156463838, -0.7744690651256445, -0.4651900528845422, -0.17700920604081832, -0.04348872987697707, -0.06304699882614515, 0.325328327457477, 0.2515571677469676, 0.14111397801202333, -0.002543460857591184, 0.39658508781946206, 0.23398230031162673, 0.05962868986112019, -0.0027315035025358165, 0.36604800826042516, 0.18647639283135267, 0.001695275588682148, -0.05846709112738352, 0.23344114575150215, 0.13576558707079261, 0.0]]]