[[[0.0, -0.34971509710383053, -0.5705385508474392, -0.6565406731251552, -0.5585866069054518, -0.3787748347611877, -0.500427823919162, -0.5536552378112103, -0.5420592187150259, -0.1438055432265207, -0.2120741550920381, -0.2787667271050346, -0.3194176223359147, 0.07695438183763337, 0.15033187027477646, 0.19763444076120273, 0.2406789520430484, 0.28397341158243855, 0.47232461504851103, 0.6145942149675612, 0.7322158192514431], [0.34971509710383053, 0.0, -0.2208234537436085, -0.30682557602132493, -0.20887150980162128, -0.02905973765735738, -0.15071272681533116, -0.20394014070737954, -0.19234412161119532, 0.20590955387730972, 0.13764094201179244, 0.07094836999879588, 0.030297474767915836, 0.4266694789414636, 0.5000469673786069, 0.5473495378650334, 0.5903940491468791, 0.633688508686269, 0.8220397121523413, 0.9643093120713924, 1.0819309163552733], [0.5705385508474392, 0.2208234537436085, 0.0, -0.08600212227771652, 0.011951943941987208, 0.19176371608625106, 0.0701107269282773, 0.016883313036228864, 0.0284793321324132, 0.4267330076209182, 0.3584643957554009, 0.29177182374240423, 0.25112092851152423, 0.6474929326850725, 0.7208704211222151, 0.7681729916086413, 0.8112175028904874, 0.8545119624298774, 1.04286316589595, 1.1851327658150002, 1.3027543700988824], [0.6565406731251552, 0.30682557602132493, 0.08600212227771652, 0.0, 0.09795406621970368, 0.2777658383639676, 0.1561128492059938, 0.1028854353139454, 0.11448145441012972, 0.5127351298986345, 0.4444665180331176, 0.3777739460201208, 0.33712305078924076, 0.7334950549627887, 0.8068725433999318, 0.854175113886358, 0.8972196251682041, 0.9405140847075941, 1.1288652881736665, 1.271134888092717, 1.3887564923765987], [0.5585866069054518, 0.20887150980162128, -0.011951943941987208, -0.09795406621970368, 0.0, 0.1798117721442639, 0.05815878298629006, 0.0049313690942416576, 0.016527388190425978, 0.41478106367893103, 0.3465124518134136, 0.27981987980041717, 0.23916898456953714, 0.6355409887430851, 0.708918477180228, 0.7562210476666544, 0.7992655589485003, 0.8425600184878904, 1.030911221953963, 1.1731808218730135, 1.2908024261568942], [0.3787748347611877, 0.02905973765735738, -0.19176371608625106, -0.2777658383639676, -0.1798117721442639, 0.0, -0.12165298915797386, -0.17488040305002225, -0.16328438395383782, 0.23496929153466717, 0.16670067966914978, 0.10000810765615326, 0.05935721242527319, 0.4557292165988212, 0.5291067050359642, 0.5764092755223909, 0.6194537868042364, 0.6627482463436265, 0.8510994498096984, 0.9933690497287493, 1.1109906540126309], [0.500427823919162, 0.15071272681533116, -0.0701107269282773, -0.1561128492059938, -0.05815878298629006, 0.12165298915797386, 0.0, -0.05322741389204844, -0.0416313947958641, 0.35662228069264096, 0.28835366882712365, 0.22166109681412688, 0.181010201583247, 0.5773822057567951, 0.6507596941939378, 0.6980622646803643, 0.7411067759622101, 0.7844012355016002, 0.9727524389676732, 1.1150220388867231, 1.232643643170605], [0.5536552378112103, 0.20394014070737954, -0.016883313036228864, -0.1028854353139454, -0.0049313690942416576, 0.17488040305002225, 0.05322741389204844, 0.0, 0.011596019096184327, 0.40984969458468923, 0.3415810827191721, 0.2748885107061755, 0.2342376154752955, 0.6306096196488433, 0.7039871080859865, 0.7512896785724129, 0.7943341898542587, 0.8376286493936486, 1.0259798528597206, 1.1682494527787715, 1.2858710570626528], [0.5420592187150259, 0.19234412161119532, -0.0284793321324132, -0.11448145441012972, -0.016527388190425978, 0.16328438395383782, 0.0416313947958641, -0.011596019096184327, 0.0, 0.3982536754885049, 0.32998506362298763, 0.26329249160999124, 0.22264159637911113, 0.6190136005526592, 0.6923910889898021, 0.7396936594762288, 0.7827381707580742, 0.8260326302974645, 1.0143838337635371, 1.1566534336825873, 1.274275037966469], [0.1438055432265207, -0.20590955387730972, -0.4267330076209182, -0.5127351298986345, -0.41478106367893103, -0.23496929153466717, -0.35662228069264096, -0.40984969458468923, -0.3982536754885049, 0.0, -0.06826861186551732, -0.13496118387851389, -0.17561207910939383, 0.2207599250641542, 0.2941374135012973, 0.3414399839877236, 0.3844844952695693, 0.427778954808959, 0.6161301582750318, 0.7583997581940822, 0.8760213624779639], [0.2120741550920381, -0.13764094201179244, -0.3584643957554009, -0.4444665180331176, -0.3465124518134136, -0.16670067966914978, -0.28835366882712365, -0.3415810827191721, -0.32998506362298763, 0.06826861186551732, 0.0, -0.06669257201299658, -0.10734346724387656, 0.28902853692967145, 0.3624060253668146, 0.4097085958532409, 0.45275310713508676, 0.49604756667447697, 0.6843987701405494, 0.8266683700595995, 0.9442899743434809], [0.2787667271050346, -0.07094836999879588, -0.29177182374240423, -0.3777739460201208, -0.27981987980041717, -0.10000810765615326, -0.22166109681412688, -0.2748885107061755, -0.26329249160999124, 0.13496118387851389, 0.06669257201299658, 0.0, -0.04065089523088004, 0.35572110894266795, 0.42909859737981093, 0.47640116786623726, 0.5194456791480832, 0.5627401386874732, 0.7510913421535456, 0.8933609420725959, 1.0109825463564783], [0.3194176223359147, -0.030297474767915836, -0.25112092851152423, -0.33712305078924076, -0.23916898456953714, -0.05935721242527319, -0.181010201583247, -0.2342376154752955, -0.22264159637911113, 0.17561207910939383, 0.10734346724387656, 0.04065089523088004, 0.0, 0.39637200417354784, 0.46974949261069127, 0.5170520630971175, 0.5600965743789633, 0.6033910339183534, 0.7917422373844257, 0.9340118373034754, 1.0516334415873576], [-0.07695438183763337, -0.4266694789414636, -0.6474929326850725, -0.7334950549627887, -0.6355409887430851, -0.4557292165988212, -0.5773822057567951, -0.6306096196488433, -0.6190136005526592, -0.2207599250641542, -0.28902853692967145, -0.35572110894266795, -0.39637200417354784, 0.0, 0.07337748843714303, 0.12068005892356944, 0.16372457020541512, 0.20701902974480518, 0.39537023321087744, 0.5376398331299282, 0.6552614374138095], [-0.15033187027477646, -0.5000469673786069, -0.7208704211222151, -0.8068725433999318, -0.708918477180228, -0.5291067050359642, -0.6507596941939378, -0.7039871080859865, -0.6923910889898021, -0.2941374135012973, -0.3624060253668146, -0.42909859737981093, -0.46974949261069127, -0.07337748843714303, 0.0, 0.04730257048642638, 0.09034708176827211, 0.13364154130766215, 0.32199274477373463, 0.4642623446927847, 0.5818839489766666], [-0.19763444076120273, -0.5473495378650334, -0.7681729916086413, -0.854175113886358, -0.7562210476666544, -0.5764092755223909, -0.6980622646803643, -0.7512896785724129, -0.7396936594762288, -0.3414399839877236, -0.4097085958532409, -0.47640116786623726, -0.5170520630971175, -0.12068005892356944, -0.04730257048642638, 0.0, 0.043044511281845735, 0.08633897082123579, 0.2746901742873084, 0.41695977420635855, 0.5345813784902403], [-0.2406789520430484, -0.5903940491468791, -0.8112175028904874, -0.8972196251682041, -0.7992655589485003, -0.6194537868042364, -0.7411067759622101, -0.7943341898542587, -0.7827381707580742, -0.3844844952695693, -0.45275310713508676, -0.5194456791480832, -0.5600965743789633, -0.16372457020541512, -0.09034708176827211, -0.043044511281845735, 0.0, 0.04329445953939004, 0.2316456630054625, 0.3739152629245128, 0.49153686720839446], [-0.28397341158243855, -0.633688508686269, -0.8545119624298774, -0.9405140847075941, -0.8425600184878904, -0.6627482463436265, -0.7844012355016002, -0.8376286493936486, -0.8260326302974645, -0.427778954808959, -0.49604756667447697, -0.5627401386874732, -0.6033910339183534, -0.20701902974480518, -0.13364154130766215, -0.08633897082123579, -0.04329445953939004, 0.0, 0.1883512034660724, 0.3306208033851228, 0.4482424076690043], [-0.47232461504851103, -0.8220397121523413, -1.04286316589595, -1.1288652881736665, -1.030911221953963, -0.8510994498096984, -0.9727524389676732, -1.0259798528597206, -1.0143838337635371, -0.6161301582750318, -0.6843987701405494, -0.7510913421535456, -0.7917422373844257, -0.39537023321087744, -0.32199274477373463, -0.2746901742873084, -0.2316456630054625, -0.1883512034660724, 0.0, 0.14226959991905033, 0.2598912042029321], [-0.6145942149675612, -0.9643093120713924, -1.1851327658150002, -1.271134888092717, -1.1731808218730135, -0.9933690497287493, -1.1150220388867231, -1.1682494527787715, -1.1566534336825873, -0.7583997581940822, -0.8266683700595995, -0.8933609420725959, -0.9340118373034754, -0.5376398331299282, -0.4642623446927847, -0.41695977420635855, -0.3739152629245128, -0.3306208033851228, -0.14226959991905033, 0.0, 0.11762160428388171], [-0.7322158192514431, -1.0819309163552733, -1.3027543700988824, -1.3887564923765987, -1.2908024261568942, -1.1109906540126309, -1.232643643170605, -1.2858710570626528, -1.274275037966469, -0.8760213624779639, -0.9442899743434809, -1.0109825463564783, -1.0516334415873576, -0.6552614374138095, -0.5818839489766666, -0.5345813784902403, -0.49153686720839446, -0.4482424076690043, -0.2598912042029321, -0.11762160428388171, 0.0]], [[0.0, 0.21199818160181547, 0.4614415717564386, 0.687525486659872, 0.936024182371327, 0.941390695810606, 1.2460665453601576, 1.1910902243717643, 0.9997040147915098, 0.9894329585273236, 1.4685064359978215, 1.7520158667025258, 2.0226300417106726, 0.9387606264707802, 1.373958682465765, 1.6680322501626899, 1.9138142288742541, 0.8305523673600177, 1.0916958882958125, 1.2757765041842797, 1.4363367609967759], [-0.21199818160181547, 0.0, 0.2494433901546229, 0.4755273050580566, 0.7240260007695114, 0.7293925142087899, 1.0340683637583437, 0.9790920427699483, 0.787705833189694, 0.7774347769255076, 1.2565082543960058, 1.5400176851007115, 1.810631860108857, 0.7267624448689652, 1.161960500863949, 1.456034068560874, 1.7018160472724384, 0.6185541857582022, 0.879697706693997, 1.063778322582465, 1.2243385793949604], [-0.4614415717564386, -0.2494433901546229, 0.0, 0.22608391490343357, 0.47458261061488893, 0.4799491240541671, 0.7846249736037207, 0.7296486526153259, 0.5382624430350712, 0.5279913867708849, 1.0070648642413833, 1.2905742949460879, 1.5611884699542347, 0.4773190547143422, 0.9125171107093267, 1.2065906784062508, 1.4523726571178164, 0.36911079560357934, 0.6302543165393741, 0.8143349324278418, 0.9748951892403374], [-0.687525486659872, -0.4755273050580566, -0.22608391490343357, 0.0, 0.248498695711455, 0.25386520915073346, 0.5585410587002867, 0.5035647377118919, 0.3121785281316375, 0.3019074718674512, 0.7809809493379494, 1.0644903800426544, 1.3351045550508005, 0.2512351398109088, 0.6864331958058923, 0.9805067635028173, 1.226288742214382, 0.14302688070014574, 0.4041704016359408, 0.5882510175244082, 0.7488112743369041], [-0.936024182371327, -0.7240260007695114, -0.47458261061488893, -0.248498695711455, 0.0, 0.0053665134392784294, 0.31004236298883164, 0.2550660420004371, 0.06367983242018249, 0.05340877615599622, 0.532482253626494, 0.8159916843311992, 1.0866058593393464, 0.002736444099453735, 0.4379345000944376, 0.7320080677913624, 0.9777900465029279, -0.10547181501130934, 0.1556717059244855, 0.33975232181295334, 0.500312578625449], [-0.941390695810606, -0.7293925142087899, -0.4799491240541671, -0.25386520915073346, -0.0053665134392784294, 0.0, 0.3046758495495532, 0.2496995285611584, 0.05831331898090403, 0.0480422627167178, 0.5271157401872155, 0.8106251708919209, 1.0812393459000673, -0.002630069339824705, 0.43256798665515916, 0.726641554352084, 0.9724235330636488, -0.11083832845058775, 0.15030519248520707, 0.3343858083736749, 0.4949460651861704], [-1.2460665453601576, -1.0340683637583437, -0.7846249736037207, -0.5585410587002867, -0.31004236298883164, -0.3046758495495532, 0.0, -0.054976320988394646, -0.24636253056864915, -0.2566335868328354, 0.2224398906376624, 0.5059493213423678, 0.7765634963505141, -0.3073059188893779, 0.12789213710560607, 0.42196570480253043, 0.6677476835140957, -0.41551417800014073, -0.1543706570643461, 0.0297099588241216, 0.19027021563661733], [-1.1910902243717643, -0.9790920427699483, -0.7296486526153259, -0.5035647377118919, -0.2550660420004371, -0.2496995285611584, 0.054976320988394646, 0.0, -0.19138620958025457, -0.2016572658444407, 0.277416211626057, 0.5609256423307617, 0.8315398173389091, -0.2523295979009833, 0.18286845809400062, 0.4769420257909253, 0.7227240045024902, -0.36053785701174634, -0.09939433607595144, 0.08468627981251627, 0.2452465366250121], [-0.9997040147915098, -0.787705833189694, -0.5382624430350712, -0.3121785281316375, -0.06367983242018249, -0.05831331898090403, 0.24636253056864915, 0.19138620958025457, 0.0, -0.010271056264186222, 0.4688024212063113, 0.7523118519110167, 1.0229260269191631, -0.06094338832072872, 0.37425466767425514, 0.6683282353711797, 0.9141102140827445, -0.1691516474314918, 0.09199187350430307, 0.2760724893927708, 0.4366327462052664], [-0.9894329585273236, -0.7774347769255076, -0.5279913867708849, -0.3019074718674512, -0.05340877615599622, -0.0480422627167178, 0.2566335868328354, 0.2016572658444407, 0.010271056264186222, 0.0, 0.4790734774704978, 0.7625829081752029, 1.0331970831833492, -0.05067233205654253, 0.3845257239384413, 0.6785992916353659, 0.924381270346931, -0.1588805911673056, 0.10226292976848927, 0.2863435456569569, 0.44690380246945255], [-1.4685064359978215, -1.2565082543960058, -1.0070648642413833, -0.7809809493379494, -0.532482253626494, -0.5271157401872155, -0.2224398906376624, -0.277416211626057, -0.4688024212063113, -0.4790734774704978, 0.0, 0.2835094307047051, 0.5541236057128519, -0.5297458095270403, -0.09454775353205648, 0.19952581416486811, 0.4453077928764332, -0.6379540686378035, -0.3768105477020085, -0.1927299318135408, -0.03216967500104507], [-1.7520158667025258, -1.5400176851007115, -1.2905742949460879, -1.0644903800426544, -0.8159916843311992, -0.8106251708919209, -0.5059493213423678, -0.5609256423307617, -0.7523118519110167, -0.7625829081752029, -0.2835094307047051, 0.0, 0.2706141750081467, -0.8132552402317458, -0.3780571842367617, -0.08398361653983709, 0.16179836217172805, -0.9214634993425084, -0.6603199784067136, -0.4762393625182461, -0.3156791057057503], [-2.0226300417106726, -1.810631860108857, -1.5611884699542347, -1.3351045550508005, -1.0866058593393464, -1.0812393459000673, -0.7765634963505141, -0.8315398173389091, -1.0229260269191631, -1.0331970831833492, -0.5541236057128519, -0.2706141750081467, 0.0, -1.0838694152398924, -0.6486713592449082, -0.3545977915479838, -0.10881581283641863, -1.1920776743506556, -0.9309341534148605, -0.7468535375263927, -0.5862932807138967], [-0.9387606264707802, -0.7267624448689652, -0.4773190547143422, -0.2512351398109088, -0.002736444099453735, 0.002630069339824705, 0.3073059188893779, 0.2523295979009833, 0.06094338832072872, 0.05067233205654253, 0.5297458095270403, 0.8132552402317458, 1.0838694152398924, 0.0, 0.4351980559949839, 0.7292716236919083, 0.9750536024034738, -0.10820825911076304, 0.15293526182503187, 0.3370158777134996, 0.4975761345259954], [-1.373958682465765, -1.161960500863949, -0.9125171107093267, -0.6864331958058923, -0.4379345000944376, -0.43256798665515916, -0.12789213710560607, -0.18286845809400062, -0.37425466767425514, -0.3845257239384413, 0.09454775353205648, 0.3780571842367617, 0.6486713592449082, -0.4351980559949839, 0.0, 0.2940735676969246, 0.5398555464084897, -0.543406315105747, -0.2822627941699522, -0.09818217828148441, 0.062378078531011356], [-1.6680322501626899, -1.456034068560874, -1.2065906784062508, -0.9805067635028173, -0.7320080677913624, -0.726641554352084, -0.42196570480253043, -0.4769420257909253, -0.6683282353711797, -0.6785992916353659, -0.19952581416486811, 0.08398361653983709, 0.3545977915479838, -0.7292716236919083, -0.2940735676969246, 0.0, 0.24578197871156524, -0.8374798828026709, -0.5763363618668768, -0.3922557459784089, -0.2316954891659131], [-1.9138142288742541, -1.7018160472724384, -1.4523726571178164, -1.226288742214382, -0.9777900465029279, -0.9724235330636488, -0.6677476835140957, -0.7227240045024902, -0.9141102140827445, -0.924381270346931, -0.4453077928764332, -0.16179836217172805, 0.10881581283641863, -0.9750536024034738, -0.5398555464084897, -0.24578197871156524, 0.0, -1.0832618615142366, -0.8221183405784417, -0.6380377246899741, -0.4774774678774783], [-0.8305523673600177, -0.6185541857582022, -0.36911079560357934, -0.14302688070014574, 0.10547181501130934, 0.11083832845058775, 0.41551417800014073, 0.36053785701174634, 0.1691516474314918, 0.1588805911673056, 0.6379540686378035, 0.9214634993425084, 1.1920776743506556, 0.10820825911076304, 0.543406315105747, 0.8374798828026709, 1.0832618615142366, 0.0, 0.2611435209357949, 0.4452241368242623, 0.6057843936367583], [-1.0916958882958125, -0.879697706693997, -0.6302543165393741, -0.4041704016359408, -0.1556717059244855, -0.15030519248520707, 0.1543706570643461, 0.09939433607595144, -0.09199187350430307, -0.10226292976848927, 0.3768105477020085, 0.6603199784067136, 0.9309341534148605, -0.15293526182503187, 0.2822627941699522, 0.5763363618668768, 0.8221183405784417, -0.2611435209357949, 0.0, 0.1840806158884676, 0.34464087270096355], [-1.2757765041842797, -1.063778322582465, -0.8143349324278418, -0.5882510175244082, -0.33975232181295334, -0.3343858083736749, -0.0297099588241216, -0.08468627981251627, -0.2760724893927708, -0.2863435456569569, 0.1927299318135408, 0.4762393625182461, 0.7468535375263927, -0.3370158777134996, 0.09818217828148441, 0.3922557459784089, 0.6380377246899741, -0.4452241368242623, -0.1840806158884676, 0.0, 0.16056025681249572], [-1.4363367609967759, -1.2243385793949604, -0.9748951892403374, -0.7488112743369041, -0.500312578625449, -0.4949460651861704, -0.19027021563661733, -0.2452465366250121, -0.4366327462052664, -0.44690380246945255, 0.03216967500104507, 0.3156791057057503, 0.5862932807138967, -0.4975761345259954, -0.062378078531011356, 0.2316954891659131, 0.4774774678774783, -0.6057843936367583, -0.34464087270096355, -0.16056025681249572, 0.0]]]