[[[0.0, -0.3704211011052375, -0.5125181981655458, -0.5367446036305173, -0.49583782129856663, -0.2929548736366121, -0.31832559187156867, -0.32598746604645046, -0.31569303449261116, -0.043084892939662806, -0.020707980636895145, -0.010853219504427114, -0.01805321462922476, 0.18046877262929045, 0.26996569277725513, 0.31146385633508805, 0.34171286034270615, 0.3842158408894079, 0.5373071336302953, 0.6317032004697781, 0.7055101641080409], [0.3704211011052375, 0.0, -0.1420970970603081, -0.1663235025252799, -0.12541672019332922, 0.07746622746862529, 0.05209550923366875, 0.04443363505878692, 0.054728066612626386, 0.32733620816557474, 0.3497131204683424, 0.35956788160081055, 0.3523678864760128, 0.5508898737345279, 0.6403867938824928, 0.6818849574403258, 0.7121339614479442, 0.754636941994645, 0.9077282347355332, 1.0021243015750159, 1.075931265213278], [0.5125181981655458, 0.1420970970603081, 0.0, -0.02422640546497177, 0.016680376866978965, 0.21956332452893337, 0.19419260629397678, 0.18653073211909504, 0.19682516367293457, 0.4694333052258829, 0.49181021752865045, 0.5016649786611188, 0.49446498353632096, 0.6929869707948361, 0.782483890942801, 0.8239820545006338, 0.8542310585082521, 0.8967340390549535, 1.0498253317958406, 1.1442213986353234, 1.2180283622735868], [0.5367446036305173, 0.1663235025252799, 0.02422640546497177, 0.0, 0.04090678233195075, 0.2437897299939052, 0.21841901175894868, 0.2107571375840669, 0.22105156913790627, 0.49365971069085485, 0.5160366229936224, 0.5258913841260902, 0.5186913890012927, 0.7172133762598081, 0.8067102964077725, 0.8482084599656061, 0.878457463973223, 0.9209604445199254, 1.0740517372608125, 1.1684478041002955, 1.2422547677385583], [0.49583782129856663, 0.12541672019332922, -0.016680376866978965, -0.04090678233195075, 0.0, 0.2028829476619545, 0.17751222942699785, 0.16985035525211611, 0.18014478680595547, 0.4527529283589037, 0.4751298406616714, 0.4849846017941395, 0.4777846066693418, 0.6763065939278572, 0.7658035140758216, 0.8073016776336549, 0.8375506816412731, 0.8800536621879747, 1.0331449549288614, 1.127541021768345, 1.2013479854066074], [0.2929548736366121, -0.07746622746862529, -0.21956332452893337, -0.2437897299939052, -0.2028829476619545, 0.0, -0.025370718234956565, -0.033032592409838385, -0.0227381608559989, 0.2498699806969495, 0.27224689299971705, 0.2821016541321852, 0.27490165900738744, 0.4734236462659027, 0.5629205664138673, 0.6044187299717003, 0.6346677339793185, 0.6771707145260204, 0.830262007266907, 0.9246580741063896, 0.9984650377446533], [0.31832559187156867, -0.05209550923366875, -0.19419260629397678, -0.21841901175894868, -0.17751222942699785, 0.025370718234956565, 0.0, -0.007661874174881813, 0.0026325573789576727, 0.27524069893190606, 0.2976176112346737, 0.3074723723671417, 0.3002723772423439, 0.49879436450085923, 0.5882912846488237, 0.6297894482066569, 0.6600384522142754, 0.702541432760977, 0.855632725501864, 0.9500287923413466, 1.02383575597961], [0.32598746604645046, -0.04443363505878692, -0.18653073211909504, -0.2107571375840669, -0.16985035525211611, 0.033032592409838385, 0.007661874174881813, 0.0, 0.010294431553839488, 0.28290257310678785, 0.30527948540955546, 0.31513424654202354, 0.3079342514172259, 0.5064562386757412, 0.5959531588237058, 0.6374513223815385, 0.6677003263891568, 0.7102033069358584, 0.8632945996767458, 0.9576906665162287, 1.0314976301544918], [0.31569303449261116, -0.054728066612626386, -0.19682516367293457, -0.22105156913790627, -0.18014478680595547, 0.0227381608559989, -0.0026325573789576727, -0.010294431553839488, 0.0, 0.2726081415529485, 0.29498505385571605, 0.30483981498818397, 0.29763981986338633, 0.49616180712190183, 0.5856587272698662, 0.6271568908276991, 0.6574058948353175, 0.6999088753820192, 0.8530001681229062, 0.947396234962389, 1.0212031986006518], [0.043084892939662806, -0.32733620816557474, -0.4694333052258829, -0.49365971069085485, -0.4527529283589037, -0.2498699806969495, -0.27524069893190606, -0.28290257310678785, -0.2726081415529485, 0.0, 0.022376912302767667, 0.0322316734352357, 0.025031678310438055, 0.22355366556895329, 0.31305058571691796, 0.35454874927475105, 0.38479775328236876, 0.42730073382907086, 0.580392026569958, 0.6747880934094407, 0.7485950570477036], [0.020707980636895145, -0.3497131204683424, -0.49181021752865045, -0.5160366229936224, -0.4751298406616714, -0.27224689299971705, -0.2976176112346737, -0.30527948540955546, -0.29498505385571605, -0.022376912302767667, 0.0, 0.009854761132468021, 0.002654766007670381, 0.2011767532661856, 0.2906736734141501, 0.3321718369719832, 0.36242084097960137, 0.4049238215263031, 0.5580151142671905, 0.6524111811066728, 0.7262181447449358], [0.010853219504427114, -0.35956788160081055, -0.5016649786611188, -0.5258913841260902, -0.4849846017941395, -0.2821016541321852, -0.3074723723671417, -0.31513424654202354, -0.30483981498818397, -0.0322316734352357, -0.009854761132468021, 0.0, -0.007199995124797644, 0.1913219921337176, 0.2808189122816822, 0.32231707583951524, 0.3525660798471334, 0.39506906039383494, 0.5481603531347223, 0.6425564199742049, 0.7163633836124683], [0.01805321462922476, -0.3523678864760128, -0.49446498353632096, -0.5186913890012927, -0.4777846066693418, -0.27490165900738744, -0.3002723772423439, -0.3079342514172259, -0.29763981986338633, -0.025031678310438055, -0.002654766007670381, 0.007199995124797644, 0.0, 0.19852198725851522, 0.28801890740647973, 0.329517070964313, 0.3597660749719311, 0.4022690555186327, 0.5553603482595197, 0.6497564150990028, 0.7235633787372657], [-0.18046877262929045, -0.5508898737345279, -0.6929869707948361, -0.7172133762598081, -0.6763065939278572, -0.4734236462659027, -0.49879436450085923, -0.5064562386757412, -0.49616180712190183, -0.22355366556895329, -0.2011767532661856, -0.1913219921337176, -0.19852198725851522, 0.0, 0.08949692014796456, 0.13099508370579765, 0.16124408771341567, 0.2037470682601175, 0.3568383610010045, 0.4512344278404874, 0.5250413914787504], [-0.26996569277725513, -0.6403867938824928, -0.782483890942801, -0.8067102964077725, -0.7658035140758216, -0.5629205664138673, -0.5882912846488237, -0.5959531588237058, -0.5856587272698662, -0.31305058571691796, -0.2906736734141501, -0.2808189122816822, -0.28801890740647973, -0.08949692014796456, 0.0, 0.04149816355783307, 0.07174716756545112, 0.11425014811215282, 0.26734144085304, 0.36173750769252266, 0.43554447133078567], [-0.31146385633508805, -0.6818849574403258, -0.8239820545006338, -0.8482084599656061, -0.8073016776336549, -0.6044187299717003, -0.6297894482066569, -0.6374513223815385, -0.6271568908276991, -0.35454874927475105, -0.3321718369719832, -0.32231707583951524, -0.329517070964313, -0.13099508370579765, -0.04149816355783307, 0.0, 0.030249004007618083, 0.07275198455431969, 0.225843277295207, 0.32023934413468974, 0.3940463077729527], [-0.34171286034270615, -0.7121339614479442, -0.8542310585082521, -0.878457463973223, -0.8375506816412731, -0.6346677339793185, -0.6600384522142754, -0.6677003263891568, -0.6574058948353175, -0.38479775328236876, -0.36242084097960137, -0.3525660798471334, -0.3597660749719311, -0.16124408771341567, -0.07174716756545112, -0.030249004007618083, 0.0, 0.04250298054670167, 0.19559427328758894, 0.2899903401270717, 0.3637973037653346], [-0.3842158408894079, -0.754636941994645, -0.8967340390549535, -0.9209604445199254, -0.8800536621879747, -0.6771707145260204, -0.702541432760977, -0.7102033069358584, -0.6999088753820192, -0.42730073382907086, -0.4049238215263031, -0.39506906039383494, -0.4022690555186327, -0.2037470682601175, -0.11425014811215282, -0.07275198455431969, -0.04250298054670167, 0.0, 0.15309129274088723, 0.24748735958037, 0.3212943232186328], [-0.5373071336302953, -0.9077282347355332, -1.0498253317958406, -1.0740517372608125, -1.0331449549288614, -0.830262007266907, -0.855632725501864, -0.8632945996767458, -0.8530001681229062, -0.580392026569958, -0.5580151142671905, -0.5481603531347223, -0.5553603482595197, -0.3568383610010045, -0.26734144085304, -0.225843277295207, -0.19559427328758894, -0.15309129274088723, 0.0, 0.0943960668394828, 0.16820303047774574], [-0.6317032004697781, -1.0021243015750159, -1.1442213986353234, -1.1684478041002955, -1.127541021768345, -0.9246580741063896, -0.9500287923413466, -0.9576906665162287, -0.947396234962389, -0.6747880934094407, -0.6524111811066728, -0.6425564199742049, -0.6497564150990028, -0.4512344278404874, -0.36173750769252266, -0.32023934413468974, -0.2899903401270717, -0.24748735958037, -0.0943960668394828, 0.0, 0.07380696363826283], [-0.7055101641080409, -1.075931265213278, -1.2180283622735868, -1.2422547677385583, -1.2013479854066074, -0.9984650377446533, -1.02383575597961, -1.0314976301544918, -1.0212031986006518, -0.7485950570477036, -0.7262181447449358, -0.7163633836124683, -0.7235633787372657, -0.5250413914787504, -0.43554447133078567, -0.3940463077729527, -0.3637973037653346, -0.3212943232186328, -0.16820303047774574, -0.07380696363826283, 0.0]], [[0.0, 0.26066880794210584, 0.59636756210732, 0.8716359403239373, 1.19390531439275, 1.0188309414982717, 1.391191832277548, 1.6162441317648208, 1.7302860928920214, 0.9989931131499783, 1.4666510297399504, 1.7396161754397301, 1.9877265735335146, 0.9319884063794995, 1.367568763040647, 1.6475331127295463, 1.8831013788429025, 0.8220559169652135, 1.1217676200046, 1.3285583274083683, 1.5213281730129498], [-0.26066880794210584, 0.0, 0.335698754165214, 0.610967132381831, 0.933236506450644, 0.7581621335561662, 1.1305230243354423, 1.3555753238227157, 1.469617284949915, 0.7383243052078723, 1.2059822217978449, 1.4789473674976241, 1.727057765591409, 0.6713195984373941, 1.1068999550985412, 1.3868643047874412, 1.6224325709007974, 0.5613871090231067, 0.8610988120624935, 1.067889519466263, 1.2606593650708438], [-0.59636756210732, -0.335698754165214, 0.0, 0.2752683782166173, 0.5975377522854302, 0.4224633793909518, 0.7948242701702278, 1.019876569657501, 1.1339185307847015, 0.40262555104265824, 0.8702834676326305, 1.1432486133324107, 1.3913590114261953, 0.3356208442721802, 0.7712012009333273, 1.0511655506222268, 1.2867338167355833, 0.22568835485789285, 0.52540005789728, 0.7321907653010489, 0.9249606109056293], [-0.8716359403239373, -0.610967132381831, -0.2752683782166173, 0.0, 0.3222693740688126, 0.1471950011743346, 0.5195558919536103, 0.7446081914408841, 0.8586501525680841, 0.1273571728260409, 0.5950150894160134, 0.8679802351157927, 1.1160906332095777, 0.06035246605556274, 0.4959328227167095, 0.77589717240561, 1.0114654385189656, -0.049580023358724475, 0.25013167968066247, 0.4569223870844315, 0.6496922326890119], [-1.19390531439275, -0.933236506450644, -0.5975377522854302, -0.3222693740688126, 0.0, -0.1750743728944781, 0.19728651788479798, 0.4223388173720713, 0.5363807784992715, -0.1949122012427717, 0.2727457153472006, 0.5457108610469804, 0.7938212591407648, -0.2619169080132499, 0.17366344864789718, 0.45362779833679717, 0.6891960644501534, -0.37184939742753714, -0.07213769438815017, 0.13465301301561897, 0.3274228586201995], [-1.0188309414982717, -0.7581621335561662, -0.4224633793909518, -0.1471950011743346, 0.1750743728944781, 0.0, 0.3723608907792759, 0.5974131902665496, 0.7114551513937493, -0.019837828348293705, 0.4478200882416789, 0.7207852339414584, 0.9688956320352431, -0.08684253511877184, 0.3487378215423753, 0.6287021712312754, 0.8642704373446309, -0.19677502453305912, 0.10293667850632784, 0.30972738591009696, 0.5024972315146775], [-1.391191832277548, -1.1305230243354423, -0.7948242701702278, -0.5195558919536103, -0.19728651788479798, -0.3723608907792759, 0.0, 0.22505229948727323, 0.3390942606144733, -0.39219871912756943, 0.07545919746240282, 0.34842434316218246, 0.5965347412559668, -0.4592034258980477, -0.023623069236900846, 0.2563412804519992, 0.4919095465653551, -0.5691359153123351, -0.2694242122729481, -0.06263350486917899, 0.13013634073540167], [-1.6162441317648208, -1.3555753238227157, -1.019876569657501, -0.7446081914408841, -0.4223388173720713, -0.5974131902665496, -0.22505229948727323, 0.0, 0.11404196112719997, -0.6172510186148431, -0.1495931020248705, 0.12337204367490914, 0.3714824417686937, -0.684255725385321, -0.24867536872417426, 0.03128898096472597, 0.2668572470780821, -0.7941882147996084, -0.49447651176022134, -0.28768580435645213, -0.09491595875187167], [-1.7302860928920214, -1.469617284949915, -1.1339185307847015, -0.8586501525680841, -0.5363807784992715, -0.7114551513937493, -0.3390942606144733, -0.11404196112719997, 0.0, -0.7312929797420429, -0.2636350631520703, 0.009330082547709184, 0.25744048064149383, -0.798297686512521, -0.3627173298513741, -0.082752980162474, 0.15281528595088195, -0.9082301759268084, -0.6085184728874213, -0.4017277654836522, -0.20895791987907178], [-0.9989931131499783, -0.7383243052078723, -0.40262555104265824, -0.1273571728260409, 0.1949122012427717, 0.019837828348293705, 0.39219871912756943, 0.6172510186148431, 0.7312929797420429, 0.0, 0.46765791658997236, 0.7406230622897523, 0.9887334603835369, -0.06700470677047816, 0.3685756498906688, 0.6485399995795692, 0.8841082656929248, -0.1769371961847654, 0.12277450685462153, 0.32956521425839064, 0.5223350598629714], [-1.4666510297399504, -1.2059822217978449, -0.8702834676326305, -0.5950150894160134, -0.2727457153472006, -0.4478200882416789, -0.07545919746240282, 0.1495931020248705, 0.2636350631520703, -0.46765791658997236, 0.0, 0.2729651456997796, 0.5210755437935645, -0.5346626233604507, -0.09908226669930363, 0.1808820829895965, 0.41645034910295253, -0.6445951127747377, -0.34488340973535087, -0.13809270233158175, 0.05467714327299882], [-1.7396161754397301, -1.4789473674976241, -1.1432486133324107, -0.8679802351157927, -0.5457108610469804, -0.7207852339414584, -0.34842434316218246, -0.12337204367490914, -0.009330082547709184, -0.7406230622897523, -0.2729651456997796, 0.0, 0.2481103980937847, -0.8076277690602309, -0.37204741239908323, -0.09208306271018317, 0.14348520340317278, -0.9175602584745179, -0.6178485554351307, -0.41105784803136153, -0.2182880024267807], [-1.9877265735335146, -1.727057765591409, -1.3913590114261953, -1.1160906332095777, -0.7938212591407648, -0.9688956320352431, -0.5965347412559668, -0.3714824417686937, -0.25744048064149383, -0.9887334603835369, -0.5210755437935645, -0.2481103980937847, 0.0, -1.055738167154015, -0.620157810492868, -0.34019346080396773, -0.10462519469061186, -1.165670656568302, -0.8659589535289149, -0.659168246125146, -0.46639840052056525], [-0.9319884063794995, -0.6713195984373941, -0.3356208442721802, -0.06035246605556274, 0.2619169080132499, 0.08684253511877184, 0.4592034258980477, 0.684255725385321, 0.798297686512521, 0.06700470677047816, 0.5346626233604507, 0.8076277690602309, 1.055738167154015, 0.0, 0.43558035666114686, 0.7155447063500469, 0.9511129724634028, -0.1099324894142873, 0.18977921362509975, 0.39656992102886895, 0.5893397666334497], [-1.367568763040647, -1.1068999550985412, -0.7712012009333273, -0.4959328227167095, -0.17366344864789718, -0.3487378215423753, 0.023623069236900846, 0.24867536872417426, 0.3627173298513741, -0.3685756498906688, 0.09908226669930363, 0.37204741239908323, 0.620157810492868, -0.43558035666114686, 0.0, 0.27996434968890005, 0.5155326158022562, -0.5455128460754343, -0.2458011430360472, -0.039010435632278136, 0.15375940997230242], [-1.6475331127295463, -1.3868643047874412, -1.0511655506222268, -0.77589717240561, -0.45362779833679717, -0.6287021712312754, -0.2563412804519992, -0.03128898096472597, 0.082752980162474, -0.6485399995795692, -0.1808820829895965, 0.09208306271018317, 0.34019346080396773, -0.7155447063500469, -0.27996434968890005, 0.0, 0.2355682661133559, -0.8254771957643345, -0.5257654927249478, -0.3189747853211783, -0.12620493971659763], [-1.8831013788429025, -1.6224325709007974, -1.2867338167355833, -1.0114654385189656, -0.6891960644501534, -0.8642704373446309, -0.4919095465653551, -0.2668572470780821, -0.15281528595088195, -0.8841082656929248, -0.41645034910295253, -0.14348520340317278, 0.10462519469061186, -0.9511129724634028, -0.5155326158022562, -0.2355682661133559, 0.0, -1.0610454618776906, -0.7613337588383032, -0.5545430514345341, -0.3617732058299534], [-0.8220559169652135, -0.5613871090231067, -0.22568835485789285, 0.049580023358724475, 0.37184939742753714, 0.19677502453305912, 0.5691359153123351, 0.7941882147996084, 0.9082301759268084, 0.1769371961847654, 0.6445951127747377, 0.9175602584745179, 1.165670656568302, 0.1099324894142873, 0.5455128460754343, 0.8254771957643345, 1.0610454618776906, 0.0, 0.299711703039387, 0.506502410443156, 0.6992722560477362], [-1.1217676200046, -0.8610988120624935, -0.52540005789728, -0.25013167968066247, 0.07213769438815017, -0.10293667850632784, 0.2694242122729481, 0.49447651176022134, 0.6085184728874213, -0.12277450685462153, 0.34488340973535087, 0.6178485554351307, 0.8659589535289149, -0.18977921362509975, 0.2458011430360472, 0.5257654927249478, 0.7613337588383032, -0.299711703039387, 0.0, 0.20679070740376926, 0.3995605530083499], [-1.3285583274083683, -1.067889519466263, -0.7321907653010489, -0.4569223870844315, -0.13465301301561897, -0.30972738591009696, 0.06263350486917899, 0.28768580435645213, 0.4017277654836522, -0.32956521425839064, 0.13809270233158175, 0.41105784803136153, 0.659168246125146, -0.39656992102886895, 0.039010435632278136, 0.3189747853211783, 0.5545430514345341, -0.506502410443156, -0.20679070740376926, 0.0, 0.1927698456045806], [-1.5213281730129498, -1.2606593650708438, -0.9249606109056293, -0.6496922326890119, -0.3274228586201995, -0.5024972315146775, -0.13013634073540167, 0.09491595875187167, 0.20895791987907178, -0.5223350598629714, -0.05467714327299882, 0.2182880024267807, 0.46639840052056525, -0.5893397666334497, -0.15375940997230242, 0.12620493971659763, 0.3617732058299534, -0.6992722560477362, -0.3995605530083499, -0.1927698456045806, 0.0]]]