[[[0.0, -0.30627264955979927, -0.39331732313831475, -0.2567198478296342, -0.049950167002604885, -0.28027453095005916, -0.3324611259181235, -0.35648067950699164, -0.35625453833458975, -0.03992699614530371, -0.07648958082321256, -0.13714253442935515, -0.15616875003738384, 0.19688478483001856, 0.1703603258399147, 0.06423474198795175, 0.03161015229695089, 0.4140212875762251, 0.4050507100875022, 0.2858384290659999, 0.24873950467358535], [0.30627264955979927, 0.0, -0.08704467357851581, 0.04955280173016488, 0.2563224825571942, 0.025998118609740148, -0.026188476358324234, -0.05020802994719231, -0.04998188877479067, 0.26634565341449545, 0.22978306873658666, 0.169130115130444, 0.15010389952241535, 0.5031574343898176, 0.47663297539971405, 0.3705073915477509, 0.3378828018567502, 0.7202939371360242, 0.7113233596473014, 0.592111078625799, 0.5550121542333846], [0.39331732313831475, 0.08704467357851581, 0.0, 0.13659747530868058, 0.34336715613571017, 0.11304279218825583, 0.06085619722019147, 0.036836643631323385, 0.03706278480372503, 0.3533903269930112, 0.3168277423151024, 0.2561747887089597, 0.23714857310093096, 0.5902021079683332, 0.5636776489782296, 0.4575520651262667, 0.42492747543526577, 0.8073386107145406, 0.7983680332258171, 0.6791557522043149, 0.6420568278119007], [0.2567198478296342, -0.04955280173016488, -0.13659747530868058, 0.0, 0.20676968082702943, -0.02355468312042473, -0.07574127808848913, -0.09976083167735723, -0.09953469050495561, 0.21679285168433046, 0.18023026700642167, 0.11957731340027904, 0.10055109779225047, 0.45360463265965295, 0.4270801736695492, 0.3209545898175862, 0.2883300001265852, 0.6707411354058599, 0.6617705579171366, 0.5425582768956339, 0.5054593525032194], [0.049950167002604885, -0.2563224825571942, -0.34336715613571017, -0.20676968082702943, 0.0, -0.23032436394745417, -0.2825109589155185, -0.3065305125043866, -0.3063043713319849, 0.010023170857301127, -0.026539413820607684, -0.08719236742675031, -0.10621858303477895, 0.2468349518326234, 0.2203104928425195, 0.11418490899055662, 0.08156031929955576, 0.46397145457883027, 0.4550008770901071, 0.3357885960686046, 0.2986896716761903], [0.28027453095005916, -0.025998118609740148, -0.11304279218825583, 0.02355468312042473, 0.23032436394745417, 0.0, -0.0521865949680644, -0.0762061485569325, -0.07598000738453083, 0.24034753480475518, 0.20378495012684655, 0.14313199652070385, 0.1241057809126751, 0.4771593157800774, 0.45063485678997367, 0.34450927293801065, 0.31188468324700996, 0.6942958185262843, 0.6853252410375612, 0.5661129600160588, 0.5290140356236444], [0.3324611259181235, 0.026188476358324234, -0.06085619722019147, 0.07574127808848913, 0.2825109589155185, 0.0521865949680644, 0.0, -0.024019553588868075, -0.023793412416466438, 0.29253412977281973, 0.2559715450949108, 0.19531859148876823, 0.1762923758807397, 0.529345910748142, 0.5028214517580379, 0.39669586790607503, 0.3640712782150742, 0.7464824134943484, 0.7375118360056255, 0.6182995549841237, 0.5812006305917087], [0.35648067950699164, 0.05020802994719231, -0.036836643631323385, 0.09976083167735723, 0.3065305125043866, 0.0762061485569325, 0.024019553588868075, 0.0, 0.00022614117240164877, 0.31655368336168777, 0.27999109868377897, 0.21933814507763635, 0.20031192946960769, 0.5533654643370098, 0.5268410053469063, 0.4207154214949433, 0.3880908318039423, 0.7705019670832162, 0.7615313895944936, 0.6423191085729916, 0.6052201841805769], [0.35625453833458975, 0.04998188877479067, -0.03706278480372503, 0.09953469050495561, 0.3063043713319849, 0.07598000738453083, 0.023793412416466438, -0.00022614117240164877, 0.0, 0.3163275421892862, 0.27976495751137725, 0.21911200390523475, 0.20008578829720594, 0.5531393231646085, 0.5266148641745046, 0.4204892803225417, 0.3878646906315408, 0.7702758259108146, 0.761305248422092, 0.6420929674005896, 0.6049940430081753], [0.03992699614530371, -0.26634565341449545, -0.3533903269930112, -0.21679285168433046, -0.010023170857301127, -0.24034753480475518, -0.29253412977281973, -0.31655368336168777, -0.3163275421892862, 0.0, -0.0365625846779088, -0.09721553828405143, -0.11624175389208002, 0.23681178097532218, 0.21028732198521854, 0.10416173813325547, 0.07153714844225459, 0.45394828372152907, 0.444977706232806, 0.32576542521130347, 0.28866650081888917], [0.07648958082321256, -0.22978306873658666, -0.3168277423151024, -0.18023026700642167, 0.026539413820607684, -0.20378495012684655, -0.2559715450949108, -0.27999109868377897, -0.27976495751137725, 0.0365625846779088, 0.0, -0.060652953606142625, -0.07967916921417131, 0.27337436565323125, 0.24684990666312728, 0.14072432281116426, 0.10809973312016347, 0.4905108683994376, 0.48154029091071493, 0.3623280098892123, 0.32522908549679813], [0.13714253442935515, -0.169130115130444, -0.2561747887089597, -0.11957731340027904, 0.08719236742675031, -0.14313199652070385, -0.19531859148876823, -0.21933814507763635, -0.21911200390523475, 0.09721553828405143, 0.060652953606142625, 0.0, -0.01902621560802862, 0.3340273192593735, 0.30750286026927015, 0.201377276417307, 0.16875268672630622, 0.5511638220055803, 0.5421932445168574, 0.42298096349535497, 0.3858820391029407], [0.15616875003738384, -0.15010389952241535, -0.23714857310093096, -0.10055109779225047, 0.10621858303477895, -0.1241057809126751, -0.1762923758807397, -0.20031192946960769, -0.20008578829720594, 0.11624175389208002, 0.07967916921417131, 0.01902621560802862, 0.0, 0.3530535348674024, 0.3265290758772986, 0.22040349202533563, 0.18777890233433467, 0.5701900376136089, 0.5612194601248862, 0.4420071791033836, 0.4049082547109694], [-0.19688478483001856, -0.5031574343898176, -0.5902021079683332, -0.45360463265965295, -0.2468349518326234, -0.4771593157800774, -0.529345910748142, -0.5533654643370098, -0.5531393231646085, -0.23681178097532218, -0.27337436565323125, -0.3340273192593735, -0.3530535348674024, 0.0, -0.026524458990103836, -0.1326500428420668, -0.1652746325330676, 0.2171365027462066, 0.20816592525748376, 0.08895364423598125, 0.05185471984356688], [-0.1703603258399147, -0.47663297539971405, -0.5636776489782296, -0.4270801736695492, -0.2203104928425195, -0.45063485678997367, -0.5028214517580379, -0.5268410053469063, -0.5266148641745046, -0.21028732198521854, -0.24684990666312728, -0.30750286026927015, -0.3265290758772986, 0.026524458990103836, 0.0, -0.10612558385196293, -0.13875017354296382, 0.24366096173631038, 0.23469038424758762, 0.11547810322608504, 0.07837917883367072], [-0.06423474198795175, -0.3705073915477509, -0.4575520651262667, -0.3209545898175862, -0.11418490899055662, -0.34450927293801065, -0.39669586790607503, -0.4207154214949433, -0.4204892803225417, -0.10416173813325547, -0.14072432281116426, -0.201377276417307, -0.22040349202533563, 0.1326500428420668, 0.10612558385196293, 0.0, -0.032624589691000835, 0.3497865455882734, 0.3408159680995505, 0.22160368707804806, 0.18450476268563357], [-0.03161015229695089, -0.3378828018567502, -0.42492747543526577, -0.2883300001265852, -0.08156031929955576, -0.31188468324700996, -0.3640712782150742, -0.3880908318039423, -0.3878646906315408, -0.07153714844225459, -0.10809973312016347, -0.16875268672630622, -0.18777890233433467, 0.1652746325330676, 0.13875017354296382, 0.032624589691000835, 0.0, 0.38241113527927406, 0.37344055779055146, 0.254228276769049, 0.21712935237663455], [-0.4140212875762251, -0.7202939371360242, -0.8073386107145406, -0.6707411354058599, -0.46397145457883027, -0.6942958185262843, -0.7464824134943484, -0.7705019670832162, -0.7702758259108146, -0.45394828372152907, -0.4905108683994376, -0.5511638220055803, -0.5701900376136089, -0.2171365027462066, -0.24366096173631038, -0.3497865455882734, -0.38241113527927406, 0.0, -0.008970577488722828, -0.12818285851022526, -0.16528178290263967], [-0.4050507100875022, -0.7113233596473014, -0.7983680332258171, -0.6617705579171366, -0.4550008770901071, -0.6853252410375612, -0.7375118360056255, -0.7615313895944936, -0.761305248422092, -0.444977706232806, -0.48154029091071493, -0.5421932445168574, -0.5612194601248862, -0.20816592525748376, -0.23469038424758762, -0.3408159680995505, -0.37344055779055146, 0.008970577488722828, 0.0, -0.11921228102150244, -0.15631120541391685], [-0.2858384290659999, -0.592111078625799, -0.6791557522043149, -0.5425582768956339, -0.3357885960686046, -0.5661129600160588, -0.6182995549841237, -0.6423191085729916, -0.6420929674005896, -0.32576542521130347, -0.3623280098892123, -0.42298096349535497, -0.4420071791033836, -0.08895364423598125, -0.11547810322608504, -0.22160368707804806, -0.254228276769049, 0.12818285851022526, 0.11921228102150244, 0.0, -0.03709892439241435], [-0.24873950467358535, -0.5550121542333846, -0.6420568278119007, -0.5054593525032194, -0.2986896716761903, -0.5290140356236444, -0.5812006305917087, -0.6052201841805769, -0.6049940430081753, -0.28866650081888917, -0.32522908549679813, -0.3858820391029407, -0.4049082547109694, -0.05185471984356688, -0.07837917883367072, -0.18450476268563357, -0.21712935237663455, 0.16528178290263967, 0.15631120541391685, 0.03709892439241435, 0.0]], [[0.0, 0.223057811006028, 0.5829915465690094, 0.8503519270998078, 0.9914143261519864, 1.0600927608035204, 1.5855949323535876, 1.8867966812810735, 2.148103677145724, 0.99907467095953, 1.3256766756835572, 1.0106522361177293, 0.7731434801003345, 0.9171834341927628, 1.192496139375046, 0.8968236004618682, 0.693940709354125, 0.7972877270679252, 1.0567013272722583, 0.8968514004514868, 0.7318158701425745], [-0.223057811006028, 0.0, 0.3599337355629811, 0.6272941160937796, 0.7683565151459584, 0.8370349497974919, 1.3625371213475592, 1.6637388702750462, 1.9250458661396954, 0.7760168599535032, 1.1026188646775297, 0.7875944251117015, 0.5500856690943062, 0.6941256231867343, 0.9694383283690178, 0.6737657894558403, 0.47088289834809705, 0.5742299160618969, 0.8336435162662302, 0.6737935894454589, 0.5087580591365465], [-0.5829915465690094, -0.3599337355629811, 0.0, 0.2673603805307986, 0.40842277958297724, 0.4771012142345112, 1.002603385784578, 1.3038051347120665, 1.565112130576713, 0.4160831243905219, 0.7426851291145483, 0.42766068954872066, 0.19015193353132542, 0.3341918876237534, 0.609504592806037, 0.313832053892859, 0.11094916278511606, 0.21429618049891608, 0.47370978070324926, 0.3138598538824777, 0.14882432357356534], [-0.8503519270998078, -0.6272941160937796, -0.2673603805307986, 0.0, 0.14106239905217888, 0.2097408337037125, 0.7352430052537794, 1.0364447541812676, 1.2977517500459153, 0.1487227438597233, 0.4753247485837497, 0.16030030901792205, -0.07720844699947327, 0.06683150709295492, 0.34214421227523817, 0.04647167336206067, -0.15641121774568245, -0.0530642000318824, 0.20634940017245065, 0.04649947335167914, -0.11853605695723311], [-0.9914143261519864, -0.7683565151459584, -0.40842277958297724, -0.14106239905217888, 0.0, 0.06867843465153378, 0.5941806062016004, 0.8953823551290887, 1.156689350993736, 0.007660344807544484, 0.33426234953157097, 0.019237909965743222, -0.21827084605165203, -0.07423089195922394, 0.20108181322305932, -0.09459072569011814, -0.2974736167978612, -0.19412659908406124, 0.06528700112027183, -0.09456292570049964, -0.2595984560094119], [-1.0600927608035204, -0.8370349497974919, -0.4771012142345112, -0.2097408337037125, -0.06867843465153378, 0.0, 0.5255021715500665, 0.8267039204775546, 1.0880109163422025, -0.06101808984398926, 0.2655839148800371, -0.049440524685790556, -0.2869492807031859, -0.14290932661075778, 0.13240337857152543, -0.163269160341652, -0.36615205144939494, -0.26280503373559505, -0.00339143353126194, -0.16324136035203352, -0.3282768906609458], [-1.5855949323535876, -1.3625371213475592, -1.002603385784578, -0.7352430052537794, -0.5941806062016004, -0.5255021715500665, 0.0, 0.3012017489274883, 0.5625087447921358, -0.5865202613940561, -0.25991825667002944, -0.5749426962358569, -0.8124514522532525, -0.6684114981608243, -0.393098792978541, -0.6887713318917187, -0.8916542229994614, -0.7883072052856619, -0.5288936050813288, -0.6887435319021, -0.8537790622110125], [-1.8867966812810735, -1.6637388702750462, -1.3038051347120665, -1.0364447541812676, -0.8953823551290887, -0.8267039204775546, -0.3012017489274883, 0.0, 0.26130699586464745, -0.8877220103215444, -0.5611200055975176, -0.8761444451633456, -1.1136532011807412, -0.9696132470883128, -0.6943005419060293, -0.9899730808192068, -1.1928559719269498, -1.0895089542131497, -0.8300953540088166, -0.9899452808295878, -1.1549808111385], [-2.148103677145724, -1.9250458661396954, -1.565112130576713, -1.2977517500459153, -1.156689350993736, -1.0880109163422025, -0.5625087447921358, -0.26130699586464745, 0.0, -1.1490290061861923, -0.822427001462165, -1.1374514410279928, -1.3749601970453884, -1.2309202429529598, -0.9556075377706769, -1.2512800766838537, -1.4541629677915984, -1.350815950077798, -1.091402349873464, -1.251252276694236, -1.4162878070031488], [-0.99907467095953, -0.7760168599535032, -0.4160831243905219, -0.1487227438597233, -0.007660344807544484, 0.06101808984398926, 0.5865202613940561, 0.8877220103215444, 1.1490290061861923, 0.0, 0.3266020047240265, 0.011577565158198742, -0.22593119085919658, -0.08189123676676845, 0.19342146841551475, -0.10225107049766262, -0.3051339616054058, -0.20178694389160587, 0.057626656312727356, -0.1022232705080442, -0.26725880081695635], [-1.3256766756835572, -1.1026188646775297, -0.7426851291145483, -0.4753247485837497, -0.33426234953157097, -0.2655839148800371, 0.25991825667002944, 0.5611200055975176, 0.822427001462165, -0.3266020047240265, 0.0, -0.31502443956582765, -0.5525331955832227, -0.4084932414907945, -0.13318053630851157, -0.4288530752216891, -0.6317359663294322, -0.5283889486156322, -0.26897534841129916, -0.42882527523207054, -0.593860805540983], [-1.0106522361177293, -0.7875944251117015, -0.42766068954872066, -0.16030030901792205, -0.019237909965743222, 0.049440524685790556, 0.5749426962358569, 0.8761444451633456, 1.1374514410279928, -0.011577565158198742, 0.31502443956582765, 0.0, -0.23750875601739524, -0.09346880192496712, 0.1818439032573161, -0.11382863565586136, -0.3167115267636046, -0.21336450904980445, 0.046049091154528606, -0.11380083566624295, -0.27883636597515526], [-0.7731434801003345, -0.5500856690943062, -0.19015193353132542, 0.07720844699947327, 0.21827084605165203, 0.2869492807031859, 0.8124514522532525, 1.1136532011807412, 1.3749601970453884, 0.22593119085919658, 0.5525331955832227, 0.23750875601739524, 0.0, 0.14403995409242815, 0.41935265927471127, 0.12368012036153393, -0.07920277074620916, 0.024144246967590845, 0.28355784717192384, 0.12370792035115238, -0.041327609957759866], [-0.9171834341927628, -0.6941256231867343, -0.3341918876237534, -0.06683150709295492, 0.07423089195922394, 0.14290932661075778, 0.6684114981608243, 0.9696132470883128, 1.2309202429529598, 0.08189123676676845, 0.4084932414907945, 0.09346880192496712, -0.14403995409242815, 0.0, 0.27531270518228323, -0.020359833730894242, -0.22324272483863739, -0.11989570712483727, 0.1395178930794957, -0.020332033741275773, -0.1853675640501881], [-1.192496139375046, -0.9694383283690178, -0.609504592806037, -0.34214421227523817, -0.20108181322305932, -0.13240337857152543, 0.393098792978541, 0.6943005419060293, 0.9556075377706769, -0.19342146841551475, 0.13318053630851157, -0.1818439032573161, -0.41935265927471127, -0.27531270518228323, 0.0, -0.2956725389131776, -0.4985554300209205, -0.39520841230712045, -0.13579481210278752, -0.2956447389235588, -0.460680269232471], [-0.8968236004618682, -0.6737657894558403, -0.313832053892859, -0.04647167336206067, 0.09459072569011814, 0.163269160341652, 0.6887713318917187, 0.9899730808192068, 1.2512800766838537, 0.10225107049766262, 0.4288530752216891, 0.11382863565586136, -0.12368012036153393, 0.020359833730894242, 0.2956725389131776, 0.0, -0.2028828911077431, -0.09953587339394304, 0.15987772681039003, 2.7799989618467677e-05, -0.16500773031929383], [-0.693940709354125, -0.47088289834809705, -0.11094916278511606, 0.15641121774568245, 0.2974736167978612, 0.36615205144939494, 0.8916542229994614, 1.1928559719269498, 1.4541629677915984, 0.3051339616054058, 0.6317359663294322, 0.3167115267636046, 0.07920277074620916, 0.22324272483863739, 0.4985554300209205, 0.2028828911077431, 0.0, 0.1033470177138, 0.36276061791813324, 0.20291069109736148, 0.03787516078844926], [-0.7972877270679252, -0.5742299160618969, -0.21429618049891608, 0.0530642000318824, 0.19412659908406124, 0.26280503373559505, 0.7883072052856619, 1.0895089542131497, 1.350815950077798, 0.20178694389160587, 0.5283889486156322, 0.21336450904980445, -0.024144246967590845, 0.11989570712483727, 0.39520841230712045, 0.09953587339394304, -0.1033470177138, 0.0, 0.259413600204333, 0.09956367338356154, -0.06547185692535072], [-1.0567013272722583, -0.8336435162662302, -0.47370978070324926, -0.20634940017245065, -0.06528700112027183, 0.00339143353126194, 0.5288936050813288, 0.8300953540088166, 1.091402349873464, -0.057626656312727356, 0.26897534841129916, -0.046049091154528606, -0.28355784717192384, -0.1395178930794957, 0.13579481210278752, -0.15987772681039003, -0.36276061791813324, -0.259413600204333, 0.0, -0.15984992682077157, -0.3248854571296837], [-0.8968514004514868, -0.6737935894454589, -0.3138598538824777, -0.04649947335167914, 0.09456292570049964, 0.16324136035203352, 0.6887435319021, 0.9899452808295878, 1.251252276694236, 0.1022232705080442, 0.42882527523207054, 0.11380083566624295, -0.12370792035115238, 0.020332033741275773, 0.2956447389235588, -2.7799989618467677e-05, -0.20291069109736148, -0.09956367338356154, 0.15984992682077157, 0.0, -0.16503553030891221], [-0.7318158701425745, -0.5087580591365465, -0.14882432357356534, 0.11853605695723311, 0.2595984560094119, 0.3282768906609458, 0.8537790622110125, 1.1549808111385, 1.4162878070031488, 0.26725880081695635, 0.593860805540983, 0.27883636597515526, 0.041327609957759866, 0.1853675640501881, 0.460680269232471, 0.16500773031929383, -0.03787516078844926, 0.06547185692535072, 0.3248854571296837, 0.16503553030891221, 0.0]]]