[[[0.0, -0.2228257309231427, -0.276720099667102, -0.11769376007048214, 0.08141090967849919, -0.20484111608453412, -0.20888167302390342, -0.20087081446916183, -0.17670025787770224, 0.0043464241341678355, -0.009887500074762311, -0.0729491312816032, -0.10742086523010895, 0.20595942025958094, 0.19239510298628698, 0.0925781957708503, 0.05413101702222426, 0.3946022814136073, 0.37026150326743845, 0.2687995443285707, 0.22334349276566098], [0.2228257309231427, 0.0, -0.05389436874395922, 0.10513197085266064, 0.3042366406016418, 0.017984614838608602, 0.013944057899239234, 0.02195491645398081, 0.04612547304544048, 0.2271721550573106, 0.21293823084838057, 0.14987659964153943, 0.1154048656930338, 0.4287851511827238, 0.4152208339094299, 0.3154039266939931, 0.27695674794536695, 0.61742801233675, 0.5930872341905812, 0.4916252752517133, 0.44616922368880374], [0.276720099667102, 0.05389436874395922, 0.0, 0.15902633959661977, 0.35813100934560127, 0.07187898358256786, 0.06783842664319846, 0.07584928519794006, 0.10001984178939972, 0.2810665238012699, 0.26683259959233974, 0.20377096838549869, 0.16929923443699302, 0.4826795199266829, 0.469115202653389, 0.36929829543795234, 0.3308511166893263, 0.6713223810807095, 0.6469816029345405, 0.5455196439956727, 0.5000635924327628], [0.11769376007048214, -0.10513197085266064, -0.15902633959661977, 0.0, 0.1991046697489814, -0.08714735601405196, -0.09118791295342137, -0.08317705439867977, -0.05900649780722013, 0.12204018420464995, 0.10780625999571986, 0.04474462878887893, 0.010272894840373208, 0.32365318033006313, 0.31008886305676914, 0.2102719558413325, 0.17182477709270647, 0.5122960414840896, 0.4879552633379206, 0.38649330439905305, 0.3410372528361431], [-0.08141090967849919, -0.3042366406016418, -0.35813100934560127, -0.1991046697489814, 0.0, -0.2862520257630332, -0.29029258270240255, -0.2822817241476611, -0.2581111675562014, -0.07706448554433135, -0.09129840975326145, -0.15436004096010245, -0.18883177490860809, 0.1245485105810818, 0.11098419330778779, 0.011167286092351134, -0.027279892656274906, 0.3131913717351082, 0.2888505935889392, 0.18738863465007152, 0.1419325830871618], [0.20484111608453412, -0.017984614838608602, -0.07187898358256786, 0.08714735601405196, 0.2862520257630332, 0.0, -0.004040556939369366, 0.003970301615372202, 0.028140858206831845, 0.20918754021870192, 0.19495361600977185, 0.13189198480293085, 0.09742025085442516, 0.4108005363441152, 0.3972362190708211, 0.29741931185538445, 0.2589721331067584, 0.5994433974981416, 0.5751026193519724, 0.47364066041310493, 0.4281846088501951], [0.20888167302390342, -0.013944057899239234, -0.06783842664319846, 0.09118791295342137, 0.29029258270240255, 0.004040556939369366, 0.0, 0.008010858554741566, 0.032181415146201216, 0.2132280971580713, 0.19899417294914112, 0.1359325417423002, 0.10146080779379452, 0.4148410932834846, 0.40127677601019035, 0.3014598687947538, 0.26301269004612776, 0.6034839544375109, 0.5791431762913419, 0.4776812173524743, 0.4322251657895645], [0.20087081446916183, -0.02195491645398081, -0.07584928519794006, 0.08317705439867977, 0.2822817241476611, -0.003970301615372202, -0.008010858554741566, 0.0, 0.02417055659145964, 0.2052172386033297, 0.19098331439439964, 0.12792168318755875, 0.09344994923905302, 0.4068302347287428, 0.39326591745544887, 0.29344901024001224, 0.2550018314913862, 0.5954730958827694, 0.5711323177366002, 0.4696703587977327, 0.4242143072348228], [0.17670025787770224, -0.04612547304544048, -0.10001984178939972, 0.05900649780722013, 0.2581111675562014, -0.028140858206831845, -0.032181415146201216, -0.02417055659145964, 0.0, 0.18104668201186996, 0.16681275780293997, 0.10375112659609903, 0.06927939264759336, 0.38265967813728324, 0.36909536086398925, 0.26927845364855263, 0.23083127489992658, 0.5713025392913097, 0.5469617611451406, 0.445499802206273, 0.4000437506433632], [-0.0043464241341678355, -0.2271721550573106, -0.2810665238012699, -0.12204018420464995, 0.07706448554433135, -0.20918754021870192, -0.2132280971580713, -0.2052172386033297, -0.18104668201186996, 0.0, -0.014233924208930137, -0.07729555541577106, -0.11176728936427682, 0.20161299612541306, 0.18804867885211915, 0.08823177163668251, 0.049784592888056416, 0.3902558572794396, 0.3659150791332707, 0.2644531201944029, 0.21899706863149315], [0.009887500074762311, -0.21293823084838057, -0.26683259959233974, -0.10780625999571986, 0.09129840975326145, -0.19495361600977185, -0.19899417294914112, -0.19098331439439964, -0.16681275780293997, 0.014233924208930137, 0.0, -0.06306163120684088, -0.0975333651553466, 0.21584692033434333, 0.20228260306104928, 0.10246569584561263, 0.06401851709698658, 0.4044897814883697, 0.3801490033422008, 0.2786870444033331, 0.23323099284042326], [0.0729491312816032, -0.14987659964153943, -0.20377096838549869, -0.04474462878887893, 0.15436004096010245, -0.13189198480293085, -0.1359325417423002, -0.12792168318755875, -0.10375112659609903, 0.07729555541577106, 0.06306163120684088, 0.0, -0.03447173394850571, 0.27890855154118427, 0.26534423426789017, 0.16552732705245365, 0.12708014830382747, 0.4675514126952109, 0.44321063454904164, 0.341748675610174, 0.2962926240472642], [0.10742086523010895, -0.1154048656930338, -0.16929923443699302, -0.010272894840373208, 0.18883177490860809, -0.09742025085442516, -0.10146080779379452, -0.09344994923905302, -0.06927939264759336, 0.11176728936427682, 0.0975333651553466, 0.03447173394850571, 0.0, 0.31338028548968994, 0.299815968216396, 0.19999906100095927, 0.16155188225233327, 0.5020231466437162, 0.4776823684975476, 0.37622040955867947, 0.3307643579957699], [-0.20595942025958094, -0.4287851511827238, -0.4826795199266829, -0.32365318033006313, -0.1245485105810818, -0.4108005363441152, -0.4148410932834846, -0.4068302347287428, -0.38265967813728324, -0.20161299612541306, -0.21584692033434333, -0.27890855154118427, -0.31338028548968994, 0.0, -0.013564317273293935, -0.11338122448873061, -0.15182840323735675, 0.18864286115402634, 0.16430208300785754, 0.06284012406898981, 0.017384072506079973], [-0.19239510298628698, -0.4152208339094299, -0.469115202653389, -0.31008886305676914, -0.11098419330778779, -0.3972362190708211, -0.40127677601019035, -0.39326591745544887, -0.36909536086398925, -0.18804867885211915, -0.20228260306104928, -0.26534423426789017, -0.299815968216396, 0.013564317273293935, 0.0, -0.09981690721543666, -0.13826408596406276, 0.2022071784273204, 0.17786640028115153, 0.07640444134228369, 0.030948389779373912], [-0.0925781957708503, -0.3154039266939931, -0.36929829543795234, -0.2102719558413325, -0.011167286092351134, -0.29741931185538445, -0.3014598687947538, -0.29344901024001224, -0.26927845364855263, -0.08823177163668251, -0.10246569584561263, -0.16552732705245365, -0.19999906100095927, 0.11338122448873061, 0.09981690721543666, 0.0, -0.038447178748626056, 0.3020240856427572, 0.2776833074965882, 0.17622134855772043, 0.13076529699481065], [-0.05413101702222426, -0.27695674794536695, -0.3308511166893263, -0.17182477709270647, 0.027279892656274906, -0.2589721331067584, -0.26301269004612776, -0.2550018314913862, -0.23083127489992658, -0.049784592888056416, -0.06401851709698658, -0.12708014830382747, -0.16155188225233327, 0.15182840323735675, 0.13826408596406276, 0.038447178748626056, 0.0, 0.3404712643913832, 0.3161304862452142, 0.2146685273063465, 0.16921247574343667], [-0.3946022814136073, -0.61742801233675, -0.6713223810807095, -0.5122960414840896, -0.3131913717351082, -0.5994433974981416, -0.6034839544375109, -0.5954730958827694, -0.5713025392913097, -0.3902558572794396, -0.4044897814883697, -0.4675514126952109, -0.5020231466437162, -0.18864286115402634, -0.2022071784273204, -0.3020240856427572, -0.3404712643913832, 0.0, -0.024340778146168984, -0.12580273708503667, -0.17125878864794652], [-0.37026150326743845, -0.5930872341905812, -0.6469816029345405, -0.4879552633379206, -0.2888505935889392, -0.5751026193519724, -0.5791431762913419, -0.5711323177366002, -0.5469617611451406, -0.3659150791332707, -0.3801490033422008, -0.44321063454904164, -0.4776823684975476, -0.16430208300785754, -0.17786640028115153, -0.2776833074965882, -0.3161304862452142, 0.024340778146168984, 0.0, -0.10146195893886771, -0.14691801050177758], [-0.2687995443285707, -0.4916252752517133, -0.5455196439956727, -0.38649330439905305, -0.18738863465007152, -0.47364066041310493, -0.4776812173524743, -0.4696703587977327, -0.445499802206273, -0.2644531201944029, -0.2786870444033331, -0.341748675610174, -0.37622040955867947, -0.06284012406898981, -0.07640444134228369, -0.17622134855772043, -0.2146685273063465, 0.12580273708503667, 0.10146195893886771, 0.0, -0.04545605156290983], [-0.22334349276566098, -0.44616922368880374, -0.5000635924327628, -0.3410372528361431, -0.1419325830871618, -0.4281846088501951, -0.4322251657895645, -0.4242143072348228, -0.4000437506433632, -0.21899706863149315, -0.23323099284042326, -0.2962926240472642, -0.3307643579957699, -0.017384072506079973, -0.030948389779373912, -0.13076529699481065, -0.16921247574343667, 0.17125878864794652, 0.14691801050177758, 0.04545605156290983, 0.0]], [[0.0, 0.20235529831822735, 0.5670571849433589, 0.8078768019800306, 0.9436652716362098, 1.0297271818843807, 1.4758177042134926, 1.7408300952260343, 1.9711547960652656, 0.9998514777596003, 1.2882839416622354, 1.1003466247013551, 0.9421486351715231, 0.9181908639863785, 1.163802688333726, 0.9149716152213242, 0.7190321956094381, 0.8005759055846434, 1.0307390588520366, 0.8870124184588518, 0.7376938538246672], [-0.20235529831822735, 0.0, 0.36470188662513164, 0.6055215036618038, 0.7413099733179821, 0.8273718835661533, 1.2734624058952655, 1.538474796907807, 1.7687994977470383, 0.7974961794413731, 1.0859286433440078, 0.8979913263831278, 0.7397933368532955, 0.7158355656681508, 0.9614473900154991, 0.7126163169030967, 0.5166768972912107, 0.5982206072664162, 0.8283837605338097, 0.6846571201406243, 0.5353385555064398], [-0.5670571849433589, -0.36470188662513164, 0.0, 0.240819617036672, 0.37660808669285045, 0.462669996941022, 0.9087605192701333, 1.173772910282676, 1.404097611121907, 0.4327942928162415, 0.7212267567188761, 0.5332894397579966, 0.37509145022816415, 0.3511336790430197, 0.596745503390368, 0.34791443027796537, 0.1519750106660792, 0.23351872064128476, 0.4636818739086783, 0.3199552335154926, 0.17063666888130824], [-0.8078768019800306, -0.6055215036618038, -0.240819617036672, 0.0, 0.13578846965617847, 0.22185037990434991, 0.6679409022334616, 0.9329532932460047, 1.1632779940852347, 0.19197467577956925, 0.48040713968220417, 0.29246982272132455, 0.134271833191492, 0.11031406200634723, 0.3559258863536952, 0.10709481324129316, -0.08884460637059279, -0.007300896395387275, 0.22286225687200623, 0.07913561647882053, -0.07018294815536381], [-0.9436652716362098, -0.7413099733179821, -0.37660808669285045, -0.13578846965617847, 0.0, 0.0860619102481714, 0.5321524325772831, 0.7971648235898258, 1.0274895244290563, 0.05618620612339083, 0.3446186700260256, 0.15668135306514602, -0.00151663646468642, -0.025474407649831162, 0.2201374166975169, -0.02869365641488526, -0.22463307602677138, -0.14308936605156572, 0.08707378721582773, -0.056652853177357916, -0.20597141781154232], [-1.0297271818843807, -0.8273718835661533, -0.462669996941022, -0.22185037990434991, -0.0860619102481714, 0.0, 0.4460905223291116, 0.7111029133416542, 0.9414276141808852, -0.029875704124780623, 0.25855675977785425, 0.07061944281697467, -0.08757854671285786, -0.11153631789800258, 0.1340755064493455, -0.11475556666305672, -0.31069498627494274, -0.22915127629973717, 0.0010118769676563189, -0.14271476342552936, -0.29203332805971377], [-1.4758177042134926, -1.2734624058952655, -0.9087605192701333, -0.6679409022334616, -0.5321524325772831, -0.4460905223291116, 0.0, 0.2650123910125427, 0.49533709185177294, -0.47596622645389225, -0.18753376255125725, -0.3754710795121369, -0.5336690690419692, -0.5576268402271141, -0.312015015879766, -0.5608460889921683, -0.7567855086040542, -0.6752417986288489, -0.4450786453614553, -0.588805285754641, -0.738123850388825], [-1.7408300952260343, -1.538474796907807, -1.173772910282676, -0.9329532932460047, -0.7971648235898258, -0.7111029133416542, -0.2650123910125427, 0.0, 0.23032470083923035, -0.7409786174664346, -0.45254615356380007, -0.6404834705246795, -0.7986814600545122, -0.8226392312396569, -0.5770274068923087, -0.8258584800047108, -1.021797899616597, -0.940254189641392, -0.7100910363739983, -0.853817676767184, -1.003136241401368], [-1.9711547960652656, -1.7687994977470383, -1.404097611121907, -1.1632779940852347, -1.0274895244290563, -0.9414276141808852, -0.49533709185177294, -0.23032470083923035, 0.0, -0.9713033183056649, -0.6828708544030302, -0.8708081713639101, -1.0290061608937422, -1.0529639320788866, -0.807352107731539, -1.0561831808439408, -1.2521226004558275, -1.1705788904806216, -0.9404157372132282, -1.0841423776064136, -1.2334609422405978], [-0.9998514777596003, -0.7974961794413731, -0.4327942928162415, -0.19197467577956925, -0.05618620612339083, 0.029875704124780623, 0.47596622645389225, 0.7409786174664346, 0.9713033183056649, 0.0, 0.28843246390263494, 0.10049514694175525, -0.05770284258807722, -0.08166061377322198, 0.16395121057412612, -0.08487986253827608, -0.2808192821501621, -0.19927557217495653, 0.030887581092436948, -0.1128390593007487, -0.262157623934933], [-1.2882839416622354, -1.0859286433440078, -0.7212267567188761, -0.48040713968220417, -0.3446186700260256, -0.25855675977785425, 0.18753376255125725, 0.45254615356380007, 0.6828708544030302, -0.28843246390263494, 0.0, -0.18793731696087956, -0.34613530649071206, -0.370093077675857, -0.12448125332850868, -0.37331232644091095, -0.569251746052797, -0.4877080360775916, -0.25754488281019783, -0.40127152320338355, -0.550590087837568], [-1.1003466247013551, -0.8979913263831278, -0.5332894397579966, -0.29246982272132455, -0.15668135306514602, -0.07061944281697467, 0.3754710795121369, 0.6404834705246795, 0.8708081713639101, -0.10049514694175525, 0.18793731696087956, 0.0, -0.15819798952983247, -0.18215576071497722, 0.06345606363237088, -0.18537500948003136, -0.3813144290919173, -0.2997707191167119, -0.06960756584931832, -0.21333420624250388, -0.3626527708766885], [-0.9421486351715231, -0.7397933368532955, -0.37509145022816415, -0.134271833191492, 0.00151663646468642, 0.08757854671285786, 0.5336690690419692, 0.7986814600545122, 1.0290061608937422, 0.05770284258807722, 0.34613530649071206, 0.15819798952983247, 0.0, -0.023957771185144718, 0.22165405316220332, -0.027177019950198836, -0.22311643956208474, -0.1415727295868793, 0.08859042368051419, -0.05513621671267148, -0.20445478134685582], [-0.9181908639863785, -0.7158355656681508, -0.3511336790430197, -0.11031406200634723, 0.025474407649831162, 0.11153631789800258, 0.5576268402271141, 0.8226392312396569, 1.0529639320788866, 0.08166061377322198, 0.370093077675857, 0.18215576071497722, 0.023957771185144718, 0.0, 0.24561182434734813, -0.0032192487650540913, -0.19915866837694018, -0.11761495840173454, 0.1125481948656589, -0.03117844552752675, -0.18049701016171102], [-1.163802688333726, -0.9614473900154991, -0.596745503390368, -0.3559258863536952, -0.2201374166975169, -0.1340755064493455, 0.312015015879766, 0.5770274068923087, 0.807352107731539, -0.16395121057412612, 0.12448125332850868, -0.06345606363237088, -0.22165405316220332, -0.24561182434734813, 0.0, -0.2488310731124022, -0.4447704927242884, -0.36322678274908266, -0.13306362948168926, -0.276790269874875, -0.4261088345090592], [-0.9149716152213242, -0.7126163169030967, -0.34791443027796537, -0.10709481324129316, 0.02869365641488526, 0.11475556666305672, 0.5608460889921683, 0.8258584800047108, 1.0561831808439408, 0.08487986253827608, 0.37331232644091095, 0.18537500948003136, 0.027177019950198836, 0.0032192487650540913, 0.2488310731124022, 0.0, -0.1959394196118859, -0.11439570963668051, 0.11576744363071301, -0.027959196762472625, -0.17727776139665696], [-0.7190321956094381, -0.5166768972912107, -0.1519750106660792, 0.08884460637059279, 0.22463307602677138, 0.31069498627494274, 0.7567855086040542, 1.021797899616597, 1.2521226004558275, 0.2808192821501621, 0.569251746052797, 0.3813144290919173, 0.22311643956208474, 0.19915866837694018, 0.4447704927242884, 0.1959394196118859, 0.0, 0.08154370997520557, 0.311706863242599, 0.16798022284941347, 0.018661658215229047], [-0.8005759055846434, -0.5982206072664162, -0.23351872064128476, 0.007300896395387275, 0.14308936605156572, 0.22915127629973717, 0.6752417986288489, 0.940254189641392, 1.1705788904806216, 0.19927557217495653, 0.4877080360775916, 0.2997707191167119, 0.1415727295868793, 0.11761495840173454, 0.36322678274908266, 0.11439570963668051, -0.08154370997520557, 0.0, 0.23016315326739353, 0.08643651287420781, -0.06288205175997649], [-1.0307390588520366, -0.8283837605338097, -0.4636818739086783, -0.22286225687200623, -0.08707378721582773, -0.0010118769676563189, 0.4450786453614553, 0.7100910363739983, 0.9404157372132282, -0.030887581092436948, 0.25754488281019783, 0.06960756584931832, -0.08859042368051419, -0.1125481948656589, 0.13306362948168926, -0.11576744363071301, -0.311706863242599, -0.23016315326739353, 0.0, -0.14372664039318564, -0.2930452050273699], [-0.8870124184588518, -0.6846571201406243, -0.3199552335154926, -0.07913561647882053, 0.056652853177357916, 0.14271476342552936, 0.588805285754641, 0.853817676767184, 1.0841423776064136, 0.1128390593007487, 0.40127152320338355, 0.21333420624250388, 0.05513621671267148, 0.03117844552752675, 0.276790269874875, 0.027959196762472625, -0.16798022284941347, -0.08643651287420781, 0.14372664039318564, 0.0, -0.1493185646341843], [-0.7376938538246672, -0.5353385555064398, -0.17063666888130824, 0.07018294815536381, 0.20597141781154232, 0.29203332805971377, 0.738123850388825, 1.003136241401368, 1.2334609422405978, 0.262157623934933, 0.550590087837568, 0.3626527708766885, 0.20445478134685582, 0.18049701016171102, 0.4261088345090592, 0.17727776139665696, -0.018661658215229047, 0.06288205175997649, 0.2930452050273699, 0.1493185646341843, 0.0]]]