[[[0.0, -0.3020503746526846, -0.4348734715321286, -0.38947412041212365, -0.22726962706794382, -0.3197124588197659, -0.3829939759344492, -0.4098308555814964, -0.4034594938824418, -0.09161534504736613, -0.1061508878285737, -0.1938354175791777, -0.22886360640528702, 0.13507866314042707, 0.13543456259860429, 0.00467826017175902, -0.0483185118188477, 0.3568880911915375, 0.3258382861866972, 0.198910737932993, 0.14848696570792266], [0.3020503746526846, 0.0, -0.1328230968794442, -0.08742374575943897, 0.07478074758474075, -0.01766208416708136, -0.08094360128176468, -0.10778048092881186, -0.10140911922975747, 0.21043502960531832, 0.19589948682411085, 0.10821495707350672, 0.07318676824739741, 0.43712903779311146, 0.4374849372512887, 0.3067286348244435, 0.25373186283383675, 0.6589384658442218, 0.6278886608393819, 0.5009611125856778, 0.4505373403606071], [0.4348734715321286, 0.1328230968794442, 0.0, 0.04539935112000518, 0.20760384446418495, 0.11516101271236286, 0.05187949559767947, 0.025042615950632386, 0.03141397764968683, 0.34325812648476245, 0.32872258370355495, 0.24103805395295091, 0.20600986512684163, 0.5699521346725553, 0.570308034130733, 0.43955173170388795, 0.3865549597132809, 0.7917615627236662, 0.760711757718826, 0.6337842094651218, 0.5833604372400513], [0.38947412041212365, 0.08742374575943897, -0.04539935112000518, 0.0, 0.16220449334417977, 0.06976166159235767, 0.006480144477674274, -0.020356735169372815, -0.013985373470318384, 0.29785877536475724, 0.28332323258354986, 0.1956387028329457, 0.16061051400683646, 0.5245527835525506, 0.5249086830107278, 0.3941523805838824, 0.34115560859327587, 0.7463622116036608, 0.7153124065988209, 0.5883848583451168, 0.5379610861200461], [0.22726962706794382, -0.07478074758474075, -0.20760384446418495, -0.16220449334417977, 0.0, -0.09244283175182208, -0.15572434886650546, -0.18256122851355255, -0.17618986681449816, 0.13565428202057767, 0.12111873923937001, 0.033434209488765985, -0.001593979337343309, 0.36234829020837067, 0.36270418966654816, 0.2319478872397028, 0.17895111524909602, 0.5841577182594812, 0.553107913254641, 0.4261803650009369, 0.37575659277586637], [0.3197124588197659, 0.01766208416708136, -0.11516101271236286, -0.06976166159235767, 0.09244283175182208, 0.0, -0.06328151711468334, -0.09011839676173045, -0.08374703506267607, 0.22809711377239975, 0.21356157099119205, 0.12587704124058804, 0.09084885241447875, 0.45479112196019317, 0.45514702141837005, 0.32439071899152494, 0.27139394700091807, 0.6766005500113035, 0.6455507450064631, 0.518623196752759, 0.4681994245276882], [0.3829939759344492, 0.08094360128176468, -0.05187949559767947, -0.006480144477674274, 0.15572434886650546, 0.06328151711468334, 0.0, -0.02683687964704708, -0.020465517947992652, 0.2913786308870829, 0.2768430881058755, 0.18915855835527143, 0.1541303695291622, 0.5180726390748763, 0.5184285385330534, 0.3876722361062081, 0.3346754641156015, 0.7398820671259867, 0.7088322621211465, 0.5819047138674422, 0.5314809416423719], [0.4098308555814964, 0.10778048092881186, -0.025042615950632386, 0.020356735169372815, 0.18256122851355255, 0.09011839676173045, 0.02683687964704708, 0.0, 0.00637136169905443, 0.31821551053413016, 0.3036799677529226, 0.21599543800231857, 0.18096724917620932, 0.5449095187219232, 0.5452654181801007, 0.4145091157532552, 0.3615123437626485, 0.7667189467730334, 0.7356691417681935, 0.6087415935144894, 0.5583178212894189], [0.4034594938824418, 0.10140911922975747, -0.03141397764968683, 0.013985373470318384, 0.17618986681449816, 0.08374703506267607, 0.020465517947992652, -0.00637136169905443, 0.0, 0.3118441488350757, 0.2973086060538683, 0.20962407630326418, 0.17459588747715482, 0.5385381570228691, 0.5388940564810459, 0.40813775405420105, 0.35514098206359423, 0.7603475850739795, 0.7292977800691394, 0.602370231815435, 0.5519464595903645], [0.09161534504736613, -0.21043502960531832, -0.34325812648476245, -0.29785877536475724, -0.13565428202057767, -0.22809711377239975, -0.2913786308870829, -0.31821551053413016, -0.3118441488350757, 0.0, -0.014535542781207576, -0.1022200725318116, -0.1372482613579209, 0.22669400818779323, 0.22704990764597047, 0.09629360521912515, 0.043296833228518385, 0.44850343623890354, 0.4174536312340635, 0.2905260829803593, 0.2401023107552887], [0.1061508878285737, -0.19589948682411085, -0.32872258370355495, -0.28332323258354986, -0.12111873923937001, -0.21356157099119205, -0.2768430881058755, -0.3036799677529226, -0.2973086060538683, 0.014535542781207576, 0.0, -0.08768452975060409, -0.12271271857671331, 0.24122955096900076, 0.24158545042717794, 0.11082914800033268, 0.057832376009726, 0.46303897902011143, 0.431989174015271, 0.30506162576156687, 0.2546378535364963], [0.1938354175791777, -0.10821495707350672, -0.24103805395295091, -0.1956387028329457, -0.033434209488765985, -0.12587704124058804, -0.18915855835527143, -0.21599543800231857, -0.20962407630326418, 0.1022200725318116, 0.08768452975060409, 0.0, -0.03502818882610926, 0.32891408071960476, 0.329269980177782, 0.1985136777509367, 0.14551690576033002, 0.5507235087707151, 0.5196737037658753, 0.39274615551217074, 0.3423223832871004], [0.22886360640528702, -0.07318676824739741, -0.20600986512684163, -0.16061051400683646, 0.001593979337343309, -0.09084885241447875, -0.1541303695291622, -0.18096724917620932, -0.17459588747715482, 0.1372482613579209, 0.12271271857671331, 0.03502818882610926, 0.0, 0.36394226954571424, 0.36429816900389134, 0.23354186657704598, 0.18054509458643936, 0.5857516975968244, 0.5547018925919844, 0.4277743443382802, 0.3773505721132097], [-0.13507866314042707, -0.43712903779311146, -0.5699521346725553, -0.5245527835525506, -0.36234829020837067, -0.45479112196019317, -0.5180726390748763, -0.5449095187219232, -0.5385381570228691, -0.22669400818779323, -0.24122955096900076, -0.32891408071960476, -0.36394226954571424, 0.0, 0.00035589945817720626, -0.13040040296866798, -0.18339717495927466, 0.2218094280511103, 0.19075962304627025, 0.06383207479256599, 0.013408302567495558], [-0.13543456259860429, -0.4374849372512887, -0.570308034130733, -0.5249086830107278, -0.36270418966654816, -0.45514702141837005, -0.5184285385330534, -0.5452654181801007, -0.5388940564810459, -0.22704990764597047, -0.24158545042717794, -0.329269980177782, -0.36429816900389134, -0.00035589945817720626, 0.0, -0.1307563024268452, -0.18375307441745192, 0.2214535285929332, 0.19040372358809304, 0.0634761753343888, 0.013052403109318347], [-0.00467826017175902, -0.3067286348244435, -0.43955173170388795, -0.3941523805838824, -0.2319478872397028, -0.32439071899152494, -0.3876722361062081, -0.4145091157532552, -0.40813775405420105, -0.09629360521912515, -0.11082914800033268, -0.1985136777509367, -0.23354186657704598, 0.13040040296866798, 0.1307563024268452, 0.0, -0.052996771990606734, 0.3522098310197784, 0.3211600260149382, 0.19423247776123406, 0.14380870553616357], [0.0483185118188477, -0.25373186283383675, -0.3865549597132809, -0.34115560859327587, -0.17895111524909602, -0.27139394700091807, -0.3346754641156015, -0.3615123437626485, -0.35514098206359423, -0.043296833228518385, -0.057832376009726, -0.14551690576033002, -0.18054509458643936, 0.18339717495927466, 0.18375307441745192, 0.052996771990606734, 0.0, 0.4052066030103853, 0.3741567980055449, 0.247229249751841, 0.1968054775267703], [-0.3568880911915375, -0.6589384658442218, -0.7917615627236662, -0.7463622116036608, -0.5841577182594812, -0.6766005500113035, -0.7398820671259867, -0.7667189467730334, -0.7603475850739795, -0.44850343623890354, -0.46303897902011143, -0.5507235087707151, -0.5857516975968244, -0.2218094280511103, -0.2214535285929332, -0.3522098310197784, -0.4052066030103853, 0.0, -0.031049805004840114, -0.15797735325854437, -0.20840112548361478], [-0.3258382861866972, -0.6278886608393819, -0.760711757718826, -0.7153124065988209, -0.553107913254641, -0.6455507450064631, -0.7088322621211465, -0.7356691417681935, -0.7292977800691394, -0.4174536312340635, -0.431989174015271, -0.5196737037658753, -0.5547018925919844, -0.19075962304627025, -0.19040372358809304, -0.3211600260149382, -0.3741567980055449, 0.031049805004840114, 0.0, -0.12692754825370428, -0.17735132047877467], [-0.198910737932993, -0.5009611125856778, -0.6337842094651218, -0.5883848583451168, -0.4261803650009369, -0.518623196752759, -0.5819047138674422, -0.6087415935144894, -0.602370231815435, -0.2905260829803593, -0.30506162576156687, -0.39274615551217074, -0.4277743443382802, -0.06383207479256599, -0.0634761753343888, -0.19423247776123406, -0.247229249751841, 0.15797735325854437, 0.12692754825370428, 0.0, -0.05042377222507046], [-0.14848696570792266, -0.4505373403606071, -0.5833604372400513, -0.5379610861200461, -0.37575659277586637, -0.4681994245276882, -0.5314809416423719, -0.5583178212894189, -0.5519464595903645, -0.2401023107552887, -0.2546378535364963, -0.3423223832871004, -0.3773505721132097, -0.013408302567495558, -0.013052403109318347, -0.14380870553616357, -0.1968054775267703, 0.20840112548361478, 0.17735132047877467, 0.05042377222507046, 0.0]], [[0.0, 0.19515206689659145, 0.5788997948979483, 0.870441495077927, 0.9986500509380971, 1.019878976497752, 1.4841405587635448, 1.766905161177898, 2.004058467816905, 0.9957133510568146, 1.2629442528085226, 1.0116148211389304, 0.7991013831757088, 0.9213863407238663, 1.1753586949145574, 0.9217526864489928, 0.7232149724433744, 0.8054158410286043, 1.0150592111837868, 0.8525377236195527, 0.6954823945772833], [-0.19515206689659145, 0.0, 0.38374772800135687, 0.6752894281813357, 0.8034979840415059, 0.8247269096011607, 1.288988491866953, 1.5717530942813067, 1.8089064009203122, 0.8005612841602228, 1.067792185911932, 0.8164627542423386, 0.6039493162791182, 0.7262342738272746, 0.980206628017967, 0.7266006195524011, 0.528062905546783, 0.6102637741320132, 0.8199071442871956, 0.6573856567229612, 0.5003303276806923], [-0.5788997948979483, -0.38374772800135687, 0.0, 0.2915417001799788, 0.41975025604014904, 0.4409791815998036, 0.9052407638655967, 1.18800536627995, 1.4251586729189563, 0.4168135561588655, 0.6840444579105741, 0.43271502624098146, 0.2202015882777612, 0.3424865458259173, 0.5964589000166095, 0.3428528915510443, 0.14431517754542603, 0.22651604613065612, 0.4361594162858388, 0.27363792872160436, 0.1165825996793349], [-0.870441495077927, -0.6752894281813357, -0.2915417001799788, 0.0, 0.12820855586017002, 0.1494374814198246, 0.6136990636856176, 0.8964636660999713, 1.1336169727389769, 0.12527185597888685, 0.39250275773059556, 0.14117332606100264, -0.07134011190221774, 0.05094484564593849, 0.3049171998366306, 0.051311191371065254, -0.1472265226345528, -0.06502565404932271, 0.1446177161058597, -0.017903771458374514, -0.174959100500644], [-0.9986500509380971, -0.8034979840415059, -0.41975025604014904, -0.12820855586017002, 0.0, 0.021228925559654596, 0.4854905078254479, 0.768255110239801, 1.005408416878807, -0.002936699881283179, 0.2642942018704255, 0.012964770200832657, -0.1995486677623877, -0.07726371021423147, 0.17670864397646063, -0.07689736448910472, -0.2754350784947228, -0.19323420990949278, 0.016409160245689704, -0.14611232731854443, -0.30316765636081405], [-1.019878976497752, -0.8247269096011607, -0.4409791815998036, -0.1494374814198246, -0.021228925559654596, 0.0, 0.4642615822657927, 0.7470261846801465, 0.9841794913191526, -0.02416562544093776, 0.24306527631077096, -0.008264155358821954, -0.22077759332204228, -0.09849263577388609, 0.15547971841680608, -0.09812629004875933, -0.29666400405437743, -0.2144631354691473, -0.004819765313964902, -0.16734125287819915, -0.32439658192046855], [-1.4841405587635448, -1.288988491866953, -0.9052407638655967, -0.6136990636856176, -0.4854905078254479, -0.4642615822657927, 0.0, 0.28276460241435386, 0.5199179090533598, -0.48842720770673087, -0.22119630595502213, -0.47252573762461497, -0.685039175587835, -0.5627542180396788, -0.3087818638489867, -0.5623878723145522, -0.76092558632017, -0.6787247177349401, -0.46908134757975795, -0.6316028351439917, -0.7886581641862616], [-1.766905161177898, -1.5717530942813067, -1.18800536627995, -0.8964636660999713, -0.768255110239801, -0.7470261846801465, -0.28276460241435386, 0.0, 0.23715330663900588, -0.7711918101210843, -0.5039609083693758, -0.7552903400389681, -0.9678037780021892, -0.8455188204540325, -0.5915464662633405, -0.8451524747289058, -1.0436901887345238, -0.961489320149294, -0.7518459499941117, -0.9143674375583457, -1.0714227666006153], [-2.004058467816905, -1.8089064009203122, -1.4251586729189563, -1.1336169727389769, -1.005408416878807, -0.9841794913191526, -0.5199179090533598, -0.23715330663900588, 0.0, -1.0083451167600903, -0.7411142150083816, -0.9924436466779747, -1.2049570846411943, -1.0826721270930388, -0.8286997729023465, -1.0823057813679122, -1.2808434953735295, -1.1986426267882997, -0.9889992566331172, -1.1515207441973514, -1.3085760732396212], [-0.9957133510568146, -0.8005612841602228, -0.4168135561588655, -0.12527185597888685, 0.002936699881283179, 0.02416562544093776, 0.48842720770673087, 0.7711918101210843, 1.0083451167600903, 0.0, 0.2672309017517087, 0.01590147008211584, -0.19661196788110452, -0.0743270103329483, 0.17964534385774392, -0.07396066460782155, -0.2724983786134396, -0.19029751002820958, 0.019345860126972866, -0.1431756274372613, -0.3002309564795308], [-1.2629442528085226, -1.067792185911932, -0.6840444579105741, -0.39250275773059556, -0.2642942018704255, -0.24306527631077096, 0.22119630595502213, 0.5039609083693758, 0.7411142150083816, -0.2672309017517087, 0.0, -0.2513294316695928, -0.46384286963281324, -0.3415579120846569, -0.08758555789396473, -0.3411915663595302, -0.5397292803651484, -0.4575284117799183, -0.24788504162473582, -0.41040652918897, -0.5674618582312394], [-1.0116148211389304, -0.8164627542423386, -0.43271502624098146, -0.14117332606100264, -0.012964770200832657, 0.008264155358821954, 0.47252573762461497, 0.7552903400389681, 0.9924436466779747, -0.01590147008211584, 0.2513294316695928, 0.0, -0.21251343796322042, -0.09022848041506412, 0.16374387377562802, -0.08986213468993737, -0.2883998486955555, -0.20619898011032528, 0.0034443900448570485, -0.15907709751937715, -0.3161324265616466], [-0.7991013831757088, -0.6039493162791182, -0.2202015882777612, 0.07134011190221774, 0.1995486677623877, 0.22077759332204228, 0.685039175587835, 0.9678037780021892, 1.2049570846411943, 0.19661196788110452, 0.46384286963281324, 0.21251343796322042, 0.0, 0.12228495754815619, 0.37625731173884847, 0.12265130327328298, -0.07588641073233504, 0.006314457852895029, 0.21595782800807736, 0.05343634044384322, -0.10361898859842615], [-0.9213863407238663, -0.7262342738272746, -0.3424865458259173, -0.05094484564593849, 0.07726371021423147, 0.09849263577388609, 0.5627542180396788, 0.8455188204540325, 1.0826721270930388, 0.0743270103329483, 0.3415579120846569, 0.09022848041506412, -0.12228495754815619, 0.0, 0.25397235419069214, 0.0003663457251267595, -0.19817136828049128, -0.11597049969526126, 0.09367287045992122, -0.06884861710431299, -0.2259039461465824], [-1.1753586949145574, -0.980206628017967, -0.5964589000166095, -0.3049171998366306, -0.17670864397646063, -0.15547971841680608, 0.3087818638489867, 0.5915464662633405, 0.8286997729023465, -0.17964534385774392, 0.08758555789396473, -0.16374387377562802, -0.37625731173884847, -0.25397235419069214, 0.0, -0.2536060084655654, -0.4521437224711836, -0.3699428538859534, -0.16029948373077105, -0.32282097129500514, -0.4798763003372747], [-0.9217526864489928, -0.7266006195524011, -0.3428528915510443, -0.051311191371065254, 0.07689736448910472, 0.09812629004875933, 0.5623878723145522, 0.8451524747289058, 1.0823057813679122, 0.07396066460782155, 0.3411915663595302, 0.08986213468993737, -0.12265130327328298, -0.0003663457251267595, 0.2536060084655654, 0.0, -0.198537714005618, -0.11633684542038793, 0.09330652473479445, -0.06921496282943974, -0.22627029187170916], [-0.7232149724433744, -0.528062905546783, -0.14431517754542603, 0.1472265226345528, 0.2754350784947228, 0.29666400405437743, 0.76092558632017, 1.0436901887345238, 1.2808434953735295, 0.2724983786134396, 0.5397292803651484, 0.2883998486955555, 0.07588641073233504, 0.19817136828049128, 0.4521437224711836, 0.198537714005618, 0.0, 0.0822008685852301, 0.2918442387404126, 0.12932275117617828, -0.02773257786609111], [-0.8054158410286043, -0.6102637741320132, -0.22651604613065612, 0.06502565404932271, 0.19323420990949278, 0.2144631354691473, 0.6787247177349401, 0.961489320149294, 1.1986426267882997, 0.19029751002820958, 0.4575284117799183, 0.20619898011032528, -0.006314457852895029, 0.11597049969526126, 0.3699428538859534, 0.11633684542038793, -0.0822008685852301, 0.0, 0.2096433701551824, 0.047121882590948176, -0.10993344645132119], [-1.0150592111837868, -0.8199071442871956, -0.4361594162858388, -0.1446177161058597, -0.016409160245689704, 0.004819765313964902, 0.46908134757975795, 0.7518459499941117, 0.9889992566331172, -0.019345860126972866, 0.24788504162473582, -0.0034443900448570485, -0.21595782800807736, -0.09367287045992122, 0.16029948373077105, -0.09330652473479445, -0.2918442387404126, -0.2096433701551824, 0.0, -0.16252148756423423, -0.3195768166065036], [-0.8525377236195527, -0.6573856567229612, -0.27363792872160436, 0.017903771458374514, 0.14611232731854443, 0.16734125287819915, 0.6316028351439917, 0.9143674375583457, 1.1515207441973514, 0.1431756274372613, 0.41040652918897, 0.15907709751937715, -0.05343634044384322, 0.06884861710431299, 0.32282097129500514, 0.06921496282943974, -0.12932275117617828, -0.047121882590948176, 0.16252148756423423, 0.0, -0.15705532904226938], [-0.6954823945772833, -0.5003303276806923, -0.1165825996793349, 0.174959100500644, 0.30316765636081405, 0.32439658192046855, 0.7886581641862616, 1.0714227666006153, 1.3085760732396212, 0.3002309564795308, 0.5674618582312394, 0.3161324265616466, 0.10361898859842615, 0.2259039461465824, 0.4798763003372747, 0.22627029187170916, 0.02773257786609111, 0.10993344645132119, 0.3195768166065036, 0.15705532904226938, 0.0]]]