[[[0.0, -0.33783809572772205, -0.42865322123635247, -0.3454438020911994, -0.26141025058389394, -0.4399740371494574, -0.5677560471972523, -0.6533811019949899, -0.7017295961988882, -0.19000187024583845, -0.22399644106934818, -0.23263803303640543, -0.22363593311560556, 0.044787868668043, 0.05462308907095533, -0.015116055653692456, -0.04578631326808898, 0.2559339271071108, 0.3630804060561197, 0.4194324251822379, 0.4807357435786079], [0.33783809572772205, 0.0, -0.09081512550863029, -0.007605706363477251, 0.07642784514382817, -0.10213594142173514, -0.2299179514695302, -0.315543006267268, -0.3638915004711661, 0.1478362254818838, 0.11384165465837383, 0.10520006269131675, 0.11420216261211649, 0.38262596439576535, 0.3924611847986776, 0.32272204007402977, 0.2920517824596332, 0.5937720228348327, 0.7009185017838417, 0.7572705209099607, 0.8185738393063299], [0.42865322123635247, 0.09081512550863029, 0.0, 0.08320941914515304, 0.16724297065245847, -0.011320815913104871, -0.1391028259608997, -0.22472788075863753, -0.27307637496253556, 0.23865135099051418, 0.20465678016700412, 0.19601518819994707, 0.20501728812074682, 0.4734410899043956, 0.48327631030730794, 0.4135371655826601, 0.3828669079682636, 0.6845871483434633, 0.7917336272924724, 0.84808564641859, 0.9093889648149598], [0.3454438020911994, 0.007605706363477251, -0.08320941914515304, 0.0, 0.08403355150730545, -0.0945302350582579, -0.22231224510605288, -0.30793729990379054, -0.3562857941076885, 0.155441931845361, 0.12144736102185112, 0.11280576905479403, 0.12180786897559379, 0.3902316707592425, 0.4000668911621549, 0.330327746437507, 0.29965748882311033, 0.6013777291983102, 0.7085242081473193, 0.7648762272734371, 0.826179545669807], [0.26141025058389394, -0.07642784514382817, -0.16724297065245847, -0.08403355150730545, 0.0, -0.17856378656556346, -0.30634579661335815, -0.39197085141109594, -0.44031934561499414, 0.07140838033805555, 0.03741380951454567, 0.028772217547488557, 0.037774317468288306, 0.3061981192519371, 0.3160333396548493, 0.24629419493020144, 0.21562393731580498, 0.5173441776910047, 0.6244906566400136, 0.6808426757661323, 0.7421459941625015], [0.4399740371494574, 0.10213594142173514, 0.011320815913104871, 0.0945302350582579, 0.17856378656556346, 0.0, -0.12778201004779483, -0.2134070648455325, -0.2617555590494307, 0.24997216690361898, 0.21597759608010902, 0.20733600411305197, 0.21633810403385173, 0.4847619058175002, 0.4945971262204128, 0.4248579814957648, 0.39418772388136847, 0.6959079642565682, 0.8030544432055767, 0.8594064623316952, 0.9207097807280654], [0.5677560471972523, 0.2299179514695302, 0.1391028259608997, 0.22231224510605288, 0.30634579661335815, 0.12778201004779483, 0.0, -0.0856250547977377, -0.13397354900163577, 0.377754176951414, 0.343759606127904, 0.33511801416084686, 0.34412011408164667, 0.6125439158652953, 0.6223791362682076, 0.5526399915435598, 0.5219697339291633, 0.823689974304363, 0.9308364532533722, 0.9871884723794903, 1.0484917907758604], [0.6533811019949899, 0.315543006267268, 0.22472788075863753, 0.30793729990379054, 0.39197085141109594, 0.2134070648455325, 0.0856250547977377, 0.0, -0.04834849420389806, 0.4633792317491517, 0.42938466092564154, 0.4207430689585847, 0.4297451688793839, 0.698168970663033, 0.7080041910659454, 0.6382650463412974, 0.6075947887269009, 0.9093150291021007, 1.01646150805111, 1.0728135271772277, 1.134116845573598], [0.7017295961988882, 0.3638915004711661, 0.27307637496253556, 0.3562857941076885, 0.44031934561499414, 0.2617555590494307, 0.13397354900163577, 0.04834849420389806, 0.0, 0.5117277259530497, 0.4777331551295398, 0.4690915631624825, 0.4780936630832824, 0.7465174648669308, 0.7563526852698437, 0.6866135405451953, 0.6559432829307991, 0.9576635233059986, 1.0648100022550078, 1.1211620213811262, 1.182465339777496], [0.19000187024583845, -0.1478362254818838, -0.23865135099051418, -0.155441931845361, -0.07140838033805555, -0.24997216690361898, -0.377754176951414, -0.4633792317491517, -0.5117277259530497, 0.0, -0.03399457082350986, -0.042636162790566964, -0.03363406286976723, 0.23478973891388155, 0.24462495931679384, 0.17488581459214594, 0.14421555697774946, 0.4459357973529491, 0.5530822763019582, 0.6094342954280765, 0.6707376138244463], [0.22399644106934818, -0.11384165465837383, -0.20465678016700412, -0.12144736102185112, -0.03741380951454567, -0.21597759608010902, -0.343759606127904, -0.42938466092564154, -0.4777331551295398, 0.03399457082350986, 0.0, -0.00864159196705712, 0.0003605079537426313, 0.26878430973739137, 0.2786195301403035, 0.2088803854156559, 0.1782101278012593, 0.479930368176459, 0.5870768471254678, 0.6434288662515861, 0.7047321846479562], [0.23263803303640543, -0.10520006269131675, -0.19601518819994707, -0.11280576905479403, -0.028772217547488557, -0.20733600411305197, -0.33511801416084686, -0.4207430689585847, -0.4690915631624825, 0.042636162790566964, 0.00864159196705712, 0.0, 0.009002099920799752, 0.27742590170444836, 0.2872611221073607, 0.21752197738271284, 0.18685171976831647, 0.48857196014351606, 0.595718439092525, 0.6520704582186434, 0.7133737766150131], [0.22363593311560556, -0.11420216261211649, -0.20501728812074682, -0.12180786897559379, -0.037774317468288306, -0.21633810403385173, -0.34412011408164667, -0.4297451688793839, -0.4780936630832824, 0.03363406286976723, -0.0003605079537426313, -0.009002099920799752, 0.0, 0.2684238017836487, 0.27825902218656096, 0.2085198774619132, 0.17784961984751668, 0.4795698602227163, 0.5867163391717254, 0.6430683582978436, 0.7043716766942137], [-0.044787868668043, -0.38262596439576535, -0.4734410899043956, -0.3902316707592425, -0.3061981192519371, -0.4847619058175002, -0.6125439158652953, -0.698168970663033, -0.7465174648669308, -0.23478973891388155, -0.26878430973739137, -0.27742590170444836, -0.2684238017836487, 0.0, 0.009835220402912286, -0.059903924321735455, -0.09057418193613198, 0.21114605843906767, 0.31829253738807683, 0.3746445565141952, 0.4359478749105651], [-0.05462308907095533, -0.3924611847986776, -0.48327631030730794, -0.4000668911621549, -0.3160333396548493, -0.4945971262204128, -0.6223791362682076, -0.7080041910659454, -0.7563526852698437, -0.24462495931679384, -0.2786195301403035, -0.2872611221073607, -0.27825902218656096, -0.009835220402912286, 0.0, -0.06973914472464778, -0.10040940233904432, 0.20131083803615535, 0.30845731698516443, 0.36480933611128263, 0.4261126545076525], [0.015116055653692456, -0.32272204007402977, -0.4135371655826601, -0.330327746437507, -0.24629419493020144, -0.4248579814957648, -0.5526399915435598, -0.6382650463412974, -0.6866135405451953, -0.17488581459214594, -0.2088803854156559, -0.21752197738271284, -0.2085198774619132, 0.059903924321735455, 0.06973914472464778, 0.0, -0.03067025761439652, 0.2710499827608032, 0.37819646170981214, 0.4345484808359304, 0.49585179923230027], [0.04578631326808898, -0.2920517824596332, -0.3828669079682636, -0.29965748882311033, -0.21562393731580498, -0.39418772388136847, -0.5219697339291633, -0.6075947887269009, -0.6559432829307991, -0.14421555697774946, -0.1782101278012593, -0.18685171976831647, -0.17784961984751668, 0.09057418193613198, 0.10040940233904432, 0.03067025761439652, 0.0, 0.30172024037519973, 0.40886671932420876, 0.46521873845032713, 0.5265220568466968], [-0.2559339271071108, -0.5937720228348327, -0.6845871483434633, -0.6013777291983102, -0.5173441776910047, -0.6959079642565682, -0.823689974304363, -0.9093150291021007, -0.9576635233059986, -0.4459357973529491, -0.479930368176459, -0.48857196014351606, -0.4795698602227163, -0.21114605843906767, -0.20131083803615535, -0.2710499827608032, -0.30172024037519973, 0.0, 0.1071464789490091, 0.16349849807512726, 0.22480181647149722], [-0.3630804060561197, -0.7009185017838417, -0.7917336272924724, -0.7085242081473193, -0.6244906566400136, -0.8030544432055767, -0.9308364532533722, -1.01646150805111, -1.0648100022550078, -0.5530822763019582, -0.5870768471254678, -0.595718439092525, -0.5867163391717254, -0.31829253738807683, -0.30845731698516443, -0.37819646170981214, -0.40886671932420876, -0.1071464789490091, 0.0, 0.056352019126118175, 0.11765533752248808], [-0.4194324251822379, -0.7572705209099607, -0.84808564641859, -0.7648762272734371, -0.6808426757661323, -0.8594064623316952, -0.9871884723794903, -1.0728135271772277, -1.1211620213811262, -0.6094342954280765, -0.6434288662515861, -0.6520704582186434, -0.6430683582978436, -0.3746445565141952, -0.36480933611128263, -0.4345484808359304, -0.46521873845032713, -0.16349849807512726, -0.056352019126118175, 0.0, 0.06130331839636988], [-0.4807357435786079, -0.8185738393063299, -0.9093889648149598, -0.826179545669807, -0.7421459941625015, -0.9207097807280654, -1.0484917907758604, -1.134116845573598, -1.182465339777496, -0.6707376138244463, -0.7047321846479562, -0.7133737766150131, -0.7043716766942137, -0.4359478749105651, -0.4261126545076525, -0.49585179923230027, -0.5265220568466968, -0.22480181647149722, -0.11765533752248808, -0.06130331839636988, 0.0]], [[0.0, 0.2111240712270125, 0.588535216938719, 0.9091882483557024, 1.1170147961549193, 1.0001450853838982, 1.5138671087539495, 1.8219156541112769, 2.0789085609238014, 0.9817178079911202, 1.2938727316092289, 0.9943571913524906, 0.7495155562585205, 0.9522463758161315, 1.215126561821295, 0.9689090516422547, 0.7765813000716765, 0.9248804591987604, 1.29937287097441, 1.4860633243340484, 1.6508390283445886], [-0.2111240712270125, 0.0, 0.37741114571170664, 0.6980641771286905, 0.9058907249279068, 0.7890210141568847, 1.3027430375269369, 1.6107915828842652, 1.8677844896967883, 0.7705937367641075, 1.0827486603822165, 0.7832331201254777, 0.5383914850315081, 0.74112230458912, 1.004002490594283, 0.7577849804152423, 0.5654572288446635, 0.7137563879717483, 1.0882487997473973, 1.2749392531070354, 1.439714957117576], [-0.588535216938719, -0.37741114571170664, 0.0, 0.32065303141698387, 0.5284795792162003, 0.41160986844517894, 0.9253318918152309, 1.2333804371725576, 1.4903733439850817, 0.39318259105240067, 0.7053375146705098, 0.40582197441377055, 0.16098033931980157, 0.3637111588774131, 0.6265913448825757, 0.3803738347035355, 0.18804608313295662, 0.33634524226004153, 0.710837654035691, 0.897528107395329, 1.0623038114058696], [-0.9091882483557024, -0.6980641771286905, -0.32065303141698387, 0.0, 0.20782654779921633, 0.09095683702819488, 0.6046788603982468, 0.9127274057555737, 1.169720312568098, 0.07252955963541703, 0.3846844832535258, 0.08516894299678684, -0.1596726920971823, 0.0430581274604291, 0.30593831346559236, 0.059720803286551674, -0.13260694828402708, 0.015692210843057792, 0.390184622618707, 0.576875075978345, 0.7416507799888855], [-1.1170147961549193, -0.9058907249279068, -0.5284795792162003, -0.20782654779921633, 0.0, -0.1168697107710214, 0.39685231259903087, 0.7049008579563575, 0.9618937647688817, -0.13529698816379923, 0.17685793545430958, -0.1226576048024294, -0.3674992398963985, -0.1647684203387871, 0.09811176566637587, -0.14810574451266448, -0.3404334960832434, -0.19213433695615856, 0.18235807481949076, 0.36904852817912903, 0.5338242321896695], [-1.0001450853838982, -0.7890210141568847, -0.41160986844517894, -0.09095683702819488, 0.1168697107710214, 0.0, 0.5137220233700525, 0.8217705687273793, 1.0787634755399025, -0.01842727739277782, 0.29372764622533093, -0.005787894031408002, -0.25062952912537734, -0.047898709567765756, 0.21498147643739723, -0.03123603374164317, -0.22356378531222187, -0.07526462618513706, 0.29922778559051216, 0.48591823895015024, 0.6506939429606908], [-1.5138671087539495, -1.3027430375269369, -0.9253318918152309, -0.6046788603982468, -0.39685231259903087, -0.5137220233700525, 0.0, 0.308048545357327, 0.5650414521698507, -0.5321493007628298, -0.21999437714472106, -0.51950991740146, -0.7643515524954297, -0.561620732937818, -0.298740546932655, -0.5449580571116952, -0.7372858086822738, -0.5889866495551891, -0.21449423777954, -0.027803784419901813, 0.1369719195906385], [-1.8219156541112769, -1.6107915828842652, -1.2333804371725576, -0.9127274057555737, -0.7049008579563575, -0.8217705687273793, -0.308048545357327, 0.0, 0.25699290681252385, -0.8401978461201568, -0.5280429225020483, -0.8275584627587872, -1.0724000978527564, -0.8696692782951448, -0.6067890922899819, -0.8530066024690222, -1.0453343540396012, -0.8970351949125158, -0.5225427831368671, -0.3358523297772287, -0.1710766257666884], [-2.0789085609238014, -1.8677844896967883, -1.4903733439850817, -1.169720312568098, -0.9618937647688817, -1.0787634755399025, -0.5650414521698507, -0.25699290681252385, 0.0, -1.097190752932681, -0.7850358293145718, -1.084551369571311, -1.3293930046652804, -1.126662185107669, -0.8637819991025057, -1.1099995092815453, -1.3023272608521246, -1.1540281017250404, -0.7795356899493906, -0.5928452365897526, -0.428069532579212], [-0.9817178079911202, -0.7705937367641075, -0.39318259105240067, -0.07252955963541703, 0.13529698816379923, 0.01842727739277782, 0.5321493007628298, 0.8401978461201568, 1.097190752932681, 0.0, 0.31215492361810876, 0.012639383361369825, -0.2322022517325994, -0.029471432174987953, 0.23340875383017523, -0.012808756348865347, -0.205136507919444, -0.056837348792359244, 0.3176550629832901, 0.5043455163429283, 0.6691212203534682], [-1.2938727316092289, -1.0827486603822165, -0.7053375146705098, -0.3846844832535258, -0.17685793545430958, -0.29372764622533093, 0.21999437714472106, 0.5280429225020483, 0.7850358293145718, -0.31215492361810876, 0.0, -0.2995155402567389, -0.544357175350708, -0.34162635579309664, -0.07874616978793367, -0.32496367996697423, -0.5172914315375529, -0.3689922724104681, 0.005500139365181257, 0.19219059272481928, 0.3569662967353598], [-0.9943571913524906, -0.7832331201254777, -0.40582197441377055, -0.08516894299678684, 0.1226576048024294, 0.005787894031408002, 0.51950991740146, 0.8275584627587872, 1.084551369571311, -0.012639383361369825, 0.2995155402567389, 0.0, -0.24484163509396928, -0.04211081553635777, 0.2207693704688054, -0.02544813971023517, -0.21777589128081384, -0.06947673215372907, 0.3050156796219202, 0.4917061329815584, 0.6564818369920988], [-0.7495155562585205, -0.5383914850315081, -0.16098033931980157, 0.1596726920971823, 0.3674992398963985, 0.25062952912537734, 0.7643515524954297, 1.0724000978527564, 1.3293930046652804, 0.2322022517325994, 0.544357175350708, 0.24484163509396928, 0.0, 0.20273081955761138, 0.4656110055627747, 0.21939349538373404, 0.027065743813155206, 0.1753649029402401, 0.5498573147158895, 0.7365477680755275, 0.9013234720860681], [-0.9522463758161315, -0.74112230458912, -0.3637111588774131, -0.0430581274604291, 0.1647684203387871, 0.047898709567765756, 0.561620732937818, 0.8696692782951448, 1.126662185107669, 0.029471432174987953, 0.34162635579309664, 0.04211081553635777, -0.20273081955761138, 0.0, 0.26288018600516305, 0.0166626758261226, -0.1756650757444561, -0.027365916617371294, 0.347126495158278, 0.5338169485179161, 0.6985926525284563], [-1.215126561821295, -1.004002490594283, -0.6265913448825757, -0.30593831346559236, -0.09811176566637587, -0.21498147643739723, 0.298740546932655, 0.6067890922899819, 0.8637819991025057, -0.23340875383017523, 0.07874616978793367, -0.2207693704688054, -0.4656110055627747, -0.26288018600516305, 0.0, -0.24621751017904042, -0.4385452617496194, -0.2902461026225344, 0.08424630915311489, 0.2709367625127531, 0.43571246652329326], [-0.9689090516422547, -0.7577849804152423, -0.3803738347035355, -0.059720803286551674, 0.14810574451266448, 0.03123603374164317, 0.5449580571116952, 0.8530066024690222, 1.1099995092815453, 0.012808756348865347, 0.32496367996697423, 0.02544813971023517, -0.21939349538373404, -0.0166626758261226, 0.24621751017904042, 0.0, -0.1923277515705788, -0.04402859244349387, 0.33046381933215535, 0.5171542726917935, 0.6819299767023341], [-0.7765813000716765, -0.5654572288446635, -0.18804608313295662, 0.13260694828402708, 0.3404334960832434, 0.22356378531222187, 0.7372858086822738, 1.0453343540396012, 1.3023272608521246, 0.205136507919444, 0.5172914315375529, 0.21777589128081384, -0.027065743813155206, 0.1756650757444561, 0.4385452617496194, 0.1923277515705788, 0.0, 0.1482991591270849, 0.5227915709027341, 0.7094820242623725, 0.8742577282729128], [-0.9248804591987604, -0.7137563879717483, -0.33634524226004153, -0.015692210843057792, 0.19213433695615856, 0.07526462618513706, 0.5889866495551891, 0.8970351949125158, 1.1540281017250404, 0.056837348792359244, 0.3689922724104681, 0.06947673215372907, -0.1753649029402401, 0.027365916617371294, 0.2902461026225344, 0.04402859244349387, -0.1482991591270849, 0.0, 0.3744924117756493, 0.5611828651352875, 0.7259585691458277], [-1.29937287097441, -1.0882487997473973, -0.710837654035691, -0.390184622618707, -0.18235807481949076, -0.29922778559051216, 0.21449423777954, 0.5225427831368671, 0.7795356899493906, -0.3176550629832901, -0.005500139365181257, -0.3050156796219202, -0.5498573147158895, -0.347126495158278, -0.08424630915311489, -0.33046381933215535, -0.5227915709027341, -0.3744924117756493, 0.0, 0.18669045335963813, 0.3514661573701784], [-1.4860633243340484, -1.2749392531070354, -0.897528107395329, -0.576875075978345, -0.36904852817912903, -0.48591823895015024, 0.027803784419901813, 0.3358523297772287, 0.5928452365897526, -0.5043455163429283, -0.19219059272481928, -0.4917061329815584, -0.7365477680755275, -0.5338169485179161, -0.2709367625127531, -0.5171542726917935, -0.7094820242623725, -0.5611828651352875, -0.18669045335963813, 0.0, 0.16477570401054037], [-1.6508390283445886, -1.439714957117576, -1.0623038114058696, -0.7416507799888855, -0.5338242321896695, -0.6506939429606908, -0.1369719195906385, 0.1710766257666884, 0.428069532579212, -0.6691212203534682, -0.3569662967353598, -0.6564818369920988, -0.9013234720860681, -0.6985926525284563, -0.43571246652329326, -0.6819299767023341, -0.8742577282729128, -0.7259585691458277, -0.3514661573701784, -0.16477570401054037, 0.0]]]