[[[0.0, -0.542347598682481, -0.8976941658465916, -1.1134203774229912, -1.2993127749925402, -0.5414945277110036, -0.687547833973568, -0.7885979964795615, -0.8529974584633312, -0.22886094038925453, -0.29972033939887655, -0.33587741302512264, -0.32480395867858236, 0.04990842968348526, 0.00887826543627929, -0.0787363227835715, -0.12250707120787271, 0.29817061479186086, 0.4268431770571987, 0.5320763422661318, 0.6062858304982653], [0.542347598682481, 0.0, -0.3553465671641106, -0.5710727787405107, -0.7569651763100598, 0.0008530709714773024, -0.1452002352910875, -0.24625039779708047, -0.3106498597808507, 0.31348665829322636, 0.24262725928360432, 0.2064701856573583, 0.21754364000389845, 0.5922560283659658, 0.55122586411876, 0.4636112758989093, 0.4198405274746081, 0.8405182134743419, 0.9691907757396797, 1.0744239409486123, 1.1486334291807465], [0.8976941658465916, 0.3553465671641106, 0.0, -0.21572621157639962, -0.40161860914594916, 0.35619963813558797, 0.2101463318730233, 0.10909616936703032, 0.04469670738326012, 0.6688332254573368, 0.5979738264477149, 0.5618167528214688, 0.572890207168009, 0.9476025955300765, 0.9065724312828709, 0.81895784306302, 0.775187094638719, 1.195864780638452, 1.3245373429037903, 1.4297705081127225, 1.5039799963448568], [1.1134203774229912, 0.5710727787405107, 0.21572621157639962, 0.0, -0.1858923975695496, 0.5719258497119876, 0.4258725434494229, 0.32482238094342997, 0.2604229189596597, 0.8845594370337367, 0.8137000380241146, 0.7775429643978683, 0.7886164187444088, 1.1633288071064762, 1.1222986428592707, 1.0346840546394196, 0.9909133062151192, 1.411590992214852, 1.5402635544801904, 1.6454967196891226, 1.7197062079212568], [1.2993127749925402, 0.7569651763100598, 0.40161860914594916, 0.1858923975695496, 0.0, 0.7578182472815372, 0.6117649410189723, 0.5107147785129799, 0.44631531652920936, 1.0704518346032867, 0.9995924355936645, 0.9634353619674182, 0.9745088163139589, 1.3492212046760261, 1.3081910404288208, 1.2205764522089693, 1.1768057037846675, 1.5974833897844016, 1.7261559520497394, 1.8313891172586723, 1.905598605490807], [0.5414945277110036, -0.0008530709714773024, -0.35619963813558797, -0.5719258497119876, -0.7578182472815372, 0.0, -0.14605330626256482, -0.24710346876855777, -0.311502930752328, 0.312633587321749, 0.2417741883121269, 0.20561711468588098, 0.21669056903242104, 0.5914029573944887, 0.5503727931472829, 0.46275820492743186, 0.41898745650313074, 0.8396651425028641, 0.9683377047682026, 1.0735708699771354, 1.147780358209269], [0.687547833973568, 0.1452002352910875, -0.2101463318730233, -0.4258725434494229, -0.6117649410189723, 0.14605330626256482, 0.0, -0.10105016250599301, -0.1654496244897631, 0.458686893584314, 0.3878274945746918, 0.3516704209484456, 0.3627438752949858, 0.7374562636570536, 0.6964260994098476, 0.6088115111899964, 0.5650407627656955, 0.9857184487654297, 1.1143910110307669, 1.2196241762397002, 1.293833664471834], [0.7885979964795615, 0.24625039779708047, -0.10909616936703032, -0.32482238094342997, -0.5107147785129799, 0.24710346876855777, 0.10105016250599301, 0.0, -0.06439946198377018, 0.5597370560903067, 0.48887765708068465, 0.4527205834544389, 0.4637940378009787, 0.8385064261630465, 0.7974762619158406, 0.7098616736959894, 0.6660909252716882, 1.0867686112714219, 1.21544117353676, 1.3206743387456934, 1.3948838269778268], [0.8529974584633312, 0.3106498597808507, -0.04469670738326012, -0.2604229189596597, -0.44631531652920936, 0.311502930752328, 0.1654496244897631, 0.06439946198377018, 0.0, 0.624136518074077, 0.5532771190644549, 0.5171200454382089, 0.528193499784749, 0.9029058881468168, 0.8618757238996104, 0.7742611356797601, 0.7304903872554589, 1.151168073255192, 1.2798406355205294, 1.3850738007294638, 1.4592832889615965], [0.22886094038925453, -0.31348665829322636, -0.6688332254573368, -0.8845594370337367, -1.0704518346032867, -0.312633587321749, -0.458686893584314, -0.5597370560903067, -0.624136518074077, 0.0, -0.07085939900962215, -0.10701647263586823, -0.09594301828932811, 0.2787693700727397, 0.23773920582553387, 0.15012461760568288, 0.10635386918138162, 0.5270315551811156, 0.6557041174464533, 0.7609372826553858, 0.8351467708875202], [0.29972033939887655, -0.24262725928360432, -0.5979738264477149, -0.8137000380241146, -0.9995924355936645, -0.2417741883121269, -0.3878274945746918, -0.48887765708068465, -0.5532771190644549, 0.07085939900962215, 0.0, -0.036157073626246115, -0.02508361927970597, 0.34962876908236173, 0.30859860483515567, 0.22098401661530498, 0.17721326819100383, 0.597890954190737, 0.7265635164560753, 0.8317966816650083, 0.9060061698971421], [0.33587741302512264, -0.2064701856573583, -0.5618167528214688, -0.7775429643978683, -0.9634353619674182, -0.20561711468588098, -0.3516704209484456, -0.4527205834544389, -0.5171200454382089, 0.10701647263586823, 0.036157073626246115, 0.0, 0.011073454346540133, 0.3857858427086079, 0.34475567846140187, 0.2571410902415512, 0.21337034181724993, 0.6340480278169834, 0.762720590082321, 0.8679537552912544, 0.9421632435233888], [0.32480395867858236, -0.21754364000389845, -0.572890207168009, -0.7886164187444088, -0.9745088163139589, -0.21669056903242104, -0.3627438752949858, -0.4637940378009787, -0.528193499784749, 0.09594301828932811, 0.02508361927970597, -0.011073454346540133, 0.0, 0.3747123883620679, 0.3336822241148618, 0.2460676358950111, 0.2022968874707098, 0.6229745734704433, 0.7516471357357811, 0.8568803009447147, 0.9310897891768478], [-0.04990842968348526, -0.5922560283659658, -0.9476025955300765, -1.1633288071064762, -1.3492212046760261, -0.5914029573944887, -0.7374562636570536, -0.8385064261630465, -0.9029058881468168, -0.2787693700727397, -0.34962876908236173, -0.3857858427086079, -0.3747123883620679, 0.0, -0.041030164247205986, -0.1286447524670568, -0.17241550089135807, 0.2482621851083756, 0.37693474737371363, 0.4821679125826468, 0.5563774008147802], [-0.00887826543627929, -0.55122586411876, -0.9065724312828709, -1.1222986428592707, -1.3081910404288208, -0.5503727931472829, -0.6964260994098476, -0.7974762619158406, -0.8618757238996104, -0.23773920582553387, -0.30859860483515567, -0.34475567846140187, -0.3336822241148618, 0.041030164247205986, 0.0, -0.08761458821985087, -0.131385336644152, 0.28929234935558146, 0.4179649116209197, 0.5231980768298528, 0.5974075650619861], [0.0787363227835715, -0.4636112758989093, -0.81895784306302, -1.0346840546394196, -1.2205764522089693, -0.46275820492743186, -0.6088115111899964, -0.7098616736959894, -0.7742611356797601, -0.15012461760568288, -0.22098401661530498, -0.2571410902415512, -0.2460676358950111, 0.1286447524670568, 0.08761458821985087, 0.0, -0.04377074842430122, 0.37690693757543237, 0.5055794998407704, 0.6108126650497032, 0.6850221532818369], [0.12250707120787271, -0.4198405274746081, -0.775187094638719, -0.9909133062151192, -1.1768057037846675, -0.41898745650313074, -0.5650407627656955, -0.6660909252716882, -0.7304903872554589, -0.10635386918138162, -0.17721326819100383, -0.21337034181724993, -0.2022968874707098, 0.17241550089135807, 0.131385336644152, 0.04377074842430122, 0.0, 0.42067768599973354, 0.5493502482650715, 0.6545834134740045, 0.7287929017061381], [-0.29817061479186086, -0.8405182134743419, -1.195864780638452, -1.411590992214852, -1.5974833897844016, -0.8396651425028641, -0.9857184487654297, -1.0867686112714219, -1.151168073255192, -0.5270315551811156, -0.597890954190737, -0.6340480278169834, -0.6229745734704433, -0.2482621851083756, -0.28929234935558146, -0.37690693757543237, -0.42067768599973354, 0.0, 0.12867256226533788, 0.23390572747427094, 0.3081152157064047], [-0.4268431770571987, -0.9691907757396797, -1.3245373429037903, -1.5402635544801904, -1.7261559520497394, -0.9683377047682026, -1.1143910110307669, -1.21544117353676, -1.2798406355205294, -0.6557041174464533, -0.7265635164560753, -0.762720590082321, -0.7516471357357811, -0.37693474737371363, -0.4179649116209197, -0.5055794998407704, -0.5493502482650715, -0.12867256226533788, 0.0, 0.10523316520893312, 0.17944265344106683], [-0.5320763422661318, -1.0744239409486123, -1.4297705081127225, -1.6454967196891226, -1.8313891172586723, -1.0735708699771354, -1.2196241762397002, -1.3206743387456934, -1.3850738007294638, -0.7609372826553858, -0.8317966816650083, -0.8679537552912544, -0.8568803009447147, -0.4821679125826468, -0.5231980768298528, -0.6108126650497032, -0.6545834134740045, -0.23390572747427094, -0.10523316520893312, 0.0, 0.07420948823213375], [-0.6062858304982653, -1.1486334291807465, -1.5039799963448568, -1.7197062079212568, -1.905598605490807, -1.147780358209269, -1.293833664471834, -1.3948838269778268, -1.4592832889615965, -0.8351467708875202, -0.9060061698971421, -0.9421632435233888, -0.9310897891768478, -0.5563774008147802, -0.5974075650619861, -0.6850221532818369, -0.7287929017061381, -0.3081152157064047, -0.17944265344106683, -0.07420948823213375, 0.0]], [[0.0, 0.1942409526715209, 0.5111030150446244, 0.8358052079243623, 1.113044053039076, 1.0324989212487576, 1.5489530038641468, 1.8722970010463211, 2.151477464924516, 0.9727460213913426, 1.2165708966019992, 0.9020266714830644, 0.6485689506957687, 0.9262033358654079, 1.124996483625476, 0.8479461220358747, 0.6569418490323459, 0.9083857929985668, 1.2669239041629132, 1.4669618032351732, 1.6779634718480898], [-0.1942409526715209, 0.0, 0.3168620623731036, 0.6415642552528414, 0.9188031003675552, 0.838257968577237, 1.3547120511926258, 1.678056048374799, 1.9572365122529947, 0.7785050687198214, 1.0223299439304787, 0.707785718811544, 0.4543279980242479, 0.731962383193887, 0.930755530953955, 0.6537051693643536, 0.4627008963608251, 0.7141448403270458, 1.0726829514913923, 1.2727208505636514, 1.483722519176568], [-0.5111030150446244, -0.3168620623731036, 0.0, 0.3247021928797379, 0.6019410379944516, 0.5213959062041336, 1.0378499888195223, 1.361193986001696, 1.6403744498798916, 0.46164300634671807, 0.7054678815573748, 0.3909236564384404, 0.13746593565114426, 0.4151003208207837, 0.6138934685808516, 0.3368431069912502, 0.14583883398772157, 0.39728277795394257, 0.7558208891182892, 0.9558587881905488, 1.1668604568034644], [-0.8358052079243623, -0.6415642552528414, -0.3247021928797379, 0.0, 0.27723884511471364, 0.19669371332439553, 0.7131477959397844, 1.0364917931219586, 1.3156722570001538, 0.13694081346698006, 0.380765688677637, 0.06622146355870238, -0.18723625722859372, 0.09039812794104587, 0.2891912757011138, 0.012140914111512366, -0.1788633588920163, 0.07258058507420442, 0.43111869623855087, 0.6311565953108109, 0.8421582639237262], [-1.113044053039076, -0.9188031003675552, -0.6019410379944516, -0.27723884511471364, 0.0, -0.08054513179031825, 0.4359089508250708, 0.7592529480072452, 1.03843341188544, -0.1402980316477337, 0.10352684356292327, -0.21101738155601144, -0.4644751023433073, -0.18684071717366788, 0.011952430586400074, -0.26509793100320134, -0.45610220400673024, -0.20465826004050927, 0.1538798511238374, 0.35391775019609717, 0.5649194188090128], [-1.0324989212487576, -0.838257968577237, -0.5213959062041336, -0.19669371332439553, 0.08054513179031825, 0.0, 0.516454082615389, 0.8397980797975633, 1.118978543675758, -0.05975289985741552, 0.18407197535324143, -0.13047224976569322, -0.3839299705529892, -0.10629558538334961, 0.0924975623767183, -0.1845527992128832, -0.3755570722164119, -0.12411312825019107, 0.23442498291415567, 0.43446288198641525, 0.6454645505993309], [-1.5489530038641468, -1.3547120511926258, -1.0378499888195223, -0.7131477959397844, -0.4359089508250708, -0.516454082615389, 0.0, 0.32334399718217405, 0.6025244610603688, -0.5762069824728046, -0.3323821072621477, -0.6469263323810823, -0.9003840531683786, -0.6227496679987388, -0.42395652023867086, -0.7010068818282723, -0.892011154831801, -0.6405672108655805, -0.2820290997012335, -0.08199120062897375, 0.12901046798394186], [-1.8722970010463211, -1.678056048374799, -1.361193986001696, -1.0364917931219586, -0.7592529480072452, -0.8397980797975633, -0.32334399718217405, 0.0, 0.2791804638781947, -0.8995509796549785, -0.6557261044443217, -0.9702703295632569, -1.2237280503505519, -0.9460936651809126, -0.7473005174208447, -1.0243508790104463, -1.2153551520139743, -0.9639112080477547, -0.6053730968834071, -0.4053351978111479, -0.19433352919823219], [-2.151477464924516, -1.9572365122529947, -1.6403744498798916, -1.3156722570001538, -1.03843341188544, -1.118978543675758, -0.6025244610603688, -0.2791804638781947, 0.0, -1.1787314435331735, -0.9349065683225163, -1.2494507934414507, -1.5029085142287468, -1.2252741290591076, -1.0264809812990396, -1.303531342888641, -1.49453561589217, -1.243091671925949, -0.884553560761602, -0.6845156616893423, -0.473513993076427], [-0.9727460213913426, -0.7785050687198214, -0.46164300634671807, -0.13694081346698006, 0.1402980316477337, 0.05975289985741552, 0.5762069824728046, 0.8995509796549785, 1.1787314435331735, 0.0, 0.24382487521065704, -0.07071934990827769, -0.3241770706955736, -0.04654268552593413, 0.15225046223413372, -0.12479989935546765, -0.3158041723589962, -0.06436022839277562, 0.2941778827715711, 0.49421578184383075, 0.7052174504567463], [-1.2165708966019992, -1.0223299439304787, -0.7054678815573748, -0.380765688677637, -0.10352684356292327, -0.18407197535324143, 0.3323821072621477, 0.6557261044443217, 0.9349065683225163, -0.24382487521065704, 0.0, -0.3145442251189346, -0.5680019459062305, -0.29036756073659103, -0.09157441297652318, -0.3686247745661246, -0.559629047569653, -0.3081851036034325, 0.05035300756091418, 0.2503909066331739, 0.4613925752460895], [-0.9020266714830644, -0.707785718811544, -0.3909236564384404, -0.06622146355870238, 0.21101738155601144, 0.13047224976569322, 0.6469263323810823, 0.9702703295632569, 1.2494507934414507, 0.07071934990827769, 0.3145442251189346, 0.0, -0.25345772078729606, 0.02417666438234356, 0.2229698121424115, -0.05408054944718999, -0.24508482245071875, 0.006359121515502076, 0.3648972326798488, 0.5649351317521086, 0.7759368003650239], [-0.6485689506957687, -0.4543279980242479, -0.13746593565114426, 0.18723625722859372, 0.4644751023433073, 0.3839299705529892, 0.9003840531683786, 1.2237280503505519, 1.5029085142287468, 0.3241770706955736, 0.5680019459062305, 0.25345772078729606, 0.0, 0.2776343851696397, 0.4764275329297077, 0.19937717134010616, 0.008372898336577375, 0.2598168423027981, 0.6183549534671449, 0.8183928525394043, 1.02939452115232], [-0.9262033358654079, -0.731962383193887, -0.4151003208207837, -0.09039812794104587, 0.18684071717366788, 0.10629558538334961, 0.6227496679987388, 0.9460936651809126, 1.2252741290591076, 0.04654268552593413, 0.29036756073659103, -0.02417666438234356, -0.2776343851696397, 0.0, 0.1987931477600679, -0.07825721382953357, -0.2692614868330622, -0.017817542866841486, 0.34072056829750536, 0.5407584673697649, 0.7517601359826805], [-1.124996483625476, -0.930755530953955, -0.6138934685808516, -0.2891912757011138, -0.011952430586400074, -0.0924975623767183, 0.42395652023867086, 0.7473005174208447, 1.0264809812990396, -0.15225046223413372, 0.09157441297652318, -0.2229698121424115, -0.4764275329297077, -0.1987931477600679, 0.0, -0.2770503615896016, -0.46805463459313, -0.21661069062690938, 0.14192742053743732, 0.3419653196096972, 0.5529669882226126], [-0.8479461220358747, -0.6537051693643536, -0.3368431069912502, -0.012140914111512366, 0.26509793100320134, 0.1845527992128832, 0.7010068818282723, 1.0243508790104463, 1.303531342888641, 0.12479989935546765, 0.3686247745661246, 0.05408054944718999, -0.19937717134010616, 0.07825721382953357, 0.2770503615896016, 0.0, -0.19100427300352874, 0.060439670962692045, 0.41897778212703857, 0.6190156811992986, 0.8300173498122142], [-0.6569418490323459, -0.4627008963608251, -0.14583883398772157, 0.1788633588920163, 0.45610220400673024, 0.3755570722164119, 0.892011154831801, 1.2153551520139743, 1.49453561589217, 0.3158041723589962, 0.559629047569653, 0.24508482245071875, -0.008372898336577375, 0.2692614868330622, 0.46805463459313, 0.19100427300352874, 0.0, 0.2514439439662208, 0.6099820551305676, 0.8100199542028268, 1.0210216228157425], [-0.9083857929985668, -0.7141448403270458, -0.39728277795394257, -0.07258058507420442, 0.20465826004050927, 0.12411312825019107, 0.6405672108655805, 0.9639112080477547, 1.243091671925949, 0.06436022839277562, 0.3081851036034325, -0.006359121515502076, -0.2598168423027981, 0.017817542866841486, 0.21661069062690938, -0.060439670962692045, -0.2514439439662208, 0.0, 0.3585381111643467, 0.5585760102366064, 0.7695776788495219], [-1.2669239041629132, -1.0726829514913923, -0.7558208891182892, -0.43111869623855087, -0.1538798511238374, -0.23442498291415567, 0.2820290997012335, 0.6053730968834071, 0.884553560761602, -0.2941778827715711, -0.05035300756091418, -0.3648972326798488, -0.6183549534671449, -0.34072056829750536, -0.14192742053743732, -0.41897778212703857, -0.6099820551305676, -0.3585381111643467, 0.0, 0.2000378990722598, 0.41103956768517586], [-1.4669618032351732, -1.2727208505636514, -0.9558587881905488, -0.6311565953108109, -0.35391775019609717, -0.43446288198641525, 0.08199120062897375, 0.4053351978111479, 0.6845156616893423, -0.49421578184383075, -0.2503909066331739, -0.5649351317521086, -0.8183928525394043, -0.5407584673697649, -0.3419653196096972, -0.6190156811992986, -0.8100199542028268, -0.5585760102366064, -0.2000378990722598, 0.0, 0.21100166861291583], [-1.6779634718480898, -1.483722519176568, -1.1668604568034644, -0.8421582639237262, -0.5649194188090128, -0.6454645505993309, -0.12901046798394186, 0.19433352919823219, 0.473513993076427, -0.7052174504567463, -0.4613925752460895, -0.7759368003650239, -1.02939452115232, -0.7517601359826805, -0.5529669882226126, -0.8300173498122142, -1.0210216228157425, -0.7695776788495219, -0.41103956768517586, -0.21100166861291583, 0.0]]]