[[[0.0, -0.3531563663548237, -0.4902034786005936, -0.46292569788870835, -0.3267081227911289, -0.29264188641523214, -0.3447591445935428, -0.3731369847099934, -0.37187204292123666, -0.07475783076737587, -0.06113654155280704, -0.09997731084949145, -0.12188988509064064, 0.1546534022481853, 0.20537193340308726, 0.13300364573860776, 0.07404118892825735, 0.38602307086927207, 0.4362573830640766, 0.43625810966420886, 0.411098282221517], [0.3531563663548237, 0.0, -0.13704711224576982, -0.10976933153388475, 0.026448243563694806, 0.06051447993959152, 0.008397221761280887, -0.019980618355169823, -0.018715676566412917, 0.27839853558744776, 0.2920198248020165, 0.2531790555053321, 0.23126648126418306, 0.507809768603009, 0.558528299757911, 0.4861600120934315, 0.4271975552830811, 0.7391794372240957, 0.7894137494189002, 0.7894144760190324, 0.764254648576341], [0.4902034786005936, 0.13704711224576982, 0.0, 0.027277780711884973, 0.1634953558094646, 0.1975615921853613, 0.14544433400705067, 0.11706649389059993, 0.11833143567935692, 0.4154456478332174, 0.4290669370477865, 0.3902261677511019, 0.3683135935099526, 0.6448568808487785, 0.6955754120036809, 0.623207124339201, 0.5642446675288508, 0.8762265494698657, 0.9264608616646697, 0.9264615882648022, 0.9013017608221108], [0.46292569788870835, 0.10976933153388475, -0.027277780711884973, 0.0, 0.13621757509757962, 0.17028381147347635, 0.11816655329516566, 0.089788713178715, 0.0910536549674719, 0.3881678671213325, 0.40178915633590123, 0.36294838703921717, 0.3410358127980676, 0.6175791001368935, 0.6682976312917956, 0.595929343627316, 0.5369668868169658, 0.8489487687579801, 0.8991830809527847, 0.899183807552917, 0.8740239801102254], [0.3267081227911289, -0.026448243563694806, -0.1634953558094646, -0.13621757509757962, 0.0, 0.034066236375896716, -0.018051021802413917, -0.04642886191886464, -0.04516392013010772, 0.2519502920237531, 0.2655715812383218, 0.22673081194163722, 0.20481823770048815, 0.481361525039314, 0.532080056194216, 0.4597117685297365, 0.40074931171938616, 0.7127311936604014, 0.7629655058552055, 0.7629662324553371, 0.737806405012646], [0.29264188641523214, -0.06051447993959152, -0.1975615921853613, -0.17028381147347635, -0.034066236375896716, 0.0, -0.05211725817831064, -0.08049509829476134, -0.07923015650600443, 0.2178840556478562, 0.231505344862425, 0.19266457556574057, 0.17075200132459142, 0.44729528866341745, 0.4980138198183194, 0.4256455321538397, 0.3666830753434895, 0.678664957284504, 0.7288992694793086, 0.7288999960794404, 0.7037401686367495], [0.3447591445935428, -0.008397221761280887, -0.14544433400705067, -0.11816655329516566, 0.018051021802413917, 0.05211725817831064, 0.0, -0.028377840116450708, -0.02711289832769381, 0.2700013138261667, 0.2836226030407356, 0.2447818337440513, 0.22286925950290204, 0.4994125468417281, 0.5501310779966303, 0.47776279033215063, 0.4188003335218, 0.7307822154628149, 0.7810165276576191, 0.7810172542577515, 0.75585742681506], [0.3731369847099934, 0.019980618355169823, -0.11706649389059993, -0.089788713178715, 0.04642886191886464, 0.08049509829476134, 0.028377840116450708, 0.0, 0.0012649417887569204, 0.29837915394261766, 0.3120004431571862, 0.2731596738605019, 0.25124709961935277, 0.5277903869581787, 0.5785089181130805, 0.5061406304486014, 0.4471781736382509, 0.7591600555792652, 0.8093943677740698, 0.8093950943742024, 0.7842352669315108], [0.37187204292123666, 0.018715676566412917, -0.11833143567935692, -0.0910536549674719, 0.04516392013010772, 0.07923015650600443, 0.02711289832769381, -0.0012649417887569204, 0.0, 0.2971142121538606, 0.3107355013684293, 0.271894732071745, 0.2499821578305957, 0.5265254451694218, 0.5772439763243237, 0.5048756886598443, 0.44591323184949394, 0.7578951137905087, 0.8081294259853127, 0.8081301525854453, 0.7829703251427539], [0.07475783076737587, -0.27839853558744776, -0.4154456478332174, -0.3881678671213325, -0.2519502920237531, -0.2178840556478562, -0.2700013138261667, -0.29837915394261766, -0.2971142121538606, 0.0, 0.01362128921456883, -0.025219480082115556, -0.04713205432326476, 0.22941123301556124, 0.2801297641704632, 0.20776147650598364, 0.1487990196956332, 0.46078090163664803, 0.5110152138314522, 0.5110159404315845, 0.485856112988893], [0.06113654155280704, -0.2920198248020165, -0.4290669370477865, -0.40178915633590123, -0.2655715812383218, -0.231505344862425, -0.2836226030407356, -0.3120004431571862, -0.3107355013684293, -0.01362128921456883, 0.0, -0.03884076929668437, -0.06075334353783359, 0.21578994380099237, 0.2665084749558943, 0.19414018729141477, 0.13517773048106446, 0.44715961242207913, 0.4973939246168836, 0.49739465121701576, 0.47223482377432435], [0.09997731084949145, -0.2531790555053321, -0.3902261677511019, -0.36294838703921717, -0.22673081194163722, -0.19266457556574057, -0.2447818337440513, -0.2731596738605019, -0.271894732071745, 0.025219480082115556, 0.03884076929668437, 0.0, -0.02191257424114923, 0.2546307130976768, 0.3053492442525788, 0.2329809565880992, 0.17401849977774883, 0.48600038171876364, 0.5362346939135676, 0.5362354205137, 0.5110755930710088], [0.12188988509064064, -0.23126648126418306, -0.3683135935099526, -0.3410358127980676, -0.20481823770048815, -0.17075200132459142, -0.22286925950290204, -0.25124709961935277, -0.2499821578305957, 0.04713205432326476, 0.06075334353783359, 0.02191257424114923, 0.0, 0.2765432873388258, 0.3272618184937279, 0.2548935308292485, 0.19593107401889806, 0.5079129559599127, 0.5581472681547169, 0.5581479947548491, 0.5329881673121579], [-0.1546534022481853, -0.507809768603009, -0.6448568808487785, -0.6175791001368935, -0.481361525039314, -0.44729528866341745, -0.4994125468417281, -0.5277903869581787, -0.5265254451694218, -0.22941123301556124, -0.21578994380099237, -0.2546307130976768, -0.2765432873388258, 0.0, 0.050718531154901984, -0.02164975650957757, -0.08061221331992796, 0.2313696686210867, 0.28160398081589116, 0.2816047074160234, 0.2564448799733318], [-0.20537193340308726, -0.558528299757911, -0.6955754120036809, -0.6682976312917956, -0.532080056194216, -0.4980138198183194, -0.5501310779966303, -0.5785089181130805, -0.5772439763243237, -0.2801297641704632, -0.2665084749558943, -0.3053492442525788, -0.3272618184937279, -0.050718531154901984, 0.0, -0.07236828766447957, -0.13133074447482998, 0.18065113746618466, 0.23088544966098903, 0.23088617626112135, 0.20572634881842994], [-0.13300364573860776, -0.4861600120934315, -0.623207124339201, -0.595929343627316, -0.4597117685297365, -0.4256455321538397, -0.47776279033215063, -0.5061406304486014, -0.5048756886598443, -0.20776147650598364, -0.19414018729141477, -0.2329809565880992, -0.2548935308292485, 0.02164975650957757, 0.07236828766447957, 0.0, -0.05896245681035039, 0.2530194251306643, 0.30325373732546873, 0.303254463925601, 0.2780946364829096], [-0.07404118892825735, -0.4271975552830811, -0.5642446675288508, -0.5369668868169658, -0.40074931171938616, -0.3666830753434895, -0.4188003335218, -0.4471781736382509, -0.44591323184949394, -0.1487990196956332, -0.13517773048106446, -0.17401849977774883, -0.19593107401889806, 0.08061221331992796, 0.13133074447482998, 0.05896245681035039, 0.0, 0.31198188194101456, 0.3622161941358189, 0.3622169207359514, 0.33705709329326], [-0.38602307086927207, -0.7391794372240957, -0.8762265494698657, -0.8489487687579801, -0.7127311936604014, -0.678664957284504, -0.7307822154628149, -0.7591600555792652, -0.7578951137905087, -0.46078090163664803, -0.44715961242207913, -0.48600038171876364, -0.5079129559599127, -0.2313696686210867, -0.18065113746618466, -0.2530194251306643, -0.31198188194101456, 0.0, 0.05023431219480441, 0.050235038794936716, 0.025075211352245264], [-0.4362573830640766, -0.7894137494189002, -0.9264608616646697, -0.8991830809527847, -0.7629655058552055, -0.7288992694793086, -0.7810165276576191, -0.8093943677740698, -0.8081294259853127, -0.5110152138314522, -0.4973939246168836, -0.5362346939135676, -0.5581472681547169, -0.28160398081589116, -0.23088544966098903, -0.30325373732546873, -0.3622161941358189, -0.05023431219480441, 0.0, 7.266001322940325e-07, -0.025159100842559165], [-0.43625810966420886, -0.7894144760190324, -0.9264615882648022, -0.899183807552917, -0.7629662324553371, -0.7288999960794404, -0.7810172542577515, -0.8093950943742024, -0.8081301525854453, -0.5110159404315845, -0.49739465121701576, -0.5362354205137, -0.5581479947548491, -0.2816047074160234, -0.23088617626112135, -0.303254463925601, -0.3622169207359514, -0.050235038794936716, -7.266001322940325e-07, 0.0, -0.025159827442691466], [-0.411098282221517, -0.764254648576341, -0.9013017608221108, -0.8740239801102254, -0.737806405012646, -0.7037401686367495, -0.75585742681506, -0.7842352669315108, -0.7829703251427539, -0.485856112988893, -0.47223482377432435, -0.5110755930710088, -0.5329881673121579, -0.2564448799733318, -0.20572634881842994, -0.2780946364829096, -0.33705709329326, -0.025075211352245264, 0.025159100842559165, 0.025159827442691466, 0.0]], [[0.0, 0.24260323733724903, 0.6594493282438973, 1.0044564696795617, 1.2018326044766516, 0.9696709416917116, 1.3687025820307956, 1.2434803392946299, 1.056752732655294, 0.9970082339475448, 1.3503521807752168, 1.1943817571726942, 1.002479849991905, 0.9899693457133618, 1.3288631695065043, 1.2028732977095478, 1.0361841693666967, 0.9562511439582084, 1.349338335639517, 1.60535406380657, 1.7967593543754454], [-0.24260323733724903, 0.0, 0.41684609090664826, 0.7618532323423122, 0.9592293671394024, 0.7270677043544624, 1.1260993446935457, 1.0008771019573814, 0.8141494953180454, 0.7544049966102949, 1.1077489434379675, 0.9517785198354451, 0.7598766126546562, 0.7473661083761124, 1.0862599321692554, 0.9602700603722987, 0.7935809320294477, 0.7136479066209591, 1.106735098302267, 1.3627508264693204, 1.5541561170381966], [-0.6594493282438973, -0.41684609090664826, 0.0, 0.34500714143566436, 0.5423832762327542, 0.31022161344781396, 0.7092532537868977, 0.5840310110507327, 0.3973034044113969, 0.33755890570364694, 0.6909028525313193, 0.5349324289287972, 0.34303052174800763, 0.3305200174694643, 0.6694138412626074, 0.5434239694656506, 0.3767348411227992, 0.29680181571431097, 0.689889007395619, 0.9459047355626723, 1.1373100261315483], [-1.0044564696795617, -0.7618532323423122, -0.34500714143566436, 0.0, 0.19737613479709012, -0.03478552798785008, 0.3642461123512334, 0.2390238696150686, 0.05229626297573286, -0.007448235732017396, 0.34589571109565526, 0.1899252874931331, -0.0019766196876563292, -0.014487123966199847, 0.32440669982694326, 0.1984168280299866, 0.031727699687135076, -0.048205325721353214, 0.344881865959955, 0.600897594127008, 0.7923028846958843], [-1.2018326044766516, -0.9592293671394024, -0.5423832762327542, -0.19737613479709012, 0.0, -0.23216166278494033, 0.16686997755414332, 0.0416477348179784, -0.14507987182135731, -0.20482437052910757, 0.14851957629856502, -0.00745084730395713, -0.1993527544847464, -0.21186325876328996, 0.1270305650298531, 0.001040693232896462, -0.16564843510995506, -0.24558146051844326, 0.14750573116286478, 0.403521459329918, 0.5949267498987943], [-0.9696709416917116, -0.7270677043544624, -0.31022161344781396, 0.03478552798785008, 0.23216166278494033, 0.0, 0.39903164033908384, 0.2738093976029186, 0.08708179096358293, 0.027337292255832667, 0.3806812390835054, 0.22471081548098307, 0.03280890830019373, 0.020298404021650215, 0.3591922278147932, 0.23320235601783657, 0.06651322767498515, -0.01341979773350314, 0.37966739394780497, 0.635683122114858, 0.8270884126837343], [-1.3687025820307956, -1.1260993446935457, -0.7092532537868977, -0.3642461123512334, -0.16686997755414332, -0.39903164033908384, 0.0, -0.12522224273616497, -0.31194984937550063, -0.37169434808325086, -0.018350401255578318, -0.17432082485810046, -0.36622273203889, -0.3787332363174334, -0.039839412524290296, -0.1658292843212469, -0.33251841266409843, -0.4124514380725867, -0.019364246391278574, 0.23665148177577472, 0.428056772344651], [-1.2434803392946299, -1.0008771019573814, -0.5840310110507327, -0.2390238696150686, -0.0416477348179784, -0.2738093976029186, 0.12522224273616497, 0.0, -0.18672760663933566, -0.24647210534708613, 0.1068718414805866, -0.04909858212193553, -0.24100048930272497, -0.2535109935812685, 0.08538283021187464, -0.04060704158508197, -0.2072961699279335, -0.2872291953364217, 0.10585799634488638, 0.36187372451193967, 0.5532790150808159], [-1.056752732655294, -0.8141494953180454, -0.3973034044113969, -0.05229626297573286, 0.14507987182135731, -0.08708179096358293, 0.31194984937550063, 0.18672760663933566, 0.0, -0.05974449870775025, 0.2935994481199223, 0.1376290245174001, -0.05427288266338918, -0.06678338694193271, 0.27211043685121017, 0.1461205650542538, -0.020568563288597776, -0.10050158869708606, 0.29258560298422204, 0.5486013311512752, 0.7400066217201519], [-0.9970082339475448, -0.7544049966102949, -0.33755890570364694, 0.007448235732017396, 0.20482437052910757, -0.027337292255832667, 0.37169434808325086, 0.24647210534708613, 0.05974449870775025, 0.0, 0.35334394682767256, 0.1973735232251504, 0.0054716160443610785, -0.007038888234182449, 0.3318549355589605, 0.20586506376200409, 0.03917593541915249, -0.0407570899893358, 0.35233010169197226, 0.6083458298590257, 0.7997511204279014], [-1.3503521807752168, -1.1077489434379675, -0.6909028525313193, -0.34589571109565526, -0.14851957629856502, -0.3806812390835054, 0.018350401255578318, -0.1068718414805866, -0.2935994481199223, -0.35334394682767256, 0.0, -0.15597042360252225, -0.3478723307833115, -0.3603828350618551, -0.021489011268711992, -0.14747888306566861, -0.3141680114085203, -0.39410103681700825, -0.0010138451357002583, 0.25500188303135307, 0.4464071736002293], [-1.1943817571726942, -0.9517785198354451, -0.5349324289287972, -0.1899252874931331, 0.00745084730395713, -0.22471081548098307, 0.17432082485810046, 0.04909858212193553, -0.1376290245174001, -0.1973735232251504, 0.15597042360252225, 0.0, -0.19190190718078942, -0.2044124114593329, 0.13448141233381017, 0.008491540536853595, -0.158197587805998, -0.23813061321448625, 0.1549565784668219, 0.41097230663387513, 0.6023775972027514], [-1.002479849991905, -0.7598766126546562, -0.34303052174800763, 0.0019766196876563292, 0.1993527544847464, -0.03280890830019373, 0.36622273203889, 0.24100048930272497, 0.05427288266338918, -0.0054716160443610785, 0.3478723307833115, 0.19190190718078942, 0.0, -0.012510504278543522, 0.3263833195145996, 0.20039344771764298, 0.03370431937479142, -0.046228706033696866, 0.34685848564761135, 0.6028742138146646, 0.7942795043835403], [-0.9899693457133618, -0.7473661083761124, -0.3305200174694643, 0.014487123966199847, 0.21186325876328996, -0.020298404021650215, 0.3787332363174334, 0.2535109935812685, 0.06678338694193271, 0.007038888234182449, 0.3603828350618551, 0.2044124114593329, 0.012510504278543522, 0.0, 0.33889382379314303, 0.21290395199618645, 0.04621482365333494, -0.03371820175515337, 0.3593689899261549, 0.6153847180932078, 0.8067900086620843], [-1.3288631695065043, -1.0862599321692554, -0.6694138412626074, -0.32440669982694326, -0.1270305650298531, -0.3591922278147932, 0.039839412524290296, -0.08538283021187464, -0.27211043685121017, -0.3318549355589605, 0.021489011268711992, -0.13448141233381017, -0.3263833195145996, -0.33889382379314303, 0.0, -0.12598987179695656, -0.2926790001398081, -0.37261202554829653, 0.02047516613301173, 0.27649089430006496, 0.46789618486894136], [-1.2028732977095478, -0.9602700603722987, -0.5434239694656506, -0.1984168280299866, -0.001040693232896462, -0.23320235601783657, 0.1658292843212469, 0.04060704158508197, -0.1461205650542538, -0.20586506376200409, 0.14747888306566861, -0.008491540536853595, -0.20039344771764298, -0.21290395199618645, 0.12598987179695656, 0.0, -0.1666891283428515, -0.2466221537513399, 0.1464650379299683, 0.40248076609702155, 0.5938860566658978], [-1.0361841693666967, -0.7935809320294477, -0.3767348411227992, -0.031727699687135076, 0.16564843510995506, -0.06651322767498515, 0.33251841266409843, 0.2072961699279335, 0.020568563288597776, -0.03917593541915249, 0.3141680114085203, 0.158197587805998, -0.03370431937479142, -0.04621482365333494, 0.2926790001398081, 0.1666891283428515, 0.0, -0.07993302540848829, 0.3131541662728199, 0.5691698944398729, 0.7605751850087491], [-0.9562511439582084, -0.7136479066209591, -0.29680181571431097, 0.048205325721353214, 0.24558146051844326, 0.01341979773350314, 0.4124514380725867, 0.2872291953364217, 0.10050158869708606, 0.0407570899893358, 0.39410103681700825, 0.23813061321448625, 0.046228706033696866, 0.03371820175515337, 0.37261202554829653, 0.2466221537513399, 0.07993302540848829, 0.0, 0.393087191681308, 0.6491029198483612, 0.8405082104172376], [-1.349338335639517, -1.106735098302267, -0.689889007395619, -0.344881865959955, -0.14750573116286478, -0.37966739394780497, 0.019364246391278574, -0.10585799634488638, -0.29258560298422204, -0.35233010169197226, 0.0010138451357002583, -0.1549565784668219, -0.34685848564761135, -0.3593689899261549, -0.02047516613301173, -0.1464650379299683, -0.3131541662728199, -0.393087191681308, 0.0, 0.2560157281670533, 0.4474210187359296], [-1.60535406380657, -1.3627508264693204, -0.9459047355626723, -0.600897594127008, -0.403521459329918, -0.635683122114858, -0.23665148177577472, -0.36187372451193967, -0.5486013311512752, -0.6083458298590257, -0.25500188303135307, -0.41097230663387513, -0.6028742138146646, -0.6153847180932078, -0.27649089430006496, -0.40248076609702155, -0.5691698944398729, -0.6491029198483612, -0.2560157281670533, 0.0, 0.19140529056887626], [-1.7967593543754454, -1.5541561170381966, -1.1373100261315483, -0.7923028846958843, -0.5949267498987943, -0.8270884126837343, -0.428056772344651, -0.5532790150808159, -0.7400066217201519, -0.7997511204279014, -0.4464071736002293, -0.6023775972027514, -0.7942795043835403, -0.8067900086620843, -0.46789618486894136, -0.5938860566658978, -0.7605751850087491, -0.8405082104172376, -0.4474210187359296, -0.19140529056887626, 0.0]]]