[[[0.0, -0.36819457031311775, -0.4218343866471963, -0.3423787832417647, -0.08795523760553152, -0.434943550907835, -0.5640869671564893, -0.5211395228331809, -0.47182092867370257, -0.21671604157942184, -0.28473699581710243, -0.25872978647801753, -0.25130542895625685, 0.006378728742617142, 0.012541779290215936, -0.019512871106586033, -0.03398154633225039, 0.21756918110913964, 0.23478584945753453, 0.2343819735318098, 0.23733708952182972], [0.36819457031311775, 0.0, -0.05363981633407854, 0.025815787071353173, 0.28023933270758616, -0.06674898059471736, -0.19589239684337156, -0.1529449525200631, -0.10362635836058459, 0.15147852873369602, 0.08345757449601543, 0.1094647838351003, 0.11688914135686103, 0.3745732990557351, 0.3807363496033336, 0.3486816992065318, 0.3342130239808674, 0.5857637514222575, 0.6029804197706523, 0.6025765438449276, 0.6055316598349473], [0.4218343866471963, 0.05363981633407854, 0.0, 0.07945560340543166, 0.3338791490416649, -0.013109164260638805, -0.14225258050929301, -0.09930513618598458, -0.04998654202650609, 0.20511834506777457, 0.1370973908300939, 0.16310460016917883, 0.17052895769093962, 0.4282131153898135, 0.4343761659374122, 0.4023215155406104, 0.3878528403149461, 0.639403567756336, 0.6566202361047307, 0.656216360179006, 0.6591714761690262], [0.3423787832417647, -0.025815787071353173, -0.07945560340543166, 0.0, 0.2544235456362332, -0.09256476766607052, -0.2217081839147248, -0.17876073959141628, -0.12944214543193777, 0.1256627416623428, 0.057641787424662264, 0.08364899676374712, 0.09107335428550785, 0.3487575119843818, 0.35492056253198057, 0.3228659121351785, 0.3083972369095143, 0.5599479643509045, 0.5771646326992993, 0.5767607567735744, 0.5797158727635943], [0.08795523760553152, -0.28023933270758616, -0.3338791490416649, -0.2544235456362332, 0.0, -0.3469883133023036, -0.4761317295509577, -0.4331842852276495, -0.38386569106817087, -0.1287608039738903, -0.1967817582115709, -0.17077454887248605, -0.16335019135072526, 0.09433396634814871, 0.10049701689574748, 0.0684423664989455, 0.053973691273281166, 0.30552441871467123, 0.32274108706306603, 0.32233721113734126, 0.3252923271273612], [0.434943550907835, 0.06674898059471736, 0.013109164260638805, 0.09256476766607052, 0.3469883133023036, 0.0, -0.12914341624865425, -0.08619597192534577, -0.036877377765867275, 0.21822750932841323, 0.15020655509073275, 0.17621376442981768, 0.18363812195157847, 0.44132227965045234, 0.44748533019805115, 0.41543067980124904, 0.40096200457558473, 0.6525127320169747, 0.6697294003653695, 0.6693255244396448, 0.6722806404296646], [0.5640869671564893, 0.19589239684337156, 0.14225258050929301, 0.2217081839147248, 0.4761317295509577, 0.12914341624865425, 0.0, 0.04294744432330847, 0.09226603848278694, 0.3473709255770675, 0.2793499713393869, 0.30535718067847173, 0.3127815382002325, 0.5704656958991067, 0.5766287464467051, 0.5445740960499034, 0.5301054208242391, 0.7816561482656291, 0.7988728166140239, 0.7984689406882992, 0.8014240566783194], [0.5211395228331809, 0.1529449525200631, 0.09930513618598458, 0.17876073959141628, 0.4331842852276495, 0.08619597192534577, -0.04294744432330847, 0.0, 0.049318594159478514, 0.3044234812537592, 0.23640252701607845, 0.26240973635516324, 0.26983409387692414, 0.5275182515757983, 0.533681302123397, 0.5016266517265948, 0.4871579765009307, 0.7387087039423206, 0.755925372290715, 0.7555214963649902, 0.7584766123550106], [0.47182092867370257, 0.10362635836058459, 0.04998654202650609, 0.12944214543193777, 0.38386569106817087, 0.036877377765867275, -0.09226603848278694, -0.049318594159478514, 0.0, 0.2551048870942806, 0.18708393285660005, 0.21309114219568492, 0.22051549971744555, 0.4781996574163196, 0.4843627079639185, 0.4523080575671166, 0.4378393823414521, 0.6893901097828419, 0.7066067781312367, 0.706202902205512, 0.7091580181955319], [0.21671604157942184, -0.15147852873369602, -0.20511834506777457, -0.1256627416623428, 0.1287608039738903, -0.21822750932841323, -0.3473709255770675, -0.3044234812537592, -0.2551048870942806, 0.0, -0.06802095423768059, -0.04201374489859571, -0.03458938737683494, 0.2230947703220389, 0.22925782086963778, 0.19720317047283584, 0.18273449524717145, 0.43428522268856157, 0.45150189103695626, 0.4510980151112316, 0.45405313110125173], [0.28473699581710243, -0.08345757449601543, -0.1370973908300939, -0.057641787424662264, 0.1967817582115709, -0.15020655509073275, -0.2793499713393869, -0.23640252701607845, -0.18708393285660005, 0.06802095423768059, 0.0, 0.026007209339084864, 0.03343156686084564, 0.2911157245597195, 0.2972787751073182, 0.26522412471051643, 0.2507554494848521, 0.5023061769262421, 0.5195228452746368, 0.5191189693489122, 0.5220740853389323], [0.25872978647801753, -0.1094647838351003, -0.16310460016917883, -0.08364899676374712, 0.17077454887248605, -0.17621376442981768, -0.30535718067847173, -0.26240973635516324, -0.21309114219568492, 0.04201374489859571, -0.026007209339084864, 0.0, 0.007424357521760778, 0.2651085152206348, 0.27127156576823336, 0.23921691537143158, 0.22474824014576725, 0.4762989675871573, 0.493515635935552, 0.49311176000982726, 0.49606687599984717], [0.25130542895625685, -0.11688914135686103, -0.17052895769093962, -0.09107335428550785, 0.16335019135072526, -0.18363812195157847, -0.3127815382002325, -0.26983409387692414, -0.22051549971744555, 0.03458938737683494, -0.03343156686084564, -0.007424357521760778, 0.0, 0.25768415769887393, 0.2638472082464728, 0.23179255784967082, 0.21732388262400634, 0.4688746100653964, 0.48609127841379135, 0.4856874024880666, 0.48864251847808654], [-0.006378728742617142, -0.3745732990557351, -0.4282131153898135, -0.3487575119843818, -0.09433396634814871, -0.44132227965045234, -0.5704656958991067, -0.5275182515757983, -0.4781996574163196, -0.2230947703220389, -0.2911157245597195, -0.2651085152206348, -0.25768415769887393, 0.0, 0.006163050547598795, -0.025891599849203178, -0.04036027507486753, 0.21119045236652256, 0.2284071207149173, 0.22800324478919257, 0.23095836077921258], [-0.012541779290215936, -0.3807363496033336, -0.4343761659374122, -0.35492056253198057, -0.10049701689574748, -0.44748533019805115, -0.5766287464467051, -0.533681302123397, -0.4843627079639185, -0.22925782086963778, -0.2972787751073182, -0.27127156576823336, -0.2638472082464728, -0.006163050547598795, 0.0, -0.03205465039680197, -0.04652332562246631, 0.20502740181892365, 0.22224407016731862, 0.22184019424159382, 0.22479531023161392], [0.019512871106586033, -0.3486816992065318, -0.4023215155406104, -0.3228659121351785, -0.0684423664989455, -0.41543067980124904, -0.5445740960499034, -0.5016266517265948, -0.4523080575671166, -0.19720317047283584, -0.26522412471051643, -0.23921691537143158, -0.23179255784967082, 0.025891599849203178, 0.03205465039680197, 0.0, -0.014468675225664345, 0.23708205221572573, 0.2542987205641205, 0.2538948446383958, 0.2568499606284158], [0.03398154633225039, -0.3342130239808674, -0.3878528403149461, -0.3083972369095143, -0.053973691273281166, -0.40096200457558473, -0.5301054208242391, -0.4871579765009307, -0.4378393823414521, -0.18273449524717145, -0.2507554494848521, -0.22474824014576725, -0.21732388262400634, 0.04036027507486753, 0.04652332562246631, 0.014468675225664345, 0.0, 0.25155072744138995, 0.2687673957897848, 0.2683635198640602, 0.27131863585408017], [-0.21756918110913964, -0.5857637514222575, -0.639403567756336, -0.5599479643509045, -0.30552441871467123, -0.6525127320169747, -0.7816561482656291, -0.7387087039423206, -0.6893901097828419, -0.43428522268856157, -0.5023061769262421, -0.4762989675871573, -0.4688746100653964, -0.21119045236652256, -0.20502740181892365, -0.23708205221572573, -0.25155072744138995, 0.0, 0.017216668348394793, 0.016812792422670086, 0.01976790841269008], [-0.23478584945753453, -0.6029804197706523, -0.6566202361047307, -0.5771646326992993, -0.32274108706306603, -0.6697294003653695, -0.7988728166140239, -0.755925372290715, -0.7066067781312367, -0.45150189103695626, -0.5195228452746368, -0.493515635935552, -0.48609127841379135, -0.2284071207149173, -0.22224407016731862, -0.2542987205641205, -0.2687673957897848, -0.017216668348394793, 0.0, -0.000403875925724704, 0.002551240064295274], [-0.2343819735318098, -0.6025765438449276, -0.656216360179006, -0.5767607567735744, -0.32233721113734126, -0.6693255244396448, -0.7984689406882992, -0.7555214963649902, -0.706202902205512, -0.4510980151112316, -0.5191189693489122, -0.49311176000982726, -0.4856874024880666, -0.22800324478919257, -0.22184019424159382, -0.2538948446383958, -0.2683635198640602, -0.016812792422670086, 0.000403875925724704, 0.0, 0.0029551159900199843], [-0.23733708952182972, -0.6055316598349473, -0.6591714761690262, -0.5797158727635943, -0.3252923271273612, -0.6722806404296646, -0.8014240566783194, -0.7584766123550106, -0.7091580181955319, -0.45405313110125173, -0.5220740853389323, -0.49606687599984717, -0.48864251847808654, -0.23095836077921258, -0.22479531023161392, -0.2568499606284158, -0.27131863585408017, -0.01976790841269008, -0.002551240064295274, -0.0029551159900199843, 0.0]], [[0.0, 0.32593322433900035, 0.7001859150078625, 1.004550128987998, 1.0492428415626944, 0.9107342797467781, 1.2489692156073433, 1.1912390020331294, 1.1178053346342984, 0.9760465115265018, 1.3588603629222027, 1.1876431272497776, 1.071164488532365, 1.0186573139428687, 1.3444393003297666, 1.1339562440952766, 0.9574564209158525, 1.0401428650958395, 1.3698812366668114, 1.4409669273945824, 1.47314958835765], [-0.32593322433900035, 0.0, 0.37425269066886285, 0.6786169046489969, 0.7233096172236947, 0.5848010554077778, 0.923035991268343, 0.8653057776941294, 0.7918721102952985, 0.6501132871875015, 1.0329271385832026, 0.8617099029107783, 0.7452312641933644, 0.6927240896038689, 1.0185060759907665, 0.8080230197562769, 0.6315231965768523, 0.7142096407568387, 1.0439480123278113, 1.115033703055582, 1.1472163640186503], [-0.7001859150078625, -0.37425269066886285, 0.0, 0.3043642139801341, 0.3490569265548317, 0.2105483647389152, 0.5487833005994803, 0.4910530870252669, 0.41761941962643545, 0.27586059651863887, 0.6586744479143395, 0.4874572122419153, 0.3709785735245019, 0.3184713989350061, 0.6442533853219033, 0.4337703290874142, 0.2572705059079896, 0.33995695008797655, 0.6696953216589487, 0.7407810123867198, 0.7729636733497881], [-1.004550128987998, -0.6786169046489969, -0.3043642139801341, 0.0, 0.04469271257469734, -0.0938158492412192, 0.24441908661934633, 0.18668887304513238, 0.1132552056463011, -0.028503617461495438, 0.3543102339342053, 0.18309299826178094, 0.06661435954436758, 0.014107184954871836, 0.3398891713417691, 0.12940611510727987, -0.04709370807214479, 0.035592736107842186, 0.36533110767881477, 0.43641679840658504, 0.4685994593696535], [-1.0492428415626944, -0.7233096172236947, -0.3490569265548317, -0.04469271257469734, 0.0, -0.1385085618159166, 0.1997263740446489, 0.14199616047043512, 0.06856249307160374, -0.07319633003619275, 0.30961752135950776, 0.13840028568708354, 0.021921646969670246, -0.030585527619825487, 0.2951964587670717, 0.0847134025325825, -0.09178642064684217, -0.00909997646685516, 0.32063839510411735, 0.3917240858318878, 0.42390674679495655], [-0.9107342797467781, -0.5848010554077778, -0.2105483647389152, 0.0938158492412192, 0.1385085618159166, 0.0, 0.3382349358605654, 0.2805047222863516, 0.20707105488752034, 0.06531223177972378, 0.4481260831754244, 0.2769088475030002, 0.16043020878558675, 0.1079230341960911, 0.4337050205829885, 0.22322196434849903, 0.04672214116907439, 0.12940858534906138, 0.4591469569200338, 0.5302326476478042, 0.5624153086108731], [-1.2489692156073433, -0.923035991268343, -0.5487833005994803, -0.24441908661934633, -0.1997263740446489, -0.3382349358605654, 0.0, -0.057730213574213804, -0.13116388097304513, -0.2729227040808416, 0.10989114731485916, -0.06132608835756529, -0.17780472707497863, -0.23031190166447435, 0.09547008472242297, -0.11501297151206626, -0.29151279469149083, -0.20882635051150392, 0.12091202105946863, 0.19199771178723885, 0.22418037275030755], [-1.1912390020331294, -0.8653057776941294, -0.4910530870252669, -0.18668887304513238, -0.14199616047043512, -0.2805047222863516, 0.057730213574213804, 0.0, -0.07343366739883135, -0.21519249050662792, 0.1676213608890729, -0.0035958747833515136, -0.1200745135007648, -0.17258168809026064, 0.1532002982966368, -0.05728275793785254, -0.23378258111727715, -0.15109613693729024, 0.17864223463368234, 0.2497279253614526, 0.2819105863245214], [-1.1178053346342984, -0.7918721102952985, -0.41761941962643545, -0.1132552056463011, -0.06856249307160374, -0.20707105488752034, 0.13116388097304513, 0.07343366739883135, 0.0, -0.1417588231077965, 0.24105502828790418, 0.06983779261547983, -0.04664084610193351, -0.09914802069142926, 0.2266339656954681, 0.0161509094609788, -0.1603489137184459, -0.07766246953845889, 0.25207590203251384, 0.323161592760284, 0.35534425372335277], [-0.9760465115265018, -0.6501132871875015, -0.27586059651863887, 0.028503617461495438, 0.07319633003619275, -0.06531223177972378, 0.2729227040808416, 0.21519249050662792, 0.1417588231077965, 0.0, 0.3828138513957006, 0.21159661572327637, 0.095117977005863, 0.04261080241636727, 0.36839278880326454, 0.15790973256877533, -0.018590090610649375, 0.06409635356933759, 0.39383472514031026, 0.4649204158680804, 0.4971030768311489], [-1.3588603629222027, -1.0329271385832026, -0.6586744479143395, -0.3543102339342053, -0.30961752135950776, -0.4481260831754244, -0.10989114731485916, -0.1676213608890729, -0.24105502828790418, -0.3828138513957006, 0.0, -0.17121723567242444, -0.2876958743898377, -0.34020304897933346, -0.014421062592436135, -0.22490411882692546, -0.4014039420063502, -0.31871749782636305, 0.011020873744609479, 0.08210656447237975, 0.11428922543544844], [-1.1876431272497776, -0.8617099029107783, -0.4874572122419153, -0.18309299826178094, -0.13840028568708354, -0.2769088475030002, 0.06132608835756529, 0.0035958747833515136, -0.06983779261547983, -0.21159661572327637, 0.17121723567242444, 0.0, -0.1164786387174134, -0.168985813306909, 0.15679617307998825, -0.053686883154501014, -0.2301867063339257, -0.14750026215393877, 0.18223810941703392, 0.25332380014480416, 0.2855064611078728], [-1.071164488532365, -0.7452312641933644, -0.3709785735245019, -0.06661435954436758, -0.021921646969670246, -0.16043020878558675, 0.17780472707497863, 0.1200745135007648, 0.04664084610193351, -0.095117977005863, 0.2876958743898377, 0.1164786387174134, 0.0, -0.05250717458949573, 0.2732748117974016, 0.0627917555629123, -0.11370806761651239, -0.03102162343652539, 0.29871674813444715, 0.3698024388622175, 0.40198509982528635], [-1.0186573139428687, -0.6927240896038689, -0.3184713989350061, -0.014107184954871836, 0.030585527619825487, -0.1079230341960911, 0.23031190166447435, 0.17258168809026064, 0.09914802069142926, -0.04261080241636727, 0.34020304897933346, 0.168985813306909, 0.05250717458949573, 0.0, 0.32578198638689726, 0.115298930152408, -0.06120089302701664, 0.02148555115297032, 0.35122392272394287, 0.42230961345171314, 0.45449227441478185], [-1.3444393003297666, -1.0185060759907665, -0.6442533853219033, -0.3398891713417691, -0.2951964587670717, -0.4337050205829885, -0.09547008472242297, -0.1532002982966368, -0.2266339656954681, -0.36839278880326454, 0.014421062592436135, -0.15679617307998825, -0.2732748117974016, -0.32578198638689726, 0.0, -0.2104830562344892, -0.386982879413914, -0.304296435233927, 0.025441936337045615, 0.09652762706481577, 0.1287102880278845], [-1.1339562440952766, -0.8080230197562769, -0.4337703290874142, -0.12940611510727987, -0.0847134025325825, -0.22322196434849903, 0.11501297151206626, 0.05728275793785254, -0.0161509094609788, -0.15790973256877533, 0.22490411882692546, 0.053686883154501014, -0.0627917555629123, -0.115298930152408, 0.2104830562344892, 0.0, -0.17649982317942467, -0.09381337899943773, 0.23592499257153499, 0.3070106832993051, 0.3391933442623738], [-0.9574564209158525, -0.6315231965768523, -0.2572705059079896, 0.04709370807214479, 0.09178642064684217, -0.04672214116907439, 0.29151279469149083, 0.23378258111727715, 0.1603489137184459, 0.018590090610649375, 0.4014039420063502, 0.2301867063339257, 0.11370806761651239, 0.06120089302701664, 0.386982879413914, 0.17649982317942467, 0.0, 0.082686444179987, 0.4124248157509596, 0.4835105064787299, 0.5156931674417983], [-1.0401428650958395, -0.7142096407568387, -0.33995695008797655, -0.035592736107842186, 0.00909997646685516, -0.12940858534906138, 0.20882635051150392, 0.15109613693729024, 0.07766246953845889, -0.06409635356933759, 0.31871749782636305, 0.14750026215393877, 0.03102162343652539, -0.02148555115297032, 0.304296435233927, 0.09381337899943773, -0.082686444179987, 0.0, 0.32973837157097263, 0.4008240622987429, 0.43300672326181144], [-1.3698812366668114, -1.0439480123278113, -0.6696953216589487, -0.36533110767881477, -0.32063839510411735, -0.4591469569200338, -0.12091202105946863, -0.17864223463368234, -0.25207590203251384, -0.39383472514031026, -0.011020873744609479, -0.18223810941703392, -0.29871674813444715, -0.35122392272394287, -0.025441936337045615, -0.23592499257153499, -0.4124248157509596, -0.32973837157097263, 0.0, 0.07108569072777017, 0.10326835169083895], [-1.4409669273945824, -1.115033703055582, -0.7407810123867198, -0.43641679840658504, -0.3917240858318878, -0.5302326476478042, -0.19199771178723885, -0.2497279253614526, -0.323161592760284, -0.4649204158680804, -0.08210656447237975, -0.25332380014480416, -0.3698024388622175, -0.42230961345171314, -0.09652762706481577, -0.3070106832993051, -0.4835105064787299, -0.4008240622987429, -0.07108569072777017, 0.0, 0.03218266096306873], [-1.47314958835765, -1.1472163640186503, -0.7729636733497881, -0.4685994593696535, -0.42390674679495655, -0.5624153086108731, -0.22418037275030755, -0.2819105863245214, -0.35534425372335277, -0.4971030768311489, -0.11428922543544844, -0.2855064611078728, -0.40198509982528635, -0.45449227441478185, -0.1287102880278845, -0.3391933442623738, -0.5156931674417983, -0.43300672326181144, -0.10326835169083895, -0.03218266096306873, 0.0]]]