[[[0.0, -0.3078089529911604, -0.4215413336297654, -0.3945793691103593, -0.2838589400668231, -0.37429493247381457, -0.4673965175087426, -0.5023341729059486, -0.49590368151218067, -0.18073050673578436, -0.2021065693189004, -0.23755806833697868, -0.2502937147707638, 0.030993659716969817, 0.05272984483320297, 0.008793118668187758, -0.018488511110722406, 0.2508822351985495, 0.3217516471447682, 0.341080894726875, 0.3472741492914728], [0.3078089529911604, 0.0, -0.11373238063860476, -0.08677041611919893, 0.023950012924337613, -0.06648597948265411, -0.15958756451758213, -0.19452521991478786, -0.18809472852102033, 0.12707844625537626, 0.10570238367226029, 0.07025088465418193, 0.05751523822039675, 0.3388026127081305, 0.3605387978243636, 0.3166020716593484, 0.28932044188043815, 0.5586911881897099, 0.6295606001359286, 0.6488898477180354, 0.6550831022826332], [0.4215413336297654, 0.11373238063860476, 0.0, 0.026961964519405846, 0.13768239356294237, 0.04724640115595065, -0.04585518387897738, -0.08079283927618314, -0.07436234788241554, 0.24081082689398106, 0.21943476431086506, 0.18398326529278666, 0.1712476188590015, 0.4525349933467353, 0.47427117846296846, 0.430334452297953, 0.403052822519043, 0.6724235688283149, 0.7432929807745334, 0.7626222283566405, 0.7688154829212378], [0.3945793691103593, 0.08677041611919893, -0.026961964519405846, 0.0, 0.11072042904353653, 0.020284436636544823, -0.07281714839838323, -0.10775480379558892, -0.10132431240182135, 0.21384886237457507, 0.19247279979145912, 0.15702130077338083, 0.14428565433959573, 0.42557302882732934, 0.4473092139435625, 0.4033724877785472, 0.3760908579996373, 0.6454616043089088, 0.7163310162551275, 0.7356602638372352, 0.7418535184018323], [0.2838589400668231, -0.023950012924337613, -0.13768239356294237, -0.11072042904353653, 0.0, -0.09043599240699172, -0.18353757744191973, -0.2184752328391255, -0.21204474144535784, 0.10312843333103866, 0.08175237074792266, 0.04630087172984432, 0.03356522529605912, 0.3148525997837927, 0.3365887849000259, 0.2926520587350109, 0.26537042895610047, 0.5347411752653725, 0.605610587211591, 0.6249398347936981, 0.6311330893582958], [0.37429493247381457, 0.06648597948265411, -0.04724640115595065, -0.020284436636544823, 0.09043599240699172, 0.0, -0.09310158503492805, -0.1280392404321338, -0.12160874903836622, 0.19356442573803034, 0.1721883631549144, 0.13673686413683597, 0.12400121770305086, 0.4052885921907847, 0.4270247773070176, 0.3830880511420024, 0.3558064213630924, 0.6251771676723643, 0.6960465796185829, 0.7153758272006896, 0.7215690817652873], [0.4673965175087426, 0.15958756451758213, 0.04585518387897738, 0.07281714839838323, 0.18353757744191973, 0.09310158503492805, 0.0, -0.03493765539720573, -0.028507164003438164, 0.2866660107729583, 0.26528994818984253, 0.22983844917176413, 0.2171028027379789, 0.49839017722571244, 0.5201263623419455, 0.4761896361769306, 0.4489080063980203, 0.7182787527072928, 0.7891481646535109, 0.8084774122356175, 0.8146706668002153], [0.5023341729059486, 0.19452521991478786, 0.08079283927618314, 0.10775480379558892, 0.2184752328391255, 0.1280392404321338, 0.03493765539720573, 0.0, 0.006430491393767562, 0.32160366617016417, 0.3002276035870481, 0.2647761045689698, 0.2520404581351846, 0.5333278326229184, 0.555064017739151, 0.5111272915741363, 0.48384566179522615, 0.7532164081044977, 0.8240858200507164, 0.8434150676328236, 0.8496083221974213], [0.49590368151218067, 0.18809472852102033, 0.07436234788241554, 0.10132431240182135, 0.21204474144535784, 0.12160874903836622, 0.028507164003438164, -0.006430491393767562, 0.0, 0.3151731747763966, 0.29379711219328064, 0.2583456131752023, 0.24560996674141702, 0.5268973412291507, 0.5486335263453835, 0.5046968001803687, 0.47741517040145853, 0.7467859167107305, 0.8176553286569495, 0.836984576239056, 0.8431778308036536], [0.18073050673578436, -0.12707844625537626, -0.24081082689398106, -0.21384886237457507, -0.10312843333103866, -0.19356442573803034, -0.2866660107729583, -0.32160366617016417, -0.3151731747763966, 0.0, -0.021376062583115953, -0.05682756160119434, -0.06956320803497949, 0.21172416645275421, 0.23346035156898734, 0.18952362540397208, 0.16224199562506197, 0.4316127419343338, 0.5024821538805525, 0.5218114014626591, 0.528004656027257], [0.2021065693189004, -0.10570238367226029, -0.21943476431086506, -0.19247279979145912, -0.08175237074792266, -0.1721883631549144, -0.26528994818984253, -0.3002276035870481, -0.29379711219328064, 0.021376062583115953, 0.0, -0.03545149901807837, -0.04818714545186354, 0.23310022903587016, 0.2548364141521033, 0.21089968798708825, 0.18361805820817786, 0.4529888045174498, 0.5238582164636684, 0.5431874640457751, 0.5493807186103729], [0.23755806833697868, -0.07025088465418193, -0.18398326529278666, -0.15702130077338083, -0.04630087172984432, -0.13673686413683597, -0.22983844917176413, -0.2647761045689698, -0.2583456131752023, 0.05682756160119434, 0.03545149901807837, 0.0, -0.012735646433785186, 0.26855172805394845, 0.29028791317018154, 0.2463511870051665, 0.2190695572262563, 0.4884403035355281, 0.5593097154817466, 0.5786389630638534, 0.5848322176284513], [0.2502937147707638, -0.05751523822039675, -0.1712476188590015, -0.14428565433959573, -0.03356522529605912, -0.12400121770305086, -0.2171028027379789, -0.2520404581351846, -0.24560996674141702, 0.06956320803497949, 0.04818714545186354, 0.012735646433785186, 0.0, 0.2812873744877336, 0.3030235596039669, 0.25908683343895156, 0.2318052036600414, 0.5011759499693134, 0.5720453619155318, 0.5913746094976388, 0.5975678640622364], [-0.030993659716969817, -0.3388026127081305, -0.4525349933467353, -0.42557302882732934, -0.3148525997837927, -0.4052885921907847, -0.49839017722571244, -0.5333278326229184, -0.5268973412291507, -0.21172416645275421, -0.23310022903587016, -0.26855172805394845, -0.2812873744877336, 0.0, 0.021736185116233167, -0.02220054104878203, -0.04948217082769216, 0.21988857548157967, 0.2907579874277983, 0.31008723500990504, 0.31628048957450294], [-0.05272984483320297, -0.3605387978243636, -0.47427117846296846, -0.4473092139435625, -0.3365887849000259, -0.4270247773070176, -0.5201263623419455, -0.555064017739151, -0.5486335263453835, -0.23346035156898734, -0.2548364141521033, -0.29028791317018154, -0.3030235596039669, -0.021736185116233167, 0.0, -0.043936726165015205, -0.07121835594392537, 0.1981523903653466, 0.2690218023115652, 0.2883510498936719, 0.2945443044582696], [-0.008793118668187758, -0.3166020716593484, -0.430334452297953, -0.4033724877785472, -0.2926520587350109, -0.3830880511420024, -0.4761896361769306, -0.5111272915741363, -0.5046968001803687, -0.18952362540397208, -0.21089968798708825, -0.2463511870051665, -0.25908683343895156, 0.02220054104878203, 0.043936726165015205, 0.0, -0.027281629778910167, 0.24208911653036175, 0.3129585284765803, 0.3322877760586872, 0.3384810306232851], [0.018488511110722406, -0.28932044188043815, -0.403052822519043, -0.3760908579996373, -0.26537042895610047, -0.3558064213630924, -0.4489080063980203, -0.48384566179522615, -0.47741517040145853, -0.16224199562506197, -0.18361805820817786, -0.2190695572262563, -0.2318052036600414, 0.04948217082769216, 0.07121835594392537, 0.027281629778910167, 0.0, 0.26937074630927194, 0.3402401582554906, 0.35956940583759733, 0.36576266040219524], [-0.2508822351985495, -0.5586911881897099, -0.6724235688283149, -0.6454616043089088, -0.5347411752653725, -0.6251771676723643, -0.7182787527072928, -0.7532164081044977, -0.7467859167107305, -0.4316127419343338, -0.4529888045174498, -0.4884403035355281, -0.5011759499693134, -0.21988857548157967, -0.1981523903653466, -0.24208911653036175, -0.26937074630927194, 0.0, 0.07086941194621856, 0.09019865952832543, 0.09639191409292326], [-0.3217516471447682, -0.6295606001359286, -0.7432929807745334, -0.7163310162551275, -0.605610587211591, -0.6960465796185829, -0.7891481646535109, -0.8240858200507164, -0.8176553286569495, -0.5024821538805525, -0.5238582164636684, -0.5593097154817466, -0.5720453619155318, -0.2907579874277983, -0.2690218023115652, -0.3129585284765803, -0.3402401582554906, -0.07086941194621856, 0.0, 0.019329247582106846, 0.025522502146704665], [-0.341080894726875, -0.6488898477180354, -0.7626222283566405, -0.7356602638372352, -0.6249398347936981, -0.7153758272006896, -0.8084774122356175, -0.8434150676328236, -0.836984576239056, -0.5218114014626591, -0.5431874640457751, -0.5786389630638534, -0.5913746094976388, -0.31008723500990504, -0.2883510498936719, -0.3322877760586872, -0.35956940583759733, -0.09019865952832543, -0.019329247582106846, 0.0, 0.006193254564597813], [-0.3472741492914728, -0.6550831022826332, -0.7688154829212378, -0.7418535184018323, -0.6311330893582958, -0.7215690817652873, -0.8146706668002153, -0.8496083221974213, -0.8431778308036536, -0.528004656027257, -0.5493807186103729, -0.5848322176284513, -0.5975678640622364, -0.31628048957450294, -0.2945443044582696, -0.3384810306232851, -0.36576266040219524, -0.09639191409292326, -0.025522502146704665, -0.006193254564597813, 0.0]], [[0.0, 0.26093897345589345, 0.6015013407848262, 0.8825058869069292, 1.0521391861743645, 0.9348594822827347, 1.2809389183396538, 1.1971655018470977, 1.0518434527245082, 0.9833286509407934, 1.3288204404038684, 1.2274166031303615, 1.0843204200904637, 0.9866943489637263, 1.3229773480832219, 1.251196301278331, 1.1317399276317526, 0.9470328818093301, 1.3104057852913014, 1.5393766134426452, 1.7148981171896798], [-0.26093897345589345, 0.0, 0.3405623673289329, 0.6215669134510357, 0.7912002127184716, 0.6739205088268408, 1.0199999448837611, 0.9362265283912048, 0.7909044792686143, 0.7223896774848997, 1.0678814669479748, 0.9664776296744687, 0.8233814466345699, 0.7257553755078331, 1.0620383746273283, 0.9902573278224384, 0.8708009541758596, 0.6860939083534364, 1.0494668118354071, 1.2784376399867516, 1.4539591437337862], [-0.6015013407848262, -0.3405623673289329, 0.0, 0.2810045461221032, 0.45063784538953877, 0.33335814149790827, 0.6794375775548279, 0.5956641610622719, 0.4503421119396817, 0.38182731015596666, 0.7273190996190424, 0.625915262345536, 0.48281907930563717, 0.3851930081789004, 0.7214760072983956, 0.6496949604935053, 0.5302385868469265, 0.3455315410245033, 0.7089044445064746, 0.9378752726578198, 1.1133967764048536], [-0.8825058869069292, -0.6215669134510357, -0.2810045461221032, 0.0, 0.16963329926743553, 0.05235359537580503, 0.39843303143272485, 0.31465961494016875, 0.16933756581757828, 0.10082276403386337, 0.4463145534969392, 0.34491071622343256, 0.20181453318353396, 0.10418846205679716, 0.4404714611762921, 0.36869041437140204, 0.24923404072482355, 0.06452699490240012, 0.42789989838437154, 0.6568707265357162, 0.8323922302827501], [-1.0521391861743645, -0.7912002127184716, -0.45063784538953877, -0.16963329926743553, 0.0, -0.11727970389163053, 0.22879973216528945, 0.14502631567273316, -0.000295733449857212, -0.06881053523357215, 0.2766812542295036, 0.17527741695599722, 0.03218123391609848, -0.06544483721063835, 0.2708381619088565, 0.19905711510396656, 0.0796007414573881, -0.10510630436503542, 0.2582665991169359, 0.4872374272682806, 0.6627589310153148], [-0.9348594822827347, -0.6739205088268408, -0.33335814149790827, -0.05235359537580503, 0.11727970389163053, 0.0, 0.34607943605691993, 0.2623060195643636, 0.11698397044177332, 0.04846916865805835, 0.39396095812113424, 0.29255712084762764, 0.14946093780772896, 0.05183486668099218, 0.3881178658004872, 0.3163368189955971, 0.19688044534901866, 0.012173399526595123, 0.3755463030085664, 0.6045171311599108, 0.7800386349069452], [-1.2809389183396538, -1.0199999448837611, -0.6794375775548279, -0.39843303143272485, -0.22879973216528945, -0.34607943605691993, 0.0, -0.08377341649255618, -0.22909546561514665, -0.29761026739886154, 0.04788152206421428, -0.05352231520929224, -0.19661849824919087, -0.2942445693759277, 0.042038429743567106, -0.029742617061322783, -0.14919899070790127, -0.3339060365303248, 0.02946686695164653, 0.2584376951029913, 0.4339591988500255], [-1.1971655018470977, -0.9362265283912048, -0.5956641610622719, -0.31465961494016875, -0.14502631567273316, -0.2623060195643636, 0.08377341649255618, 0.0, -0.14532204912259036, -0.21383685090630528, 0.1316549385567705, 0.03025110128326399, -0.1128450817566347, -0.21047115288337154, 0.1258118462361233, 0.054030799431233435, -0.06542557421534509, -0.2501326200377686, 0.11324028344420276, 0.34221111159554746, 0.5177326153425814], [-1.0518434527245082, -0.7909044792686143, -0.4503421119396817, -0.16933756581757828, 0.000295733449857212, -0.11698397044177332, 0.22909546561514665, 0.14532204912259036, 0.0, -0.06851480178371495, 0.276976987679361, 0.17557315040585444, 0.032476967365955706, -0.06514910376078113, 0.27113389535871374, 0.19935284855382382, 0.07989647490724533, -0.10481057091517812, 0.25856233256679323, 0.4875331607181378, 0.6630546644651719], [-0.9833286509407934, -0.7223896774848997, -0.38182731015596666, -0.10082276403386337, 0.06881053523357215, -0.04846916865805835, 0.29761026739886154, 0.21383685090630528, 0.06851480178371495, 0.0, 0.3454917894630759, 0.24408795218956927, 0.10099176914967063, 0.003365698022933812, 0.3396486971424287, 0.2678676503375388, 0.14841127669096024, -0.03629576913146322, 0.3270771343505081, 0.5560479625018528, 0.7315694662488872], [-1.3288204404038684, -1.0678814669479748, -0.7273190996190424, -0.4463145534969392, -0.2766812542295036, -0.39396095812113424, -0.04788152206421428, -0.1316549385567705, -0.276976987679361, -0.3454917894630759, 0.0, -0.10140383727350652, -0.24450002031340531, -0.3421260914401422, -0.005843092320647172, -0.07762413912553709, -0.19708051277211552, -0.38178755859453906, -0.018414655112567773, 0.21055617303877702, 0.3860776767858111], [-1.2274166031303615, -0.9664776296744687, -0.625915262345536, -0.34491071622343256, -0.17527741695599722, -0.29255712084762764, 0.05352231520929224, -0.03025110128326399, -0.17557315040585444, -0.24408795218956927, 0.10140383727350652, 0.0, -0.14309618303989863, -0.2407222541666355, 0.09556074495285931, 0.02377969814796944, -0.0956766754986091, -0.28038372132103256, 0.08298918216093877, 0.3119600103122835, 0.48748151405931744], [-1.0843204200904637, -0.8233814466345699, -0.48281907930563717, -0.20181453318353396, -0.03218123391609848, -0.14946093780772896, 0.19661849824919087, 0.1128450817566347, -0.032476967365955706, -0.10099176914967063, 0.24450002031340531, 0.14309618303989863, 0.0, -0.0976260711267368, 0.23865692799275798, 0.16687588118786817, 0.047419507541289624, -0.13728753828113388, 0.22608536520083755, 0.4550561933521825, 0.6305776970992164], [-0.9866943489637263, -0.7257553755078331, -0.3851930081789004, -0.10418846205679716, 0.06544483721063835, -0.05183486668099218, 0.2942445693759277, 0.21047115288337154, 0.06514910376078113, -0.003365698022933812, 0.3421260914401422, 0.2407222541666355, 0.0976260711267368, 0.0, 0.33628299911949483, 0.2645019523146049, 0.1450455786680264, -0.03966146715439704, 0.3237114363275742, 0.5526822644789188, 0.7282037682259529], [-1.3229773480832219, -1.0620383746273283, -0.7214760072983956, -0.4404714611762921, -0.2708381619088565, -0.3881178658004872, -0.042038429743567106, -0.1258118462361233, -0.27113389535871374, -0.3396486971424287, 0.005843092320647172, -0.09556074495285931, -0.23865692799275798, -0.33628299911949483, 0.0, -0.07178104680488989, -0.1912374204514685, -0.3759444662738918, -0.012571562791920586, 0.21639926535942422, 0.3919207691064582], [-1.251196301278331, -0.9902573278224384, -0.6496949604935053, -0.36869041437140204, -0.19905711510396656, -0.3163368189955971, 0.029742617061322783, -0.054030799431233435, -0.19935284855382382, -0.2678676503375388, 0.07762413912553709, -0.02377969814796944, -0.16687588118786817, -0.2645019523146049, 0.07178104680488989, 0.0, -0.11945637364657849, -0.30416341946900194, 0.05920948401296932, 0.28818031216431406, 0.46370181591134796], [-1.1317399276317526, -0.8708009541758596, -0.5302385868469265, -0.24923404072482355, -0.0796007414573881, -0.19688044534901866, 0.14919899070790127, 0.06542557421534509, -0.07989647490724533, -0.14841127669096024, 0.19708051277211552, 0.0956766754986091, -0.047419507541289624, -0.1450455786680264, 0.1912374204514685, 0.11945637364657849, 0.0, -0.18470704582242345, 0.17866585765954787, 0.4076366858108924, 0.5831581895579265], [-0.9470328818093301, -0.6860939083534364, -0.3455315410245033, -0.06452699490240012, 0.10510630436503542, -0.012173399526595123, 0.3339060365303248, 0.2501326200377686, 0.10481057091517812, 0.03629576913146322, 0.38178755859453906, 0.28038372132103256, 0.13728753828113388, 0.03966146715439704, 0.3759444662738918, 0.30416341946900194, 0.18470704582242345, 0.0, 0.3633729034819714, 0.5923437316333162, 0.7678652353803502], [-1.3104057852913014, -1.0494668118354071, -0.7089044445064746, -0.42789989838437154, -0.2582665991169359, -0.3755463030085664, -0.02946686695164653, -0.11324028344420276, -0.25856233256679323, -0.3270771343505081, 0.018414655112567773, -0.08298918216093877, -0.22608536520083755, -0.3237114363275742, 0.012571562791920586, -0.05920948401296932, -0.17866585765954787, -0.3633729034819714, 0.0, 0.2289708281513449, 0.40449233189837897], [-1.5393766134426452, -1.2784376399867516, -0.9378752726578198, -0.6568707265357162, -0.4872374272682806, -0.6045171311599108, -0.2584376951029913, -0.34221111159554746, -0.4875331607181378, -0.5560479625018528, -0.21055617303877702, -0.3119600103122835, -0.4550561933521825, -0.5526822644789188, -0.21639926535942422, -0.28818031216431406, -0.4076366858108924, -0.5923437316333162, -0.2289708281513449, 0.0, 0.1755215037470339], [-1.7148981171896798, -1.4539591437337862, -1.1133967764048536, -0.8323922302827501, -0.6627589310153148, -0.7800386349069452, -0.4339591988500255, -0.5177326153425814, -0.6630546644651719, -0.7315694662488872, -0.3860776767858111, -0.48748151405931744, -0.6305776970992164, -0.7282037682259529, -0.3919207691064582, -0.46370181591134796, -0.5831581895579265, -0.7678652353803502, -0.40449233189837897, -0.1755215037470339, 0.0]]]