[[[0.0, -0.365937113531597, -0.5044791592136311, -0.5278677218183596, -0.4147793738352988, -0.24756906811904472, -0.3282014862407465, -0.40364357078537483, -0.43289721528711217, -0.04787793442451285, -0.07375363805317536, -0.1287675194401063, -0.16155256669637036, 0.1513950479029061, 0.2131994525522868, 0.23176996471688904, 0.2667030885475772, 0.3228399900719829, 0.5310956588644387, 0.6934167585015907, 0.83890009761578], [0.365937113531597, 0.0, -0.13854204568203404, -0.16193060828676256, -0.048842260303701625, 0.11836804541255232, 0.03773562729085054, -0.03770645725377756, -0.06696010175551492, 0.31805917910708426, 0.2921834754784218, 0.2371695940914908, 0.20438454683522672, 0.5173321614345032, 0.5791365660838841, 0.5977070782484858, 0.6326402020791744, 0.6887771036035802, 0.897032772396036, 1.0593538720331879, 1.2048372111473773], [0.5044791592136311, 0.13854204568203404, 0.0, -0.023388562604728515, 0.0896997853783325, 0.25691009109458635, 0.1762776729728846, 0.10083558842825656, 0.07158194392651915, 0.45660122478911846, 0.4307255211604561, 0.37571163977352495, 0.3429265925172607, 0.6558742071165375, 0.7176786117659181, 0.7362491239305199, 0.7711822477612088, 0.8273191492856142, 1.0355748180780697, 1.1978959177152215, 1.3433792568294112], [0.5278677218183596, 0.16193060828676256, 0.023388562604728515, 0.0, 0.11308834798306101, 0.28029865369931495, 0.19966623557761312, 0.12422415103298504, 0.09497050653124768, 0.47998978739384673, 0.4541140837651843, 0.3991002023782532, 0.3663151551219891, 0.679262769721266, 0.7410671743706465, 0.7596376865352483, 0.7945708103659368, 0.8507077118903428, 1.058963380682799, 1.2212844803199505, 1.36676781943414], [0.4147793738352988, 0.048842260303701625, -0.0896997853783325, -0.11308834798306101, 0.0, 0.16721030571625392, 0.08657788759455215, 0.011135803049924065, -0.018117841451813298, 0.3669014394107859, 0.3410257357821233, 0.28601185439519233, 0.25322680713892826, 0.5661744217382051, 0.6279788263875854, 0.6465493385521875, 0.6814824623828761, 0.737619363907282, 0.9458750326997376, 1.1081961323368896, 1.2536794714510788], [0.24756906811904472, -0.11836804541255232, -0.25691009109458635, -0.28029865369931495, -0.16721030571625392, 0.0, -0.08063241812170174, -0.15607450266632983, -0.18532814716806725, 0.19969113369453198, 0.1738154300658695, 0.1188015486789386, 0.08601650142267436, 0.39896411602195114, 0.4607685206713317, 0.4793390328359337, 0.514272156666622, 0.5704090581910277, 0.7786647269834837, 0.9409858266206352, 1.086469165734825], [0.3282014862407465, -0.03773562729085054, -0.1762776729728846, -0.19966623557761312, -0.08657788759455215, 0.08063241812170174, 0.0, -0.07544208454462809, -0.10469572904636548, 0.2803235518162338, 0.2544478481875712, 0.1994339668006403, 0.16664891954437608, 0.4795965341436528, 0.5414009387930334, 0.5599714509576355, 0.5949045747883239, 0.6510414763127298, 0.8592971451051854, 1.0216182447423368, 1.1671015838565266], [0.40364357078537483, 0.03770645725377756, -0.10083558842825656, -0.12422415103298504, -0.011135803049924065, 0.15607450266632983, 0.07544208454462809, 0.0, -0.029253644501737355, 0.3557656363608619, 0.32988993273219913, 0.27487605134526844, 0.24209100408900408, 0.5550386186882811, 0.6168430233376616, 0.6354135355022634, 0.670346659332952, 0.7264835608573574, 0.9347392296498132, 1.097060329286965, 1.242543668401155], [0.43289721528711217, 0.06696010175551492, -0.07158194392651915, -0.09497050653124768, 0.018117841451813298, 0.18532814716806725, 0.10469572904636548, 0.029253644501737355, 0.0, 0.3850192808625993, 0.35914357723393664, 0.3041296958470057, 0.2713446485907415, 0.584292263190018, 0.6460966678393991, 0.6646671800040009, 0.6996003038346886, 0.7557372053590947, 0.9639928741515504, 1.1263139737887027, 1.2717973129028919], [0.04787793442451285, -0.31805917910708426, -0.45660122478911846, -0.47998978739384673, -0.3669014394107859, -0.19969113369453198, -0.2803235518162338, -0.3557656363608619, -0.3850192808625993, 0.0, -0.025875703628662552, -0.08088958501559337, -0.1136746322718576, 0.19927298232741894, 0.2610773869767997, 0.27964789914140165, 0.3145810229720901, 0.3707179244964959, 0.5789735932889518, 0.7412946929261035, 0.886778032040293], [0.07375363805317536, -0.2921834754784218, -0.4307255211604561, -0.4541140837651843, -0.3410257357821233, -0.1738154300658695, -0.2544478481875712, -0.32988993273219913, -0.35914357723393664, 0.025875703628662552, 0.0, -0.05501388138693089, -0.08779892864319505, 0.22514868595608145, 0.2869530906054623, 0.30552360277006424, 0.34045672660075255, 0.39659362812515847, 0.6048492969176145, 0.7671703965547658, 0.9126537356689555], [0.1287675194401063, -0.2371695940914908, -0.37571163977352495, -0.3991002023782532, -0.28601185439519233, -0.1188015486789386, -0.1994339668006403, -0.27487605134526844, -0.3041296958470057, 0.08088958501559337, 0.05501388138693089, 0.0, -0.03278504725626418, 0.28016256734301237, 0.3419669719923932, 0.36053748415699494, 0.39547060798768363, 0.4516075095120893, 0.6598631783045451, 0.822184277941697, 0.9676676170558859], [0.16155256669637036, -0.20438454683522672, -0.3429265925172607, -0.3663151551219891, -0.25322680713892826, -0.08601650142267436, -0.16664891954437608, -0.24209100408900408, -0.2713446485907415, 0.1136746322718576, 0.08779892864319505, 0.03278504725626418, 0.0, 0.3129476145992766, 0.3747520192486572, 0.39332253141325924, 0.42825565524394776, 0.48439255676835347, 0.6926482255608089, 0.8549693251979608, 1.0004526643121503], [-0.1513950479029061, -0.5173321614345032, -0.6558742071165375, -0.679262769721266, -0.5661744217382051, -0.39896411602195114, -0.4795965341436528, -0.5550386186882811, -0.584292263190018, -0.19927298232741894, -0.22514868595608145, -0.28016256734301237, -0.3129476145992766, 0.0, 0.06180440464938074, 0.08037491681398272, 0.11530804064467116, 0.17144494216907685, 0.37970061096153274, 0.5420217105986843, 0.6875050497128739], [-0.2131994525522868, -0.5791365660838841, -0.7176786117659181, -0.7410671743706465, -0.6279788263875854, -0.4607685206713317, -0.5414009387930334, -0.6168430233376616, -0.6460966678393991, -0.2610773869767997, -0.2869530906054623, -0.3419669719923932, -0.3747520192486572, -0.06180440464938074, 0.0, 0.018570512164601996, 0.053503635995290386, 0.10964053751969609, 0.3178962063121519, 0.48021730594930356, 0.6257006450634931], [-0.23176996471688904, -0.5977070782484858, -0.7362491239305199, -0.7596376865352483, -0.6465493385521875, -0.4793390328359337, -0.5599714509576355, -0.6354135355022634, -0.6646671800040009, -0.27964789914140165, -0.30552360277006424, -0.36053748415699494, -0.39332253141325924, -0.08037491681398272, -0.018570512164601996, 0.0, 0.03493312383068838, 0.09107002535509415, 0.29932569414754995, 0.4616467937847018, 0.6071301328988911], [-0.2667030885475772, -0.6326402020791744, -0.7711822477612088, -0.7945708103659368, -0.6814824623828761, -0.514272156666622, -0.5949045747883239, -0.670346659332952, -0.6996003038346886, -0.3145810229720901, -0.34045672660075255, -0.39547060798768363, -0.42825565524394776, -0.11530804064467116, -0.053503635995290386, -0.03493312383068838, 0.0, 0.05613690152440575, 0.26439257031686153, 0.42671366995401333, 0.5721970090682029], [-0.3228399900719829, -0.6887771036035802, -0.8273191492856142, -0.8507077118903428, -0.737619363907282, -0.5704090581910277, -0.6510414763127298, -0.7264835608573574, -0.7557372053590947, -0.3707179244964959, -0.39659362812515847, -0.4516075095120893, -0.48439255676835347, -0.17144494216907685, -0.10964053751969609, -0.09107002535509415, -0.05613690152440575, 0.0, 0.20825566879245577, 0.3705767684296076, 0.5160601075437969], [-0.5310956588644387, -0.897032772396036, -1.0355748180780697, -1.058963380682799, -0.9458750326997376, -0.7786647269834837, -0.8592971451051854, -0.9347392296498132, -0.9639928741515504, -0.5789735932889518, -0.6048492969176145, -0.6598631783045451, -0.6926482255608089, -0.37970061096153274, -0.3178962063121519, -0.29932569414754995, -0.26439257031686153, -0.20825566879245577, 0.0, 0.16232109963715183, 0.3078044387513412], [-0.6934167585015907, -1.0593538720331879, -1.1978959177152215, -1.2212844803199505, -1.1081961323368896, -0.9409858266206352, -1.0216182447423368, -1.097060329286965, -1.1263139737887027, -0.7412946929261035, -0.7671703965547658, -0.822184277941697, -0.8549693251979608, -0.5420217105986843, -0.48021730594930356, -0.4616467937847018, -0.42671366995401333, -0.3705767684296076, -0.16232109963715183, 0.0, 0.14548333911418945], [-0.83890009761578, -1.2048372111473773, -1.3433792568294112, -1.36676781943414, -1.2536794714510788, -1.086469165734825, -1.1671015838565266, -1.242543668401155, -1.2717973129028919, -0.886778032040293, -0.9126537356689555, -0.9676676170558859, -1.0004526643121503, -0.6875050497128739, -0.6257006450634931, -0.6071301328988911, -0.5721970090682029, -0.5160601075437969, -0.3078044387513412, -0.14548333911418945, 0.0]], [[0.0, 0.29694081359005703, 0.6494113340473886, 0.9134049297538, 1.0936235057325137, 0.9967011411723794, 1.2947773121611617, 1.2172589852846643, 1.0573696538986292, 0.9980644796919284, 1.3810210280114839, 1.3043466721064165, 1.217896725819949, 0.9631644247917676, 1.4140097559796347, 1.7229880801172013, 1.978895336587859, 0.8871400958997583, 1.1397130400251625, 1.3217162945947174, 1.4955681378524566], [-0.29694081359005703, 0.0, 0.3524705204573317, 0.6164641161637429, 0.7966826921424566, 0.6997603275823231, 0.9978364985711046, 0.9203181716946074, 0.7604288403085728, 0.7011236661018714, 1.0840802144214265, 1.0074058585163594, 0.9209559122298917, 0.6662236112017109, 1.117068942389578, 1.4260472665271435, 1.6819545229978021, 0.5901992823097013, 0.8427722264351054, 1.0247754810046599, 1.1986273242623995], [-0.6494113340473886, -0.3524705204573317, 0.0, 0.26399359570641107, 0.44421217168512506, 0.34728980712499113, 0.6453659781137726, 0.567847651237275, 0.407958319851241, 0.3486531456445395, 0.7316096939640943, 0.654935338059028, 0.5684853917725602, 0.31375309074437907, 0.7645984219322464, 1.073576746069812, 1.3294840025404702, 0.23772876185236938, 0.49030170597777334, 0.6723049605473278, 0.8461568038050677], [-0.9134049297538, -0.6164641161637429, -0.26399359570641107, 0.0, 0.18021857597871374, 0.08329621141858017, 0.38137238240736143, 0.3038540555308639, 0.14396472414482975, 0.08465954993812849, 0.4676160982576834, 0.3909417423526167, 0.3044917960661492, 0.04975949503796809, 0.5006048262258352, 0.8095831503634011, 1.0654904068340592, -0.02626483385404169, 0.22630811027136236, 0.40831136484091685, 0.5821632080986565], [-1.0936235057325137, -0.7966826921424566, -0.44421217168512506, -0.18021857597871374, 0.0, -0.09692236456013353, 0.201153806428648, 0.12363547955215021, -0.03625385183388393, -0.09555902604058521, 0.2873975222789697, 0.21072316637390315, 0.12427322008743541, -0.1304590809407456, 0.32038625024712153, 0.6293645743846872, 0.8852718308553448, -0.20648340983275543, 0.046089534292648594, 0.22809278886220327, 0.4019446321199429], [-0.9967011411723794, -0.6997603275823231, -0.34728980712499113, -0.08329621141858017, 0.09692236456013353, 0.0, 0.29807617098878153, 0.2205578441122839, 0.060668512726249624, 0.0013633385195483522, 0.3843198868391031, 0.30764553093403674, 0.2211955846475689, -0.03353671638061208, 0.41730861480725523, 0.726286938944821, 0.9821941954154784, -0.10956104527262184, 0.1430118988527822, 0.3250151534223367, 0.49886699668007606], [-1.2947773121611617, -0.9978364985711046, -0.6453659781137726, -0.38137238240736143, -0.201153806428648, -0.29807617098878153, 0.0, -0.0775183268764977, -0.23740765826253202, -0.2967128324692333, 0.08624371585032181, 0.009569359945255129, -0.07688058634121259, -0.33161288736939376, 0.11923244381847364, 0.42821076795603913, 0.6841180244266972, -0.40763721626140337, -0.15506427213599935, 0.026938982433555286, 0.20079082569129494], [-1.2172589852846643, -0.9203181716946074, -0.567847651237275, -0.3038540555308639, -0.12363547955215021, -0.2205578441122839, 0.0775183268764977, 0.0, -0.15988933138603423, -0.21919450559273557, 0.16376204272681946, 0.08708768682175284, 0.0006377405352851023, -0.25409456049289586, 0.19675077069497118, 0.5057290948325371, 0.7616363513031947, -0.3301188893849058, -0.0775459452595016, 0.10445730931005298, 0.27830915256779265], [-1.0573696538986292, -0.7604288403085728, -0.407958319851241, -0.14396472414482975, 0.03625385183388393, -0.060668512726249624, 0.23740765826253202, 0.15988933138603423, 0.0, -0.05930517420670131, 0.32365137411285355, 0.24697701820778703, 0.16052707192131932, -0.09420522910686172, 0.35664010208100544, 0.6656184262185713, 0.9215256826892295, -0.17022955799887143, 0.08234338612653253, 0.26434664069608704, 0.438198483953827], [-0.9980644796919284, -0.7011236661018714, -0.3486531456445395, -0.08465954993812849, 0.09555902604058521, -0.0013633385195483522, 0.2967128324692333, 0.21919450559273557, 0.05930517420670131, 0.0, 0.382956548319555, 0.3062821924144883, 0.21983224612802052, -0.03490005490016043, 0.4159452762877067, 0.7249236004252725, 0.9808308568959306, -0.11092438379217023, 0.14164856033323378, 0.32365181490278844, 0.497503658160528], [-1.3810210280114839, -1.0840802144214265, -0.7316096939640943, -0.4676160982576834, -0.2873975222789697, -0.3843198868391031, -0.08624371585032181, -0.16376204272681946, -0.32365137411285355, -0.382956548319555, 0.0, -0.07667435590506669, -0.16312430219153434, -0.41785660321971546, 0.03298872796815184, 0.34196705210571743, 0.5978743085763754, -0.4938809321117253, -0.24130798798632117, -0.059304733416766495, 0.11454710984097316], [-1.3043466721064165, -1.0074058585163594, -0.654935338059028, -0.3909417423526167, -0.21072316637390315, -0.30764553093403674, -0.009569359945255129, -0.08708768682175284, -0.24697701820778703, -0.3062821924144883, 0.07667435590506669, 0.0, -0.08644994628646777, -0.3411822473146487, 0.10966308387321849, 0.41864140801078414, 0.6745486644814421, -0.4172065762066585, -0.1646336320812545, 0.01736962248830015, 0.19122146574603974], [-1.217896725819949, -0.9209559122298917, -0.5684853917725602, -0.3044917960661492, -0.12427322008743541, -0.2211955846475689, 0.07688058634121259, -0.0006377405352851023, -0.16052707192131932, -0.21983224612802052, 0.16312430219153434, 0.08644994628646777, 0.0, -0.254732301028181, 0.19611303015968617, 0.5050913542972518, 0.7609986107679099, -0.33075662992019067, -0.07818368579478674, 0.10381956877476789, 0.2776714120325076], [-0.9631644247917676, -0.6662236112017109, -0.31375309074437907, -0.04975949503796809, 0.1304590809407456, 0.03353671638061208, 0.33161288736939376, 0.25409456049289586, 0.09420522910686172, 0.03490005490016043, 0.41785660321971546, 0.3411822473146487, 0.254732301028181, 0.0, 0.45084533118786735, 0.7598236553254328, 1.0157309117960904, -0.0760243288920098, 0.17654861523339424, 0.35855186980294884, 0.5324037130606886], [-1.4140097559796347, -1.117068942389578, -0.7645984219322464, -0.5006048262258352, -0.32038625024712153, -0.41730861480725523, -0.11923244381847364, -0.19675077069497118, -0.35664010208100544, -0.4159452762877067, -0.03298872796815184, -0.10966308387321849, -0.19611303015968617, -0.45084533118786735, 0.0, 0.30897832413756565, 0.5648855806082236, -0.5268696600798769, -0.2742967159544731, -0.09229346138491837, 0.0815583818728213], [-1.7229880801172013, -1.4260472665271435, -1.073576746069812, -0.8095831503634011, -0.6293645743846872, -0.726286938944821, -0.42821076795603913, -0.5057290948325371, -0.6656184262185713, -0.7249236004252725, -0.34196705210571743, -0.41864140801078414, -0.5050913542972518, -0.7598236553254328, -0.30897832413756565, 0.0, 0.25590725647065793, -0.8358479842174427, -0.5832750400920387, -0.40127178552248416, -0.2274199422647443], [-1.978895336587859, -1.6819545229978021, -1.3294840025404702, -1.0654904068340592, -0.8852718308553448, -0.9821941954154784, -0.6841180244266972, -0.7616363513031947, -0.9215256826892295, -0.9808308568959306, -0.5978743085763754, -0.6745486644814421, -0.7609986107679099, -1.0157309117960904, -0.5648855806082236, -0.25590725647065793, 0.0, -1.0917552406881006, -0.8391822965626966, -0.6571790419931419, -0.48332719873540214], [-0.8871400958997583, -0.5901992823097013, -0.23772876185236938, 0.02626483385404169, 0.20648340983275543, 0.10956104527262184, 0.40763721626140337, 0.3301188893849058, 0.17022955799887143, 0.11092438379217023, 0.4938809321117253, 0.4172065762066585, 0.33075662992019067, 0.0760243288920098, 0.5268696600798769, 0.8358479842174427, 1.0917552406881006, 0.0, 0.2525729441254039, 0.43457619869495867, 0.6084280419526984], [-1.1397130400251625, -0.8427722264351054, -0.49030170597777334, -0.22630811027136236, -0.046089534292648594, -0.1430118988527822, 0.15506427213599935, 0.0775459452595016, -0.08234338612653253, -0.14164856033323378, 0.24130798798632117, 0.1646336320812545, 0.07818368579478674, -0.17654861523339424, 0.2742967159544731, 0.5832750400920387, 0.8391822965626966, -0.2525729441254039, 0.0, 0.1820032545695546, 0.35585509782729446], [-1.3217162945947174, -1.0247754810046599, -0.6723049605473278, -0.40831136484091685, -0.22809278886220327, -0.3250151534223367, -0.026938982433555286, -0.10445730931005298, -0.26434664069608704, -0.32365181490278844, 0.059304733416766495, -0.01736962248830015, -0.10381956877476789, -0.35855186980294884, 0.09229346138491837, 0.40127178552248416, 0.6571790419931419, -0.43457619869495867, -0.1820032545695546, 0.0, 0.17385184325773978], [-1.4955681378524566, -1.1986273242623995, -0.8461568038050677, -0.5821632080986565, -0.4019446321199429, -0.49886699668007606, -0.20079082569129494, -0.27830915256779265, -0.438198483953827, -0.497503658160528, -0.11454710984097316, -0.19122146574603974, -0.2776714120325076, -0.5324037130606886, -0.0815583818728213, 0.2274199422647443, 0.48332719873540214, -0.6084280419526984, -0.35585509782729446, -0.17385184325773978, 0.0]]]