[[[0.0, -0.3109071386365276, -0.3638370846153858, -0.20928344578552785, 0.004040620224213188, -0.31290596487268774, -0.3937785057689085, -0.36572893504018134, -0.3069702659664981, -0.08728534371396247, -0.05613787920806282, -0.013602571582494756, 0.02993116598490099, 0.1341656709578792, 0.17784349606867425, 0.09997109019788851, 0.04261098610850185, 0.3400289783835086, 0.36541318757401425, 0.2736216185189421, 0.19692273652222997], [0.3109071386365276, 0.0, -0.052929945978858105, 0.10162369285099979, 0.3149477588607408, -0.0019988262361601786, -0.08287136713238104, -0.054821796403653755, 0.003936872670029569, 0.2236217949225651, 0.2547692594284649, 0.2973045670540328, 0.34083830462142856, 0.44507280959440654, 0.4887506347052019, 0.41087822883441605, 0.3535181247450294, 0.6509361170200364, 0.6763203262105419, 0.5845287571554699, 0.5078298751587574], [0.3638370846153858, 0.052929945978858105, 0.0, 0.15455363882985781, 0.3678777048395988, 0.050931119742697935, -0.02994142115352293, -0.0018918504247956297, 0.05686681864888765, 0.27655174090142315, 0.30769920540732293, 0.35023451303289094, 0.39376825060028686, 0.4980027555732647, 0.5416805806840601, 0.46380817481327413, 0.40644807072388744, 0.7038660629988943, 0.7292502721893999, 0.6374587031343277, 0.5607598211376154], [0.20928344578552785, -0.10162369285099979, -0.15455363882985781, 0.0, 0.2133240660097411, -0.10362251908715997, -0.18449505998338084, -0.15644548925465349, -0.09768682018097019, 0.12199810207156533, 0.15314556657746503, 0.19568087420303307, 0.23921461177042866, 0.34344911674340706, 0.3871269418542021, 0.3092545359834164, 0.2518944318940297, 0.5493124241690366, 0.5746966333595421, 0.48290506430446983, 0.4062061823077577], [-0.004040620224213188, -0.3149477588607408, -0.3678777048395988, -0.2133240660097411, 0.0, -0.316946585096901, -0.39781912599312186, -0.3697695552643946, -0.31101088619071127, -0.0913259639381757, -0.060178499432275975, -0.017643191806707953, 0.02589054576068779, 0.13012505073366595, 0.1738028758444611, 0.0959304699736753, 0.03857036588428868, 0.3359883581592954, 0.361372567349801, 0.269580998294729, 0.19288211629801671], [0.31290596487268774, 0.0019988262361601786, -0.050931119742697935, 0.10362251908715997, 0.316946585096901, 0.0, -0.0808725408962208, -0.052822970167493564, 0.005935698906189749, 0.22562062115872528, 0.25676808566462495, 0.29930339329019295, 0.3428371308575888, 0.44707163583056714, 0.4907494609413623, 0.41287705507057637, 0.3555169509811897, 0.6529349432561965, 0.6783191524467023, 0.5865275833916299, 0.5098287013949175], [0.3937785057689085, 0.08287136713238104, 0.02994142115352293, 0.18449505998338084, 0.39781912599312186, 0.0808725408962208, 0.0, 0.028049570728727304, 0.08680823980241056, 0.3064931620549462, 0.33764062656084576, 0.3801759341864139, 0.42370967175380964, 0.5279441767267877, 0.5716220018375829, 0.4937495959667973, 0.4363894918774104, 0.7338074841524169, 0.7591916933429226, 0.6674001242878504, 0.5907012422911385], [0.36572893504018134, 0.054821796403653755, 0.0018918504247956297, 0.15644548925465349, 0.3697695552643946, 0.052822970167493564, -0.028049570728727304, 0.0, 0.05875866907368331, 0.2784435913262188, 0.3095910558321185, 0.3521263634576867, 0.3956601010250824, 0.4998946059980605, 0.5435724311088552, 0.46570002523806975, 0.4083399211486832, 0.7057579134236899, 0.7311421226141956, 0.6393505535591236, 0.5626516715624112], [0.3069702659664981, -0.003936872670029569, -0.05686681864888765, 0.09768682018097019, 0.31101088619071127, -0.005935698906189749, -0.08680823980241056, -0.05875866907368331, 0.0, 0.2196849222525355, 0.2508323867584353, 0.2933676943840034, 0.336901431951399, 0.4411359369243773, 0.4848137620351725, 0.40694135616438665, 0.34958125207499974, 0.6469992443500067, 0.6723834535405123, 0.58059188448544, 0.5038930024887279], [0.08728534371396247, -0.2236217949225651, -0.27655174090142315, -0.12199810207156533, 0.0913259639381757, -0.22562062115872528, -0.3064931620549462, -0.2784435913262188, -0.2196849222525355, 0.0, 0.031147464505899718, 0.07368277213146773, 0.11721650969886348, 0.22145101467184167, 0.26512883978263685, 0.18725643391185107, 0.12989632982246443, 0.4273143220974711, 0.45269853128797677, 0.36090696223290464, 0.2842080802361925], [0.05613787920806282, -0.2547692594284649, -0.30769920540732293, -0.15314556657746503, 0.060178499432275975, -0.25676808566462495, -0.33764062656084576, -0.3095910558321185, -0.2508323867584353, -0.031147464505899718, 0.0, 0.042535307625568015, 0.08606904519296373, 0.19030355016594197, 0.23398137527673707, 0.15610896940595131, 0.09874886531656464, 0.39616685759157144, 0.42155106678207693, 0.32975949772700486, 0.2530606157302925], [0.013602571582494756, -0.2973045670540328, -0.35023451303289094, -0.19568087420303307, 0.017643191806707953, -0.29930339329019295, -0.3801759341864139, -0.3521263634576867, -0.2933676943840034, -0.07368277213146773, -0.042535307625568015, 0.0, 0.04353373756739572, 0.1477682425403739, 0.19144606765116914, 0.11357366178038325, 0.05621355769099663, 0.35363154996600327, 0.37901575915650904, 0.2872241901014369, 0.2105253081047246], [-0.02993116598490099, -0.34083830462142856, -0.39376825060028686, -0.23921461177042866, -0.02589054576068779, -0.3428371308575888, -0.42370967175380964, -0.3956601010250824, -0.336901431951399, -0.11721650969886348, -0.08606904519296373, -0.04353373756739572, 0.0, 0.1042345049729782, 0.1479123300837733, 0.0700399242129875, 0.012679820123600862, 0.31009781239860756, 0.3354820215891133, 0.2436904525340412, 0.1669915705373289], [-0.1341656709578792, -0.44507280959440654, -0.4980027555732647, -0.34344911674340706, -0.13012505073366595, -0.44707163583056714, -0.5279441767267877, -0.4998946059980605, -0.4411359369243773, -0.22145101467184167, -0.19030355016594197, -0.1477682425403739, -0.1042345049729782, 0.0, 0.043677825110795154, -0.034194580759990705, -0.09155468484937737, 0.2058633074256295, 0.23124751661613505, 0.139455947561063, 0.0627570655643507], [-0.17784349606867425, -0.4887506347052019, -0.5416805806840601, -0.3871269418542021, -0.1738028758444611, -0.4907494609413623, -0.5716220018375829, -0.5435724311088552, -0.4848137620351725, -0.26512883978263685, -0.23398137527673707, -0.19144606765116914, -0.1479123300837733, -0.043677825110795154, 0.0, -0.07787240587078587, -0.13523250996017247, 0.16218548231483418, 0.1875696915053398, 0.09577812245026784, 0.01907924045355552], [-0.09997109019788851, -0.41087822883441605, -0.46380817481327413, -0.3092545359834164, -0.0959304699736753, -0.41287705507057637, -0.4937495959667973, -0.46570002523806975, -0.40694135616438665, -0.18725643391185107, -0.15610896940595131, -0.11357366178038325, -0.0700399242129875, 0.034194580759990705, 0.07787240587078587, 0.0, -0.05736010408938669, 0.24005788818562018, 0.2654420973761257, 0.17365052832105365, 0.09695164632434139], [-0.04261098610850185, -0.3535181247450294, -0.40644807072388744, -0.2518944318940297, -0.03857036588428868, -0.3555169509811897, -0.4363894918774104, -0.4083399211486832, -0.34958125207499974, -0.12989632982246443, -0.09874886531656464, -0.05621355769099663, -0.012679820123600862, 0.09155468484937737, 0.13523250996017247, 0.05736010408938669, 0.0, 0.29741799227500665, 0.32280220146551236, 0.23101063241044045, 0.154311750413728], [-0.3400289783835086, -0.6509361170200364, -0.7038660629988943, -0.5493124241690366, -0.3359883581592954, -0.6529349432561965, -0.7338074841524169, -0.7057579134236899, -0.6469992443500067, -0.4273143220974711, -0.39616685759157144, -0.35363154996600327, -0.31009781239860756, -0.2058633074256295, -0.16218548231483418, -0.24005788818562018, -0.29741799227500665, 0.0, 0.025384209190505658, -0.0664073598645664, -0.14310624186127874], [-0.36541318757401425, -0.6763203262105419, -0.7292502721893999, -0.5746966333595421, -0.361372567349801, -0.6783191524467023, -0.7591916933429226, -0.7311421226141956, -0.6723834535405123, -0.45269853128797677, -0.42155106678207693, -0.37901575915650904, -0.3354820215891133, -0.23124751661613505, -0.1875696915053398, -0.2654420973761257, -0.32280220146551236, -0.025384209190505658, 0.0, -0.09179156905507202, -0.16849045105178428], [-0.2736216185189421, -0.5845287571554699, -0.6374587031343277, -0.48290506430446983, -0.269580998294729, -0.5865275833916299, -0.6674001242878504, -0.6393505535591236, -0.58059188448544, -0.36090696223290464, -0.32975949772700486, -0.2872241901014369, -0.2436904525340412, -0.139455947561063, -0.09577812245026784, -0.17365052832105365, -0.23101063241044045, 0.0664073598645664, 0.09179156905507202, 0.0, -0.07669888199671235], [-0.19692273652222997, -0.5078298751587574, -0.5607598211376154, -0.4062061823077577, -0.19288211629801671, -0.5098287013949175, -0.5907012422911385, -0.5626516715624112, -0.5038930024887279, -0.2842080802361925, -0.2530606157302925, -0.2105253081047246, -0.1669915705373289, -0.0627570655643507, -0.01907924045355552, -0.09695164632434139, -0.154311750413728, 0.14310624186127874, 0.16849045105178428, 0.07669888199671235, 0.0]], [[0.0, 0.29594287166892774, 0.7061793887911982, 0.9862851359178114, 1.0958092940822528, 1.023457051628007, 1.4348882905241012, 1.641779374270526, 1.75901037432338, 0.9957245311248185, 1.3330594340859627, 1.4587281895229507, 1.5292164484699295, 0.9015434701889284, 1.0719667875769407, 0.8860718517484313, 0.7473604282883786, 0.782347239239835, 0.9242431545375913, 0.8125145671354873, 0.7047636741247445], [-0.29594287166892774, 0.0, 0.41023651712227044, 0.6903422642488833, 0.799866422413325, 0.7275141799590799, 1.1389454188551733, 1.3458365026015975, 1.463067502654452, 0.6997816594558907, 1.0371165624170355, 1.1627853178540228, 1.2332735768010012, 0.6056005985200007, 0.776023915908013, 0.5901289800795034, 0.45141755661945093, 0.4864043675709066, 0.6283002828686631, 0.5165716954665592, 0.4088208024558169], [-0.7061793887911982, -0.41023651712227044, 0.0, 0.28010574712661296, 0.38962990529105457, 0.3172776628368092, 0.7287089017329026, 0.9355999854793281, 1.0528309855321816, 0.28954514233362, 0.6268800452947648, 0.7525488007317527, 0.8230370596787309, 0.19536408139773048, 0.3657873987857431, 0.17989246295723316, 0.04118103949718067, 0.07616785044863662, 0.21806376574639263, 0.106335178344289, -0.0014157146664533487], [-0.9862851359178114, -0.6903422642488833, -0.28010574712661296, 0.0, 0.10952415816444176, 0.03717191571019624, 0.44860315460628963, 0.6554942383527148, 0.7727252384055683, 0.009439395207007132, 0.34677429816815175, 0.47244305360514, 0.5429313125521179, -0.08474166572888255, 0.08568165165913005, -0.10021328416937983, -0.2389247076294323, -0.2039378966779763, -0.06204198138022033, -0.17377056878232378, -0.28152146179306636], [-1.0958092940822528, -0.799866422413325, -0.38962990529105457, -0.10952415816444176, 0.0, -0.07235224245424553, 0.3390789964418478, 0.5459700801882729, 0.6632010802411267, -0.1000847629574346, 0.23725014000371003, 0.36291889544069833, 0.4334071543876767, -0.19426582389332428, -0.023842506505311736, -0.20973744233382163, -0.34844886579387413, -0.31346205484241807, -0.1715661395446621, -0.28329472694676544, -0.391045619957508], [-1.023457051628007, -0.7275141799590799, -0.3172776628368092, -0.03717191571019624, 0.07235224245424553, 0.0, 0.4114312388960937, 0.6183223226425185, 0.7355533226953723, -0.02773252050318913, 0.3096023824579556, 0.4352711378949437, 0.5057593968419222, -0.12191358143907877, 0.04850973594893377, -0.1373851998795761, -0.27609662333962864, -0.24110981238817256, -0.09921389709041657, -0.2109424844925202, -0.31869337750326265], [-1.4348882905241012, -1.1389454188551733, -0.7287089017329026, -0.44860315460628963, -0.3390789964418478, -0.4114312388960937, 0.0, 0.20689108374642498, 0.3241220837992785, -0.4391637593992828, -0.10182885643813801, 0.02383989899884992, 0.0943281579458284, -0.5333448203351722, -0.3629215029471598, -0.5488164387756698, -0.6875278622357222, -0.6525410512842662, -0.5106451359865101, -0.6223737233886136, -0.7301246163993557], [-1.641779374270526, -1.3458365026015975, -0.9355999854793281, -0.6554942383527148, -0.5459700801882729, -0.6183223226425185, -0.20689108374642498, 0.0, 0.1172310000528536, -0.6460548431457076, -0.30871994018456295, -0.18305118474757506, -0.11256292580059651, -0.7402359040815977, -0.5698125866935849, -0.7557075225220948, -0.8944189459821469, -0.8594321350306912, -0.7175362197329355, -0.8292648071350389, -0.9370157001457814], [-1.75901037432338, -1.463067502654452, -1.0528309855321816, -0.7727252384055683, -0.6632010802411267, -0.7355533226953723, -0.3241220837992785, -0.1172310000528536, 0.0, -0.7632858431985617, -0.42595094023741664, -0.30028218480042873, -0.22979392585345024, -0.8574669041344509, -0.6870435867464387, -0.8729385225749487, -1.0116499460350006, -0.9766631350835447, -0.834767219785789, -0.9464958071878924, -1.054246700198635], [-0.9957245311248185, -0.6997816594558907, -0.28954514233362, -0.009439395207007132, 0.1000847629574346, 0.02773252050318913, 0.4391637593992828, 0.6460548431457076, 0.7632858431985617, 0.0, 0.3373349029611446, 0.46300365839813273, 0.5334919173451111, -0.09418106093588968, 0.07624225645212288, -0.10965267937638704, -0.24836410283643948, -0.2133772918849835, -0.07148137658722743, -0.183209963989331, -0.29096085700007346], [-1.3330594340859627, -1.0371165624170355, -0.6268800452947648, -0.34677429816815175, -0.23725014000371003, -0.3096023824579556, 0.10182885643813801, 0.30871994018456295, 0.42595094023741664, -0.3373349029611446, 0.0, 0.12566875543698797, 0.1961570143839665, -0.4315159638970343, -0.2610926465090218, -0.44698758233753155, -0.585699005797584, -0.550712194846128, -0.4088162795483723, -0.5205448669504756, -0.6282957599612182], [-1.4587281895229507, -1.1627853178540228, -0.7525488007317527, -0.47244305360514, -0.36291889544069833, -0.4352711378949437, -0.02383989899884992, 0.18305118474757506, 0.30028218480042873, -0.46300365839813273, -0.12566875543698797, 0.0, 0.07048825894697847, -0.5571847193340225, -0.38676140194600966, -0.5726563377745199, -0.7113677612345719, -0.6763809502831158, -0.5344850349853602, -0.6462136223874637, -0.7539645153982061], [-1.5292164484699295, -1.2332735768010012, -0.8230370596787309, -0.5429313125521179, -0.4334071543876767, -0.5057593968419222, -0.0943281579458284, 0.11256292580059651, 0.22979392585345024, -0.5334919173451111, -0.1961570143839665, -0.07048825894697847, 0.0, -0.6276729782810008, -0.45724966089298846, -0.6431445967214983, -0.7818560201815508, -0.7468692092300943, -0.6049732939323387, -0.716701881334442, -0.8244527743451848], [-0.9015434701889284, -0.6056005985200007, -0.19536408139773048, 0.08474166572888255, 0.19426582389332428, 0.12191358143907877, 0.5333448203351722, 0.7402359040815977, 0.8574669041344509, 0.09418106093588968, 0.4315159638970343, 0.5571847193340225, 0.6276729782810008, 0.0, 0.17042331738801256, -0.015471618440497324, -0.15418304190054968, -0.11919623094909379, 0.02269968434866222, -0.08902890305344131, -0.19677979606418375], [-1.0719667875769407, -0.776023915908013, -0.3657873987857431, -0.08568165165913005, 0.023842506505311736, -0.04850973594893377, 0.3629215029471598, 0.5698125866935849, 0.6870435867464387, -0.07624225645212288, 0.2610926465090218, 0.38676140194600966, 0.45724966089298846, -0.17042331738801256, 0.0, -0.1858949358285099, -0.32460635928856235, -0.2896195483371063, -0.14772363303935035, -0.25945222044145394, -0.3672031134521964], [-0.8860718517484313, -0.5901289800795034, -0.17989246295723316, 0.10021328416937983, 0.20973744233382163, 0.1373851998795761, 0.5488164387756698, 0.7557075225220948, 0.8729385225749487, 0.10965267937638704, 0.44698758233753155, 0.5726563377745199, 0.6431445967214983, 0.015471618440497324, 0.1858949358285099, 0.0, -0.13871142346005244, -0.10372461250859649, 0.038171302789159534, -0.07355728461294404, -0.18130817762368648], [-0.7473604282883786, -0.45141755661945093, -0.04118103949718067, 0.2389247076294323, 0.34844886579387413, 0.27609662333962864, 0.6875278622357222, 0.8944189459821469, 1.0116499460350006, 0.24836410283643948, 0.585699005797584, 0.7113677612345719, 0.7818560201815508, 0.15418304190054968, 0.32460635928856235, 0.13871142346005244, 0.0, 0.03498681095145595, 0.17688272624921197, 0.06515413884710847, -0.04259675416363401], [-0.782347239239835, -0.4864043675709066, -0.07616785044863662, 0.2039378966779763, 0.31346205484241807, 0.24110981238817256, 0.6525410512842662, 0.8594321350306912, 0.9766631350835447, 0.2133772918849835, 0.550712194846128, 0.6763809502831158, 0.7468692092300943, 0.11919623094909379, 0.2896195483371063, 0.10372461250859649, -0.03498681095145595, 0.0, 0.14189591529775605, 0.030167327895652494, -0.07758356511508997], [-0.9242431545375913, -0.6283002828686631, -0.21806376574639263, 0.06204198138022033, 0.1715661395446621, 0.09921389709041657, 0.5106451359865101, 0.7175362197329355, 0.834767219785789, 0.07148137658722743, 0.4088162795483723, 0.5344850349853602, 0.6049732939323387, -0.02269968434866222, 0.14772363303935035, -0.038171302789159534, -0.17688272624921197, -0.14189591529775605, 0.0, -0.11172858740210354, -0.219479480412846], [-0.8125145671354873, -0.5165716954665592, -0.106335178344289, 0.17377056878232378, 0.28329472694676544, 0.2109424844925202, 0.6223737233886136, 0.8292648071350389, 0.9464958071878924, 0.183209963989331, 0.5205448669504756, 0.6462136223874637, 0.716701881334442, 0.08902890305344131, 0.25945222044145394, 0.07355728461294404, -0.06515413884710847, -0.030167327895652494, 0.11172858740210354, 0.0, -0.10775089301074242], [-0.7047636741247445, -0.4088208024558169, 0.0014157146664533487, 0.28152146179306636, 0.391045619957508, 0.31869337750326265, 0.7301246163993557, 0.9370157001457814, 1.054246700198635, 0.29096085700007346, 0.6282957599612182, 0.7539645153982061, 0.8244527743451848, 0.19677979606418375, 0.3672031134521964, 0.18130817762368648, 0.04259675416363401, 0.07758356511508997, 0.219479480412846, 0.10775089301074242, 0.0]]]