[[[0.0, -0.2084408987321976, -0.16968430619252486, -0.07002910276716579, 0.056386690410733395, -0.18178315921791455, -0.12874275111856995, -0.08145028187519651, -0.04497323505334184, 0.022446754332204114, 0.18889026521358496, 0.32306120511396175, 0.41124444478988215, 0.21005526265467303, 0.3410615938994266, 0.42398122830330076, 0.5019791670310281, 0.3487674696067798, 0.41618420468534995, 0.355345541103977, 0.3241191686812801], [0.2084408987321976, 0.0, 0.038756592539672605, 0.1384117959650317, 0.2648275891429309, 0.026657739514282974, 0.07969814761362753, 0.12699061685700094, 0.16346766367885568, 0.23088765306440162, 0.3973311639457826, 0.5315021038461593, 0.6196853435220795, 0.4184961613868707, 0.5495024926316241, 0.6324221270354982, 0.7104200657632259, 0.5572083683389772, 0.6246251034175472, 0.5637864398361745, 0.5325600674134777], [0.16968430619252486, -0.038756592539672605, 0.0, 0.09965520342535904, 0.22607099660325833, -0.012098853025389647, 0.040941555073954944, 0.08823402431732841, 0.12471107113918305, 0.19213106052472895, 0.3585745714061097, 0.49274551130648675, 0.5809287509824071, 0.37973956884719784, 0.5107459000919513, 0.5936655344958257, 0.6716634732235529, 0.5184517757993048, 0.5858685108778746, 0.5250298472965018, 0.4938034748738047], [0.07002910276716579, -0.1384117959650317, -0.09965520342535904, 0.0, 0.12641579317789922, -0.11175405645074876, -0.05871364835140417, -0.011421179108030715, 0.025055867713823975, 0.0924758570993699, 0.2589193679807507, 0.3930903078811274, 0.481273547557048, 0.2800843654218388, 0.41109069666659254, 0.49401033107046644, 0.5720082697981937, 0.41879657237394563, 0.48621330745251534, 0.42537464387114277, 0.3941482714484459], [-0.056386690410733395, -0.2648275891429309, -0.22607099660325833, -0.12641579317789922, 0.0, -0.23816984962864793, -0.18512944152930327, -0.1378369722859299, -0.1013599254640752, -0.0339399360785293, 0.13250357480285152, 0.2666745147032283, 0.3548577543791487, 0.1536685722439397, 0.2846749034886932, 0.36759453789256724, 0.44559247662029455, 0.29238077919604644, 0.3597975142746164, 0.2989588506932436, 0.2677324782705467], [0.18178315921791455, -0.026657739514282974, 0.012098853025389647, 0.11175405645074876, 0.23816984962864793, 0.0, 0.05304040809934457, 0.10033287734271801, 0.13680992416457272, 0.2042299135501186, 0.3706734244314995, 0.5048443643318764, 0.5930276040077966, 0.39183842187258766, 0.5228447531173414, 0.6057643875212152, 0.6837623262489427, 0.5305506288246945, 0.5979673639032647, 0.5371287003218915, 0.5059023278991949], [0.12874275111856995, -0.07969814761362753, -0.040941555073954944, 0.05871364835140417, 0.18512944152930327, -0.05304040809934457, 0.0, 0.04729246924337342, 0.0837695160652281, 0.15118950545077398, 0.3176330163321547, 0.45180395623253156, 0.539987195908452, 0.33879801377324315, 0.4698043450179965, 0.5527239794218707, 0.6307219181495979, 0.4775102207253496, 0.5449269558039194, 0.48408829222254673, 0.4528619197998502], [0.08145028187519651, -0.12699061685700094, -0.08823402431732841, 0.011421179108030715, 0.1378369722859299, -0.10033287734271801, -0.04729246924337342, 0.0, 0.03647704682185467, 0.10389703620740061, 0.27034054708878125, 0.40451148698915823, 0.4926947266650787, 0.29150554452986954, 0.42251187577462346, 0.5054315101784972, 0.5834294489062244, 0.4302177514819765, 0.4976344865605462, 0.4367958229791735, 0.40556945055647653], [0.04497323505334184, -0.16346766367885568, -0.12471107113918305, -0.025055867713823975, 0.1013599254640752, -0.13680992416457272, -0.0837695160652281, -0.03647704682185467, 0.0, 0.06741998938554589, 0.23386350026692668, 0.36803444016730347, 0.4562176798432238, 0.2550284977080148, 0.38603482895276836, 0.4689544633566423, 0.5469524020843698, 0.39374070466012157, 0.46115743973869144, 0.4003187761573187, 0.36909240373462204], [-0.022446754332204114, -0.23088765306440162, -0.19213106052472895, -0.0924758570993699, 0.0339399360785293, -0.2042299135501186, -0.15118950545077398, -0.10389703620740061, -0.06741998938554589, 0.0, 0.1664435108813808, 0.3006144507817575, 0.3887976904576781, 0.18760850832246903, 0.31861483956722253, 0.4015344739710967, 0.47953241269882374, 0.3263207152745757, 0.3937374503531456, 0.33289878677177287, 0.3016724143490761], [-0.18889026521358496, -0.3973311639457826, -0.3585745714061097, -0.2589193679807507, -0.13250357480285152, -0.3706734244314995, -0.3176330163321547, -0.27034054708878125, -0.23386350026692668, -0.1664435108813808, 0.0, 0.13417093990037673, 0.22235417957629708, 0.02116499744108818, 0.15217132868584163, 0.23509096308971572, 0.3130889018174429, 0.1598772043931949, 0.2272939394717649, 0.16645527589039194, 0.13522890346769523], [-0.32306120511396175, -0.5315021038461593, -0.49274551130648675, -0.3930903078811274, -0.2666745147032283, -0.5048443643318764, -0.45180395623253156, -0.40451148698915823, -0.36803444016730347, -0.3006144507817575, -0.13417093990037673, 0.0, 0.08818323967592039, -0.11300594245928859, 0.018000388785464932, 0.10092002318933903, 0.17891796191706624, 0.02570626449281813, 0.0931229995713881, 0.03228433599001526, 0.001057963567318508], [-0.41124444478988215, -0.6196853435220795, -0.5809287509824071, -0.481273547557048, -0.3548577543791487, -0.5930276040077966, -0.539987195908452, -0.4926947266650787, -0.4562176798432238, -0.3887976904576781, -0.22235417957629708, -0.08818323967592039, 0.0, -0.20118918213520892, -0.07018285089045545, 0.012736783513418585, 0.09073472224114591, -0.06247697518310231, 0.004939759895467696, -0.05589890368590512, -0.08712527610860185], [-0.21005526265467303, -0.4184961613868707, -0.37973956884719784, -0.2800843654218388, -0.1536685722439397, -0.39183842187258766, -0.33879801377324315, -0.29150554452986954, -0.2550284977080148, -0.18760850832246903, -0.02116499744108818, 0.11300594245928859, 0.20118918213520892, 0.0, 0.13100633124475355, 0.21392596564862756, 0.29192390437635496, 0.13871220695210668, 0.2061289420306767, 0.14529027844930378, 0.11406390602660711], [-0.3410615938994266, -0.5495024926316241, -0.5107459000919513, -0.41109069666659254, -0.2846749034886932, -0.5228447531173414, -0.4698043450179965, -0.42251187577462346, -0.38603482895276836, -0.31861483956722253, -0.15217132868584163, -0.018000388785464932, 0.07018285089045545, -0.13100633124475355, 0.0, 0.08291963440387397, 0.16091757313160138, 0.00770587570735319, 0.07512261078592314, 0.014283947204550335, -0.016942425218146408], [-0.42398122830330076, -0.6324221270354982, -0.5936655344958257, -0.49401033107046644, -0.36759453789256724, -0.6057643875212152, -0.5527239794218707, -0.5054315101784972, -0.4689544633566423, -0.4015344739710967, -0.23509096308971572, -0.10092002318933903, -0.012736783513418585, -0.21392596564862756, -0.08291963440387397, 0.0, 0.07799793872772731, -0.07521375869652083, -0.007797023617950879, -0.06863568719932368, -0.09986205962202042], [-0.5019791670310281, -0.7104200657632259, -0.6716634732235529, -0.5720082697981937, -0.44559247662029455, -0.6837623262489427, -0.6307219181495979, -0.5834294489062244, -0.5469524020843698, -0.47953241269882374, -0.3130889018174429, -0.17891796191706624, -0.09073472224114591, -0.29192390437635496, -0.16091757313160138, -0.07799793872772731, 0.0, -0.15321169742424823, -0.08579496234567822, -0.146633625927051, -0.17785999834974786], [-0.3487674696067798, -0.5572083683389772, -0.5184517757993048, -0.41879657237394563, -0.29238077919604644, -0.5305506288246945, -0.4775102207253496, -0.4302177514819765, -0.39374070466012157, -0.3263207152745757, -0.1598772043931949, -0.02570626449281813, 0.06247697518310231, -0.13871220695210668, -0.00770587570735319, 0.07521375869652083, 0.15321169742424823, 0.0, 0.06741673507856998, 0.006578071497197146, -0.0246483009254996], [-0.41618420468534995, -0.6246251034175472, -0.5858685108778746, -0.48621330745251534, -0.3597975142746164, -0.5979673639032647, -0.5449269558039194, -0.4976344865605462, -0.46115743973869144, -0.3937374503531456, -0.2272939394717649, -0.0931229995713881, -0.004939759895467696, -0.2061289420306767, -0.07512261078592314, 0.007797023617950879, 0.08579496234567822, -0.06741673507856998, 0.0, -0.06083866358137281, -0.09206503600406955], [-0.355345541103977, -0.5637864398361745, -0.5250298472965018, -0.42537464387114277, -0.2989588506932436, -0.5371287003218915, -0.48408829222254673, -0.4367958229791735, -0.4003187761573187, -0.33289878677177287, -0.16645527589039194, -0.03228433599001526, 0.05589890368590512, -0.14529027844930378, -0.014283947204550335, 0.06863568719932368, 0.146633625927051, -0.006578071497197146, 0.06083866358137281, 0.0, -0.031226372422696727], [-0.3241191686812801, -0.5325600674134777, -0.4938034748738047, -0.3941482714484459, -0.2677324782705467, -0.5059023278991949, -0.4528619197998502, -0.40556945055647653, -0.36909240373462204, -0.3016724143490761, -0.13522890346769523, -0.001057963567318508, 0.08712527610860185, -0.11406390602660711, 0.016942425218146408, 0.09986205962202042, 0.17785999834974786, 0.0246483009254996, 0.09206503600406955, 0.031226372422696727, 0.0]], [[0.0, 0.29155408892402823, 0.6759872691801176, 0.9712146869446522, 1.1930409438635654, 1.080370515286788, 1.5603365500924855, 1.8361316710580353, 2.068907508158976, 0.9994995775882889, 1.3549255244280514, 1.5297821548581196, 1.6650434978858848, 0.8603018894969652, 1.1243706457796774, 1.1409573798389498, 1.1953832425548172, 0.6932663075473795, 0.7780714590575224, 0.6634359200628424, 0.5690689969009505], [-0.29155408892402823, 0.0, 0.3844331802560894, 0.6796605980206246, 0.9014868549395367, 0.7888164263627602, 1.268782461168458, 1.5445775821340073, 1.7773534192349467, 0.707945488664261, 1.0633714355040238, 1.238228065934091, 1.3734894089618566, 0.5687478005729368, 0.8328165568556487, 0.8494032909149217, 0.9038291536307881, 0.4017122186233515, 0.48651737013349383, 0.3718818311388141, 0.27751490797692246], [-0.6759872691801176, -0.3844331802560894, 0.0, 0.2952274177645352, 0.5170536746834473, 0.4043832461066706, 0.8843492809123685, 1.1601444018779181, 1.392920238978858, 0.3235123084081712, 0.6789382552479344, 0.8537948856780017, 0.9890562287057674, 0.18431462031684734, 0.44838337659955946, 0.46497011065883237, 0.5193959733746989, 0.017279038367262082, 0.10208418987740434, -0.012551349117275202, -0.10691827227916698], [-0.9712146869446522, -0.6796605980206246, -0.2952274177645352, 0.0, 0.22182625691891203, 0.10915582834213534, 0.5891218631478327, 0.8649169841133832, 1.0976928212143229, 0.028284890643636124, 0.38371083748339885, 0.5585674679134659, 0.693828810941232, -0.11091279744768784, 0.15315595883502442, 0.1697426928942971, 0.22416855561016383, -0.27794837939727296, -0.19314322788713081, -0.30777876688181044, -0.40214569004370204], [-1.1930409438635654, -0.9014868549395367, -0.5170536746834473, -0.22182625691891203, 0.0, -0.11267042857677666, 0.3672956062289208, 0.6430907271944709, 0.8758665642954105, -0.1935413662752758, 0.16188458056448693, 0.336741210994554, 0.4720025540223201, -0.3327390543665999, -0.06867029808388758, -0.05208356402461486, 0.0023422986912518275, -0.4997746363161852, -0.414969484806043, -0.5296050238007224, -0.6239719469626142], [-1.080370515286788, -0.7888164263627602, -0.4043832461066706, -0.10915582834213534, 0.11267042857677666, 0.0, 0.4799660348056973, 0.7557611557712476, 0.9885369928721872, -0.08087093769849922, 0.2745550091412635, 0.4494116395713309, 0.5846729825990966, -0.22006862578982322, 0.04400013049288902, 0.06058686455216182, 0.11501272726802847, -0.38710420773940823, -0.3022990562292661, -0.41693459522394577, -0.5113015183858375], [-1.5603365500924855, -1.268782461168458, -0.8843492809123685, -0.5891218631478327, -0.3672956062289208, -0.4799660348056973, 0.0, 0.2757951209655501, 0.5085709580664897, -0.560836972504197, -0.2054110256644339, -0.03055439523436669, 0.10470694779339923, -0.7000346605955208, -0.4359659043128085, -0.41937917025353577, -0.36495330753766914, -0.867070242545106, -0.7822650910349634, -0.8969006300296436, -0.9912675531915347], [-1.8361316710580353, -1.5445775821340073, -1.1601444018779181, -0.8649169841133832, -0.6430907271944709, -0.7557611557712476, -0.2757951209655501, 0.0, 0.23277583710093985, -0.8366320934697469, -0.4812061466299839, -0.3063495161999167, -0.1710881731721507, -0.9758297815610705, -0.7117610252783586, -0.6951742912190858, -0.640748428503219, -1.1428653635106556, -1.0580602120005143, -1.1726957509951936, -1.267062674157085], [-2.068907508158976, -1.7773534192349467, -1.392920238978858, -1.0976928212143229, -0.8758665642954105, -0.9885369928721872, -0.5085709580664897, -0.23277583710093985, 0.0, -1.0694079305706865, -0.7139819837309237, -0.5391253533008565, -0.40386401027309055, -1.20860561866201, -0.9445368623792983, -0.9279501283200262, -0.873524265604159, -1.375641200611596, -1.2908360491014534, -1.4054715880961326, -1.4998385112580253], [-0.9994995775882889, -0.707945488664261, -0.3235123084081712, -0.028284890643636124, 0.1935413662752758, 0.08087093769849922, 0.560836972504197, 0.8366320934697469, 1.0694079305706865, 0.0, 0.3554259468397627, 0.5302825772698302, 0.6655439202975958, -0.13919768809132405, 0.12487106819138827, 0.14145780225066099, 0.1958836649665277, -0.3062332700409092, -0.22142811853076708, -0.3360636575254465, -0.4304305806873381], [-1.3549255244280514, -1.0633714355040238, -0.6789382552479344, -0.38371083748339885, -0.16188458056448693, -0.2745550091412635, 0.2054110256644339, 0.4812061466299839, 0.7139819837309237, -0.3554259468397627, 0.0, 0.17485663043006722, 0.31011797345783315, -0.49462363493108713, -0.23055487864837457, -0.2139681445891018, -0.15954228187323513, -0.661659216880672, -0.5768540653705299, -0.6914896043652089, -0.7858565275271016], [-1.5297821548581196, -1.238228065934091, -0.8537948856780017, -0.5585674679134659, -0.336741210994554, -0.4494116395713309, 0.03055439523436669, 0.3063495161999167, 0.5391253533008565, -0.5302825772698302, -0.17485663043006722, 0.0, 0.13526134302776596, -0.6694802653611538, -0.40541150907844153, -0.388824775019169, -0.3343989123033023, -0.8365158473107392, -0.7517106958005968, -0.866346234795277, -0.9607131579571687], [-1.6650434978858848, -1.3734894089618566, -0.9890562287057674, -0.693828810941232, -0.4720025540223201, -0.5846729825990966, -0.10470694779339923, 0.1710881731721507, 0.40386401027309055, -0.6655439202975958, -0.31011797345783315, -0.13526134302776596, 0.0, -0.8047416083889201, -0.5406728521062081, -0.524086118046935, -0.4696602553310683, -0.9717771903385054, -0.8869720388283627, -1.0016075778230429, -1.0959745009849342], [-0.8603018894969652, -0.5687478005729368, -0.18431462031684734, 0.11091279744768784, 0.3327390543665999, 0.22006862578982322, 0.7000346605955208, 0.9758297815610705, 1.20860561866201, 0.13919768809132405, 0.49462363493108713, 0.6694802653611538, 0.8047416083889201, 0.0, 0.26406875628271215, 0.2806554903419851, 0.33508135305785175, -0.1670355819495852, -0.08223043043944298, -0.19686596943412243, -0.29123289259601415], [-1.1243706457796774, -0.8328165568556487, -0.44838337659955946, -0.15315595883502442, 0.06867029808388758, -0.04400013049288902, 0.4359659043128085, 0.7117610252783586, 0.9445368623792983, -0.12487106819138827, 0.23055487864837457, 0.40541150907844153, 0.5406728521062081, -0.26406875628271215, 0.0, 0.016586734059272752, 0.07101259677513938, -0.4311043382322977, -0.34629918672215526, -0.4609347257168348, -0.5553016488787265], [-1.1409573798389498, -0.8494032909149217, -0.46497011065883237, -0.1697426928942971, 0.05208356402461486, -0.06058686455216182, 0.41937917025353577, 0.6951742912190858, 0.9279501283200262, -0.14145780225066099, 0.2139681445891018, 0.388824775019169, 0.524086118046935, -0.2806554903419851, -0.016586734059272752, 0.0, 0.05442586271586667, -0.4476910722915701, -0.3628859207814279, -0.47752145977610744, -0.5718883829379994], [-1.1953832425548172, -0.9038291536307881, -0.5193959733746989, -0.22416855561016383, -0.0023422986912518275, -0.11501272726802847, 0.36495330753766914, 0.640748428503219, 0.873524265604159, -0.1958836649665277, 0.15954228187323513, 0.3343989123033023, 0.4696602553310683, -0.33508135305785175, -0.07101259677513938, -0.05442586271586667, 0.0, -0.5021169350074366, -0.4173117834972948, -0.5319473224919744, -0.6263142456538661], [-0.6932663075473795, -0.4017122186233515, -0.017279038367262082, 0.27794837939727296, 0.4997746363161852, 0.38710420773940823, 0.867070242545106, 1.1428653635106556, 1.375641200611596, 0.3062332700409092, 0.661659216880672, 0.8365158473107392, 0.9717771903385054, 0.1670355819495852, 0.4311043382322977, 0.4476910722915701, 0.5021169350074366, 0.0, 0.08480515151014226, -0.0298303874845373, -0.12419731064642903], [-0.7780714590575224, -0.48651737013349383, -0.10208418987740434, 0.19314322788713081, 0.414969484806043, 0.3022990562292661, 0.7822650910349634, 1.0580602120005143, 1.2908360491014534, 0.22142811853076708, 0.5768540653705299, 0.7517106958005968, 0.8869720388283627, 0.08223043043944298, 0.34629918672215526, 0.3628859207814279, 0.4173117834972948, -0.08480515151014226, 0.0, -0.11463553899467951, -0.20900246215657123], [-0.6634359200628424, -0.3718818311388141, 0.012551349117275202, 0.30777876688181044, 0.5296050238007224, 0.41693459522394577, 0.8969006300296436, 1.1726957509951936, 1.4054715880961326, 0.3360636575254465, 0.6914896043652089, 0.866346234795277, 1.0016075778230429, 0.19686596943412243, 0.4609347257168348, 0.47752145977610744, 0.5319473224919744, 0.0298303874845373, 0.11463553899467951, 0.0, -0.09436692316189173], [-0.5690689969009505, -0.27751490797692246, 0.10691827227916698, 0.40214569004370204, 0.6239719469626142, 0.5113015183858375, 0.9912675531915347, 1.267062674157085, 1.4998385112580253, 0.4304305806873381, 0.7858565275271016, 0.9607131579571687, 1.0959745009849342, 0.29123289259601415, 0.5553016488787265, 0.5718883829379994, 0.6263142456538661, 0.12419731064642903, 0.20900246215657123, 0.09436692316189173, 0.0]]]