[[[0.0, -0.4367089889762015, -0.7781870547043442, -1.0918797682183097, -1.4012550678106848, -0.42422500671364893, -0.4508658618069103, -0.4377062908668518, -0.41814521048664477, -0.1543397456827496, -0.19754997360857665, -0.20841481456317923, -0.19200555671571945, 0.10498772409239704, 0.05651649583934847, -0.019231706897739023, -0.04262208960118083, 0.34915789290733124, 0.31228961717009823, 0.19591618930693847, 0.14033811262799026], [0.4367089889762015, 0.0, -0.34147806572814327, -0.6551707792421086, -0.9645460788344832, 0.012483982262552436, -0.014156872830708996, -0.0009973018906503969, 0.018563778489556707, 0.28236924329345175, 0.2391590153676249, 0.22829417441302227, 0.24470343226048213, 0.5416967130685985, 0.4932254848155499, 0.4174772820784625, 0.39408689937502056, 0.7858668818835325, 0.7489986061463, 0.6326251782831396, 0.5770471016041917], [0.7781870547043442, 0.34147806572814327, 0.0, -0.3136927135139653, -0.6230680131063403, 0.3539620479906958, 0.327321192897434, 0.34048076383749276, 0.36004184421769997, 0.6238473090215946, 0.5806370810957682, 0.5697722401411653, 0.5861814979886251, 0.8831747787967411, 0.8347035505436926, 0.7589553478066057, 0.7355649651031638, 1.1273449476116757, 1.090476671874443, 0.9741032440112829, 0.9185251673323346], [1.0918797682183097, 0.6551707792421086, 0.3136927135139653, 0.0, -0.30937529959237486, 0.6676547615046612, 0.6410139064113994, 0.6541734773514578, 0.6737345577316651, 0.9375400225355598, 0.8943297946097333, 0.8834649536551307, 0.8998742115025901, 1.1968674923107072, 1.1483962640576588, 1.0726480613205716, 1.0492576786171295, 1.4410376611256412, 1.4041693853884083, 1.2877959575252482, 1.2322178808463], [1.4012550678106848, 0.9645460788344832, 0.6230680131063403, 0.30937529959237486, 0.0, 0.9770300610970359, 0.9503892060037741, 0.963548776943833, 0.9831098573240402, 1.2469153221279348, 1.2037050942021081, 1.1928402532475058, 1.2092495110949657, 1.5062427919030825, 1.4577715636500344, 1.3820233609129453, 1.3586329782095043, 1.750412960718016, 1.7135446849807838, 1.5971712571176235, 1.5415931804386753], [0.42422500671364893, -0.012483982262552436, -0.3539620479906958, -0.6676547615046612, -0.9770300610970359, 0.0, -0.026640855093261435, -0.013481284153202844, 0.006079796227004271, 0.26988526103089927, 0.2266750331050724, 0.21581019215046976, 0.23221944999792968, 0.5292127308060461, 0.4807415025529972, 0.40499329981591, 0.38160291711246813, 0.7733828996209802, 0.7365146238837477, 0.620141196020587, 0.5645631193416394], [0.4508658618069103, 0.014156872830708996, -0.327321192897434, -0.6410139064113994, -0.9503892060037741, 0.026640855093261435, 0.0, 0.013159570940058601, 0.03272065132026571, 0.29652611612416074, 0.25331588819833395, 0.24245104724373123, 0.2588603050911912, 0.5558535858993076, 0.507382357646259, 0.4316341549091716, 0.40824377220572977, 0.8000237547142416, 0.7631554789770085, 0.6467820511138487, 0.5912039744349007], [0.4377062908668518, 0.0009973018906503969, -0.34048076383749276, -0.6541734773514578, -0.963548776943833, 0.013481284153202844, -0.013159570940058601, 0.0, 0.019561080380207114, 0.28336654518410215, 0.24015631725827521, 0.22929147630367247, 0.24570073415113253, 0.542694014959249, 0.4942227867062002, 0.41847458396911286, 0.3950842012656709, 0.7868641837741828, 0.7499959080369503, 0.6336224801737901, 0.5780444034948422], [0.41814521048664477, -0.018563778489556707, -0.36004184421769997, -0.6737345577316651, -0.9831098573240402, -0.006079796227004271, -0.03272065132026571, -0.019561080380207114, 0.0, 0.263805464803895, 0.22059523687806812, 0.2097303959234656, 0.22613965377092543, 0.5231329345790418, 0.474661706325993, 0.39891350358890565, 0.3755231208854641, 0.7673031033939762, 0.7304348276567437, 0.614061399793583, 0.5584833231146348], [0.1543397456827496, -0.28236924329345175, -0.6238473090215946, -0.9375400225355598, -1.2469153221279348, -0.26988526103089927, -0.29652611612416074, -0.28336654518410215, -0.263805464803895, 0.0, -0.043210227925826905, -0.054075068880429525, -0.0376658110329696, 0.25932746977514687, 0.2108562415220982, 0.13510803878501068, 0.11171765608156886, 0.5034976385900809, 0.46662936285284773, 0.3502559349896883, 0.29467785831073995], [0.19754997360857665, -0.2391590153676249, -0.5806370810957682, -0.8943297946097333, -1.2037050942021081, -0.2266750331050724, -0.25331588819833395, -0.24015631725827521, -0.22059523687806812, 0.043210227925826905, 0.0, -0.010864840954602616, 0.005544416892857313, 0.3025376977009736, 0.2540664694479252, 0.17831826671083767, 0.15492788400739577, 0.5467078665159075, 0.5098395907786751, 0.393466162915515, 0.33788808623656696], [0.20841481456317923, -0.22829417441302227, -0.5697722401411653, -0.8834649536551307, -1.1928402532475058, -0.21581019215046976, -0.24245104724373123, -0.22929147630367247, -0.2097303959234656, 0.054075068880429525, 0.010864840954602616, 0.0, 0.016409257847459932, 0.31340253865557627, 0.26493131040252765, 0.18918310766544025, 0.16579272496199846, 0.5575727074705104, 0.5207044317332779, 0.40433100387011783, 0.34875292719116957], [0.19200555671571945, -0.24470343226048213, -0.5861814979886251, -0.8998742115025901, -1.2092495110949657, -0.23221944999792968, -0.2588603050911912, -0.24570073415113253, -0.22613965377092543, 0.0376658110329696, -0.005544416892857313, -0.016409257847459932, 0.0, 0.29699328080811643, 0.24852205255506774, 0.17277384981798033, 0.14938346711453854, 0.5411634496230504, 0.5042951738858177, 0.38792174602265767, 0.3323436693437096], [-0.10498772409239704, -0.5416967130685985, -0.8831747787967411, -1.1968674923107072, -1.5062427919030825, -0.5292127308060461, -0.5558535858993076, -0.542694014959249, -0.5231329345790418, -0.25932746977514687, -0.3025376977009736, -0.31340253865557627, -0.29699328080811643, 0.0, -0.04847122825304858, -0.12421943099013605, -0.1476098136935779, 0.24417016881493406, 0.20730189307770133, 0.09092846521454147, 0.035350388535593275], [-0.05651649583934847, -0.4932254848155499, -0.8347035505436926, -1.1483962640576588, -1.4577715636500344, -0.4807415025529972, -0.507382357646259, -0.4942227867062002, -0.474661706325993, -0.2108562415220982, -0.2540664694479252, -0.26493131040252765, -0.24852205255506774, 0.04847122825304858, 0.0, -0.07574820273708753, -0.09913858544052932, 0.2926413970679826, 0.25577312133075, 0.13939969346759, 0.08382161678864185], [0.019231706897739023, -0.4174772820784625, -0.7589553478066057, -1.0726480613205716, -1.3820233609129453, -0.40499329981591, -0.4316341549091716, -0.41847458396911286, -0.39891350358890565, -0.13510803878501068, -0.17831826671083767, -0.18918310766544025, -0.17277384981798033, 0.12421943099013605, 0.07574820273708753, 0.0, -0.023390382703441816, 0.36838959980507036, 0.33152132406783735, 0.21514789620467753, 0.15956981952572935], [0.04262208960118083, -0.39408689937502056, -0.7355649651031638, -1.0492576786171295, -1.3586329782095043, -0.38160291711246813, -0.40824377220572977, -0.3950842012656709, -0.3755231208854641, -0.11171765608156886, -0.15492788400739577, -0.16579272496199846, -0.14938346711453854, 0.1476098136935779, 0.09913858544052932, 0.023390382703441816, 0.0, 0.39177998250851187, 0.3549117067712795, 0.23853827890811924, 0.18296020222917114], [-0.34915789290733124, -0.7858668818835325, -1.1273449476116757, -1.4410376611256412, -1.750412960718016, -0.7733828996209802, -0.8000237547142416, -0.7868641837741828, -0.7673031033939762, -0.5034976385900809, -0.5467078665159075, -0.5575727074705104, -0.5411634496230504, -0.24417016881493406, -0.2926413970679826, -0.36838959980507036, -0.39177998250851187, 0.0, -0.03686827573723274, -0.1532417036003926, -0.2088197802793409], [-0.31228961717009823, -0.7489986061463, -1.090476671874443, -1.4041693853884083, -1.7135446849807838, -0.7365146238837477, -0.7631554789770085, -0.7499959080369503, -0.7304348276567437, -0.46662936285284773, -0.5098395907786751, -0.5207044317332779, -0.5042951738858177, -0.20730189307770133, -0.25577312133075, -0.33152132406783735, -0.3549117067712795, 0.03686827573723274, 0.0, -0.11637342786315985, -0.17195150454210809], [-0.19591618930693847, -0.6326251782831396, -0.9741032440112829, -1.2877959575252482, -1.5971712571176235, -0.620141196020587, -0.6467820511138487, -0.6336224801737901, -0.614061399793583, -0.3502559349896883, -0.393466162915515, -0.40433100387011783, -0.38792174602265767, -0.09092846521454147, -0.13939969346759, -0.21514789620467753, -0.23853827890811924, 0.1532417036003926, 0.11637342786315985, 0.0, -0.055578076678948166], [-0.14033811262799026, -0.5770471016041917, -0.9185251673323346, -1.2322178808463, -1.5415931804386753, -0.5645631193416394, -0.5912039744349007, -0.5780444034948422, -0.5584833231146348, -0.29467785831073995, -0.33788808623656696, -0.34875292719116957, -0.3323436693437096, -0.035350388535593275, -0.08382161678864185, -0.15956981952572935, -0.18296020222917114, 0.2088197802793409, 0.17195150454210809, 0.055578076678948166, 0.0]], [[0.0, 0.18658315029596287, 0.5218909796440231, 0.76344070349914, 0.9026435153305211, 1.0433447467483226, 1.556634202822448, 1.8769493732870088, 2.1570040737538, 0.9879528407918085, 1.1510766228675298, 0.7515429737929193, 0.5567714001281248, 0.8974862162077126, 1.0122100406846222, 0.6318084213672343, 0.4807336289235133, 0.7965605290332612, 0.9266009979304212, 0.6568905618296946, 0.5147106157678326], [-0.18658315029596287, 0.0, 0.33530782934806, 0.5768575532031768, 0.7160603650345588, 0.8567615964523592, 1.3700510525264844, 1.6903662229910459, 1.9704209234578374, 0.8013696904958455, 0.9644934725715669, 0.564959823496956, 0.37018824983216214, 0.7109030659117501, 0.8256268903886589, 0.44522527107127147, 0.2941504786275505, 0.609977378737298, 0.7400178476344587, 0.47030741153373207, 0.3281274654718696], [-0.5218909796440231, -0.33530782934806, 0.0, 0.24154972385511672, 0.38075253568649836, 0.5214537671042997, 1.0347432231784246, 1.3550583936429863, 1.6351130941097773, 0.466061861147785, 0.6291856432235068, 0.22965199414889598, 0.034880420484102136, 0.37559523656369004, 0.49031906104059897, 0.10991744172321147, -0.041157350720509356, 0.2746695493892383, 0.40471001828639885, 0.13499958218567212, -0.007180363876190246], [-0.76344070349914, -0.5768575532031768, -0.24154972385511672, 0.0, 0.13920281183138164, 0.2799040432491826, 0.7931934993233076, 1.1135086697878684, 1.39356337025466, 0.22451213729266858, 0.3876359193683902, -0.011897729706220833, -0.2066693033710147, 0.13404551270857298, 0.2487693371854821, -0.13163228213190534, -0.282707074575626, 0.03311982553412157, 0.1631602944312818, -0.10655014166944458, -0.2487300877313069], [-0.9026435153305211, -0.7160603650345588, -0.38075253568649836, -0.13920281183138164, 0.0, 0.1407012314178011, 0.6539906874919258, 0.9743058579564879, 1.2543605584232789, 0.08530932546128703, 0.24843310753700862, -0.15110054153760252, -0.34587211520239647, -0.005157299122808629, 0.1095665253541006, -0.2708350939632869, -0.42190988640700794, -0.10608298629726003, 0.023957482599900208, -0.24575295350082627, -0.3879328995626887], [-1.0433447467483226, -0.8567615964523592, -0.5214537671042997, -0.2799040432491826, -0.1407012314178011, 0.0, 0.513289456074125, 0.8336046265386866, 1.1136593270054775, -0.05539190595651414, 0.10773187611920748, -0.29180177295540355, -0.4865733466201973, -0.14585853054060977, -0.031134706063700546, -0.4115363253810881, -0.5626111178248087, -0.24678421771506115, -0.11674374881790088, -0.3864541849186275, -0.5286341309804901], [-1.556634202822448, -1.3700510525264844, -1.0347432231784246, -0.7931934993233076, -0.6539906874919258, -0.513289456074125, 0.0, 0.3203151704645616, 0.6003698709313525, -0.568681362030639, -0.4055575799549173, -0.8050912290295282, -0.9998628026943227, -0.6591479866147344, -0.5444241621378252, -0.9248257814552128, -1.075900573898934, -0.7600736737891858, -0.6300332048920254, -0.8997436409927524, -1.0419235870546144], [-1.8769493732870088, -1.6903662229910459, -1.3550583936429863, -1.1135086697878684, -0.9743058579564879, -0.8336046265386866, -0.3203151704645616, 0.0, 0.28005470046679093, -0.8889965324952002, -0.7258727504194793, -1.12540639949409, -1.3201779731588836, -0.9794631570792965, -0.8647393326023871, -1.245140951919774, -1.3962157443634964, -1.0803888442537477, -0.9503483753565873, -1.2200588114573139, -1.3622387575191772], [-2.1570040737538, -1.9704209234578374, -1.6351130941097773, -1.39356337025466, -1.2543605584232789, -1.1136593270054775, -0.6003698709313525, -0.28005470046679093, 0.0, -1.1690512329619915, -1.0059274508862701, -1.4054610999608805, -1.6002326736256751, -1.259517857546087, -1.144794033069178, -1.5251956523865653, -1.6762704448302868, -1.360443544720539, -1.2304030758233784, -1.5001135119241047, -1.6422934579859676], [-0.9879528407918085, -0.8013696904958455, -0.466061861147785, -0.22451213729266858, -0.08530932546128703, 0.05539190595651414, 0.568681362030639, 0.8889965324952002, 1.1690512329619915, 0.0, 0.16312378207572162, -0.23640986699888938, -0.43118144066368325, -0.09046662458409566, 0.02425719989281361, -0.35614441942457403, -0.5072192118682948, -0.19139231175854704, -0.061351842861386806, -0.33106227896211315, -0.47324222502397534], [-1.1510766228675298, -0.9644934725715669, -0.6291856432235068, -0.3876359193683902, -0.24843310753700862, -0.10773187611920748, 0.4055575799549173, 0.7258727504194793, 1.0059274508862701, -0.16312378207572162, 0.0, -0.3995336490746111, -0.5943052227394048, -0.25359040665981736, -0.13886658218290804, -0.5192682015002957, -0.6703429939440165, -0.3545160938342687, -0.22447562493710843, -0.4941860610378348, -0.6363660070996972], [-0.7515429737929193, -0.564959823496956, -0.22965199414889598, 0.011897729706220833, 0.15110054153760252, 0.29180177295540355, 0.8050912290295282, 1.12540639949409, 1.4054610999608805, 0.23640986699888938, 0.3995336490746111, 0.0, -0.1947715736647938, 0.14594324241479378, 0.26066706689170305, -0.11973455242568445, -0.2708093448694053, 0.0450175552403424, 0.17505802413750268, -0.09465241196322381, -0.2368323580250861], [-0.5567714001281248, -0.37018824983216214, -0.034880420484102136, 0.2066693033710147, 0.34587211520239647, 0.4865733466201973, 0.9998628026943227, 1.3201779731588836, 1.6002326736256751, 0.43118144066368325, 0.5943052227394048, 0.1947715736647938, 0.0, 0.34071481607958765, 0.4554386405564968, 0.07503702123910938, -0.07603777120461155, 0.23978912890513626, 0.3698295978022964, 0.10011916170157002, -0.04206078436029239], [-0.8974862162077126, -0.7109030659117501, -0.37559523656369004, -0.13404551270857298, 0.005157299122808629, 0.14585853054060977, 0.6591479866147344, 0.9794631570792965, 1.259517857546087, 0.09046662458409566, 0.25359040665981736, -0.14594324241479378, -0.34071481607958765, 0.0, 0.11472382447690921, -0.2656777948404785, -0.4167525872841994, -0.10092568717445147, 0.029114781722708823, -0.24059565437801755, -0.38277560043987996], [-1.0122100406846222, -0.8256268903886589, -0.49031906104059897, -0.2487693371854821, -0.1095665253541006, 0.031134706063700546, 0.5444241621378252, 0.8647393326023871, 1.144794033069178, -0.02425719989281361, 0.13886658218290804, -0.26066706689170305, -0.4554386405564968, -0.11472382447690921, 0.0, -0.3804016193173874, -0.5314764117611084, -0.2156495116513607, -0.08560904275420039, -0.35531947885492704, -0.49749942491678917], [-0.6318084213672343, -0.44522527107127147, -0.10991744172321147, 0.13163228213190534, 0.2708350939632869, 0.4115363253810881, 0.9248257814552128, 1.245140951919774, 1.5251956523865653, 0.35614441942457403, 0.5192682015002957, 0.11973455242568445, -0.07503702123910938, 0.2656777948404785, 0.3804016193173874, 0.0, -0.1510747924437208, 0.16475210766602685, 0.29479257656318714, 0.025082140462460684, -0.11709780559940171], [-0.4807336289235133, -0.2941504786275505, 0.041157350720509356, 0.282707074575626, 0.42190988640700794, 0.5626111178248087, 1.075900573898934, 1.3962157443634964, 1.6762704448302868, 0.5072192118682948, 0.6703429939440165, 0.2708093448694053, 0.07603777120461155, 0.4167525872841994, 0.5314764117611084, 0.1510747924437208, 0.0, 0.3158269001097477, 0.4458673690069081, 0.17615693290618153, 0.03397698684431915], [-0.7965605290332612, -0.609977378737298, -0.2746695493892383, -0.03311982553412157, 0.10608298629726003, 0.24678421771506115, 0.7600736737891858, 1.0803888442537477, 1.360443544720539, 0.19139231175854704, 0.3545160938342687, -0.0450175552403424, -0.23978912890513626, 0.10092568717445147, 0.2156495116513607, -0.16475210766602685, -0.3158269001097477, 0.0, 0.13004046889716026, -0.13966996720356628, -0.28184991326542846], [-0.9266009979304212, -0.7400178476344587, -0.40471001828639885, -0.1631602944312818, -0.023957482599900208, 0.11674374881790088, 0.6300332048920254, 0.9503483753565873, 1.2304030758233784, 0.061351842861386806, 0.22447562493710843, -0.17505802413750268, -0.3698295978022964, -0.029114781722708823, 0.08560904275420039, -0.29479257656318714, -0.4458673690069081, -0.13004046889716026, 0.0, -0.2697104361007264, -0.41189038216258905], [-0.6568905618296946, -0.47030741153373207, -0.13499958218567212, 0.10655014166944458, 0.24575295350082627, 0.3864541849186275, 0.8997436409927524, 1.2200588114573139, 1.5001135119241047, 0.33106227896211315, 0.4941860610378348, 0.09465241196322381, -0.10011916170157002, 0.24059565437801755, 0.35531947885492704, -0.025082140462460684, -0.17615693290618153, 0.13966996720356628, 0.2697104361007264, 0.0, -0.1421799460618624], [-0.5147106157678326, -0.3281274654718696, 0.007180363876190246, 0.2487300877313069, 0.3879328995626887, 0.5286341309804901, 1.0419235870546144, 1.3622387575191772, 1.6422934579859676, 0.47324222502397534, 0.6363660070996972, 0.2368323580250861, 0.04206078436029239, 0.38277560043987996, 0.49749942491678917, 0.11709780559940171, -0.03397698684431915, 0.28184991326542846, 0.41189038216258905, 0.1421799460618624, 0.0]]]