[[[0.0, -0.33777878840282055, -0.4670576833532422, -0.4361970263479778, -0.30361707220920037, -0.418682888911279, -0.47548777183649527, -0.46901380807636817, -0.44983919211001583, -0.21485617808324456, -0.23327938881622962, -0.2371500889644466, -0.2334834592891687, -0.0016271512494663034, -0.022302178264447824, -0.047234077261168135, -0.04682583103439687, 0.23187863239727413, 0.1920294744049807, 0.1427681710410464, 0.12922284544642187], [0.33777878840282055, 0.0, -0.12927889495042152, -0.09841823794515756, 0.034161716193620094, -0.08090410050845864, -0.13770898343367471, -0.13123501967354775, -0.11206040370719542, 0.12292261031957595, 0.10449939958659081, 0.10062869943837388, 0.10429532911365187, 0.3361516371533542, 0.31547661013837275, 0.29054471114165237, 0.2909529573684237, 0.5696574208000945, 0.5298082628078011, 0.480546959443867, 0.4670016338492424], [0.4670576833532422, 0.12927889495042152, 0.0, 0.030860657005263956, 0.16344061114404163, 0.048374794441962916, -0.008430088483253231, -0.0019561247231262993, 0.017218491243226094, 0.25220150526999746, 0.23377829453701243, 0.22990759438879532, 0.2335742240640734, 0.4654305321037755, 0.44475550508879413, 0.41982360609207403, 0.4202318523188452, 0.6989363157505163, 0.6590871577582227, 0.6098258543942884, 0.5962805287996639], [0.4361970263479778, 0.09841823794515756, -0.030860657005263956, 0.0, 0.13257995413877766, 0.017514137436698936, -0.03929074548851719, -0.03281678172839024, -0.013642165762037844, 0.22134084826473344, 0.20291763753174843, 0.1990469373835315, 0.20271356705880947, 0.434569875098512, 0.4138948480835301, 0.38896294908681, 0.38937119531358133, 0.6680756587452521, 0.628226500752959, 0.5789651973890247, 0.5654198717943997], [0.30361707220920037, -0.034161716193620094, -0.16344061114404163, -0.13257995413877766, 0.0, -0.11506581670207872, -0.17187069962729487, -0.1653967358671679, -0.1462221199008155, 0.08876089412595581, 0.07033768339297075, 0.06646698324475377, 0.0701336129200318, 0.30198992095973415, 0.2813148939447525, 0.2563829949480324, 0.2567912411748036, 0.5354957046064747, 0.49564654661418117, 0.44638524325024675, 0.43283991765562246], [0.418682888911279, 0.08090410050845864, -0.048374794441962916, -0.017514137436698936, 0.11506581670207872, 0.0, -0.0568048829252161, -0.05033091916508918, -0.031156303198736798, 0.20382671082803452, 0.18540350009504958, 0.18153279994683252, 0.1851994296221105, 0.41705573766181303, 0.3963807106468314, 0.37144881165011107, 0.37185705787688234, 0.6505615213085535, 0.6107123633162598, 0.5614510599523256, 0.547905734357701], [0.47548777183649527, 0.13770898343367471, 0.008430088483253231, 0.03929074548851719, 0.17187069962729487, 0.0568048829252161, 0.0, 0.00647396376012693, 0.02564857972647933, 0.2606315937532506, 0.24220838302026557, 0.23833768287204862, 0.24200431254732657, 0.473860620587029, 0.45318559357204713, 0.428253694575327, 0.42866194080209846, 0.7073664042337693, 0.6675172462414758, 0.6182559428775416, 0.604710617282917], [0.46901380807636817, 0.13123501967354775, 0.0019561247231262993, 0.03281678172839024, 0.1653967358671679, 0.05033091916508918, -0.00647396376012693, 0.0, 0.019174615966352396, 0.25415762999312363, 0.2357344192601386, 0.23186371911192158, 0.23553034878719972, 0.46738665682690206, 0.4467116298119204, 0.42177973081520015, 0.42218797704197153, 0.7008924404736427, 0.661043282481349, 0.6117819791174146, 0.5982366535227901], [0.44983919211001583, 0.11206040370719542, -0.017218491243226094, 0.013642165762037844, 0.1462221199008155, 0.031156303198736798, -0.02564857972647933, -0.019174615966352396, 0.0, 0.23498301402677124, 0.2165598032937862, 0.2126891031455692, 0.21635573282084739, 0.4482120408605494, 0.42753701384556786, 0.4026051148488479, 0.40301336107561925, 0.6817178245072902, 0.6418686665149967, 0.5926073631510627, 0.5790620375564378], [0.21485617808324456, -0.12292261031957595, -0.25220150526999746, -0.22134084826473344, -0.08876089412595581, -0.20382671082803452, -0.2606315937532506, -0.25415762999312363, -0.23498301402677124, 0.0, -0.018423210732985085, -0.022293910881202056, -0.018627281205924048, 0.21322902683377826, 0.19255399981879684, 0.1676221008220765, 0.16803034704884773, 0.4467348104805186, 0.40688565248822534, 0.357624349124291, 0.3440790235296665], [0.23327938881622962, -0.10449939958659081, -0.23377829453701243, -0.20291763753174843, -0.07033768339297075, -0.18540350009504958, -0.24220838302026557, -0.2357344192601386, -0.2165598032937862, 0.018423210732985085, 0.0, -0.0038707001482169625, -0.0002040704729389653, 0.23165223756676345, 0.2109772105517819, 0.18604531155506163, 0.1864535577818329, 0.4651580212135038, 0.42530886322121025, 0.376047559857276, 0.3625022342626518], [0.2371500889644466, -0.10062869943837388, -0.22990759438879532, -0.1990469373835315, -0.06646698324475377, -0.18153279994683252, -0.23833768287204862, -0.23186371911192158, -0.2126891031455692, 0.022293910881202056, 0.0038707001482169625, 0.0, 0.0036666296752779987, 0.2355229377149804, 0.21484791069999892, 0.18991601170327854, 0.19032425793004973, 0.4690287213617207, 0.42917956336942714, 0.37991826000549317, 0.3663729344108685], [0.2334834592891687, -0.10429532911365187, -0.2335742240640734, -0.20271356705880947, -0.0701336129200318, -0.1851994296221105, -0.24200431254732657, -0.23553034878719972, -0.21635573282084739, 0.018627281205924048, 0.0002040704729389653, -0.0036666296752779987, 0.0, 0.23185630803970236, 0.2111812810247209, 0.1862493820280006, 0.1866576282547718, 0.46536209168644277, 0.4255129336941493, 0.37625163033021514, 0.36270630473559057], [0.0016271512494663034, -0.3361516371533542, -0.4654305321037755, -0.434569875098512, -0.30198992095973415, -0.41705573766181303, -0.473860620587029, -0.46738665682690206, -0.4482120408605494, -0.21322902683377826, -0.23165223756676345, -0.2355229377149804, -0.23185630803970236, 0.0, -0.020675027014981532, -0.04560692601170182, -0.04519867978493055, 0.2335057836467405, 0.19365662565444705, 0.14439532229051266, 0.13084999669588818], [0.022302178264447824, -0.31547661013837275, -0.44475550508879413, -0.4138948480835301, -0.2813148939447525, -0.3963807106468314, -0.45318559357204713, -0.4467116298119204, -0.42753701384556786, -0.19255399981879684, -0.2109772105517819, -0.21484791069999892, -0.2111812810247209, 0.020675027014981532, 0.0, -0.02493189899672028, -0.024523652769949052, 0.2541808106617219, 0.21433165266942847, 0.16507034930549427, 0.1515250237108697], [0.047234077261168135, -0.29054471114165237, -0.41982360609207403, -0.38896294908681, -0.2563829949480324, -0.37144881165011107, -0.428253694575327, -0.42177973081520015, -0.4026051148488479, -0.1676221008220765, -0.18604531155506163, -0.18991601170327854, -0.1862493820280006, 0.04560692601170182, 0.02493189899672028, 0.0, 0.0004082462267712489, 0.27911270965844226, 0.23926355166614882, 0.19000224830221454, 0.17645692270759006], [0.04682583103439687, -0.2909529573684237, -0.4202318523188452, -0.38937119531358133, -0.2567912411748036, -0.37185705787688234, -0.42866194080209846, -0.42218797704197153, -0.40301336107561925, -0.16803034704884773, -0.1864535577818329, -0.19032425793004973, -0.1866576282547718, 0.04519867978493055, 0.024523652769949052, -0.0004082462267712489, 0.0, 0.27870446343167105, 0.23885530543937744, 0.18959400207544327, 0.1760486764808188], [-0.23187863239727413, -0.5696574208000945, -0.6989363157505163, -0.6680756587452521, -0.5354957046064747, -0.6505615213085535, -0.7073664042337693, -0.7008924404736427, -0.6817178245072902, -0.4467348104805186, -0.4651580212135038, -0.4690287213617207, -0.46536209168644277, -0.2335057836467405, -0.2541808106617219, -0.27911270965844226, -0.27870446343167105, 0.0, -0.039849157992293494, -0.08911046135622774, -0.10265578695085226], [-0.1920294744049807, -0.5298082628078011, -0.6590871577582227, -0.628226500752959, -0.49564654661418117, -0.6107123633162598, -0.6675172462414758, -0.661043282481349, -0.6418686665149967, -0.40688565248822534, -0.42530886322121025, -0.42917956336942714, -0.4255129336941493, -0.19365662565444705, -0.21433165266942847, -0.23926355166614882, -0.23885530543937744, 0.039849157992293494, 0.0, -0.04926130336393428, -0.06280662895855879], [-0.1427681710410464, -0.480546959443867, -0.6098258543942884, -0.5789651973890247, -0.44638524325024675, -0.5614510599523256, -0.6182559428775416, -0.6117819791174146, -0.5926073631510627, -0.357624349124291, -0.376047559857276, -0.37991826000549317, -0.37625163033021514, -0.14439532229051266, -0.16507034930549427, -0.19000224830221454, -0.18959400207544327, 0.08911046135622774, 0.04926130336393428, 0.0, -0.013545325594624527], [-0.12922284544642187, -0.4670016338492424, -0.5962805287996639, -0.5654198717943997, -0.43283991765562246, -0.547905734357701, -0.604710617282917, -0.5982366535227901, -0.5790620375564378, -0.3440790235296665, -0.3625022342626518, -0.3663729344108685, -0.36270630473559057, -0.13084999669588818, -0.1515250237108697, -0.17645692270759006, -0.1760486764808188, 0.10265578695085226, 0.06280662895855879, 0.013545325594624527, 0.0]], [[0.0, 0.22195047759262998, 0.5532287945408041, 0.8441947547890087, 0.9703443922214585, 0.9232580066534206, 1.3429503384929655, 1.3144849089915274, 1.2241827956075335, 0.9764012004732504, 1.3903076011526252, 1.2642584685499643, 1.112216583580365, 0.9688959893962134, 1.344907697228516, 1.2022241765950794, 1.0444357943045781, 0.8958655568863698, 1.1682065066332021, 1.0780331733516946, 0.9500355935343937], [-0.22195047759262998, 0.0, 0.331278316948174, 0.6222442771963788, 0.748393914628829, 0.701307529060791, 1.1209998609003358, 1.0925344313988972, 1.0022323180149038, 0.7544507228806201, 1.168357123559995, 1.0423079909573338, 0.890266105987735, 0.7469455118035832, 1.1229572196358852, 0.9802736990024487, 0.8224853167119484, 0.6739150792937393, 0.9462560290405717, 0.8560826957590649, 0.7280851159417633], [-0.5532287945408041, -0.331278316948174, 0.0, 0.2909659602482047, 0.4171155976806542, 0.3700292121126168, 0.7897215439521613, 0.7612561144507233, 0.6709540010667299, 0.42317240593244554, 0.837078806611821, 0.7110296740091597, 0.5589877890395611, 0.4156671948554091, 0.7916789026877106, 0.6489953820542753, 0.49120699976377397, 0.34263676234556534, 0.6149777120923983, 0.5248043788108904, 0.396806798993589], [-0.8441947547890087, -0.6222442771963788, -0.2909659602482047, 0.0, 0.12614963743244975, 0.07906325186441199, 0.49875558370395695, 0.4702901542025186, 0.3799880408185247, 0.13220644568424114, 0.5461128463636166, 0.42006371376095525, 0.2680218287913563, 0.12470123460720448, 0.5007129424395063, 0.35802942180607056, 0.20024103951556918, 0.05167080209736064, 0.3240117518441935, 0.23383841856268586, 0.10584083874538423], [-0.9703443922214585, -0.748393914628829, -0.4171155976806542, -0.12614963743244975, 0.0, -0.04708638556803771, 0.3726059462715071, 0.34414051677006907, 0.2538384033860751, 0.006056808251791403, 0.41996320893116684, 0.29391407632850564, 0.14187219135890658, -0.0014484028252451705, 0.3745633050070566, 0.23187978437362097, 0.07409140208311951, -0.07447883533508902, 0.19786211441174376, 0.10768878113023618, -0.02030879868706541], [-0.9232580066534206, -0.701307529060791, -0.3700292121126168, -0.07906325186441199, 0.04708638556803771, 0.0, 0.41969233183954474, 0.3912269023381068, 0.30092478895411306, 0.053143193819829085, 0.4670495944992045, 0.34100046189654326, 0.1889585769269442, 0.045637982742792536, 0.42164969057509416, 0.2789661699416586, 0.12117778765115722, -0.02739244976705133, 0.24494849997978144, 0.1547751666982738, 0.02677758688097228], [-1.3429503384929655, -1.1209998609003358, -0.7897215439521613, -0.49875558370395695, -0.3726059462715071, -0.41969233183954474, 0.0, -0.028465429501438, -0.11876754288543191, -0.36654913801971567, 0.047357262659659734, -0.07869186994300137, -0.2307337549126004, -0.3740543490967523, 0.0019573587355494354, -0.1407261618978862, -0.2985145441883876, -0.44708478160659626, -0.17474383185976333, -0.2649171651412708, -0.3929147449585723], [-1.3144849089915274, -1.0925344313988972, -0.7612561144507233, -0.4702901542025186, -0.34414051677006907, -0.3912269023381068, 0.028465429501438, 0.0, -0.09030211338399387, -0.3380837085182778, 0.07582269216109777, -0.05022644044156335, -0.2022683254111624, -0.34558891959531435, 0.030422788236987436, -0.11226073239644814, -0.2700491146869497, -0.41861935210515777, -0.1462784023583254, -0.23645173563983282, -0.3644493154571346], [-1.2241827956075335, -1.0022323180149038, -0.6709540010667299, -0.3799880408185247, -0.2538384033860751, -0.30092478895411306, 0.11876754288543191, 0.09030211338399387, 0.0, -0.24778159513428372, 0.16612480554509168, 0.04007567294243056, -0.11196621202716857, -0.2552868062113203, 0.1207249016209813, -0.02195861901245428, -0.17974700130295562, -0.328317238721164, -0.055976288974331434, -0.14614962225583905, -0.27414720207314064], [-0.9764012004732504, -0.7544507228806201, -0.42317240593244554, -0.13220644568424114, -0.006056808251791403, -0.053143193819829085, 0.36654913801971567, 0.3380837085182778, 0.24778159513428372, 0.0, 0.4139064006793754, 0.28785726807671425, 0.13581538310711513, -0.007505211077036571, 0.368506496755265, 0.22582297612182967, 0.06803459383132812, -0.0805356435868804, 0.1918053061599523, 0.10163197287844476, -0.02636560693885684], [-1.3903076011526252, -1.168357123559995, -0.837078806611821, -0.5461128463636166, -0.41996320893116684, -0.4670495944992045, -0.047357262659659734, -0.07582269216109777, -0.16612480554509168, -0.4139064006793754, 0.0, -0.1260491326026611, -0.27809101757226035, -0.42141161175641195, -0.0453999039241103, -0.18808342455754587, -0.34587180684804714, -0.4944420442662559, -0.2221010945194231, -0.31227442780093073, -0.44027200761823226], [-1.2642584685499643, -1.0423079909573338, -0.7110296740091597, -0.42006371376095525, -0.29391407632850564, -0.34100046189654326, 0.07869186994300137, 0.05022644044156335, -0.04007567294243056, -0.28785726807671425, 0.1260491326026611, 0.0, -0.15204188496959914, -0.29536247915375086, 0.08064922867855077, -0.0620342919548848, -0.219822674245386, -0.3683929116635949, -0.09605196191676195, -0.18622529519826955, -0.31422287501557117], [-1.112216583580365, -0.890266105987735, -0.5589877890395611, -0.2680218287913563, -0.14187219135890658, -0.1889585769269442, 0.2307337549126004, 0.2022683254111624, 0.11196621202716857, -0.13581538310711513, 0.27809101757226035, 0.15204188496959914, 0.0, -0.14332059418415175, 0.2326911136481499, 0.09000759301471434, -0.0677807892757871, -0.21635102669399559, 0.055989923052837176, -0.03418341022867041, -0.16218099004597203], [-0.9688959893962134, -0.7469455118035832, -0.4156671948554091, -0.12470123460720448, 0.0014484028252451705, -0.045637982742792536, 0.3740543490967523, 0.34558891959531435, 0.2552868062113203, 0.007505211077036571, 0.42141161175641195, 0.29536247915375086, 0.14332059418415175, 0.0, 0.3760117078323018, 0.23332818719886622, 0.07553980490836466, -0.07303043250984387, 0.1993105172369889, 0.10913718395548135, -0.01886039586182026], [-1.344907697228516, -1.1229572196358852, -0.7916789026877106, -0.5007129424395063, -0.3745633050070566, -0.42164969057509416, -0.0019573587355494354, -0.030422788236987436, -0.1207249016209813, -0.368506496755265, 0.0453999039241103, -0.08064922867855077, -0.2326911136481499, -0.3760117078323018, 0.0, -0.14268352063343556, -0.3004719029239371, -0.4490421403421456, -0.17670119059531278, -0.2668745238768202, -0.39487210369412185], [-1.2022241765950794, -0.9802736990024487, -0.6489953820542753, -0.35802942180607056, -0.23187978437362097, -0.2789661699416586, 0.1407261618978862, 0.11226073239644814, 0.02195861901245428, -0.22582297612182967, 0.18808342455754587, 0.0620342919548848, -0.09000759301471434, -0.23332818719886622, 0.14268352063343556, 0.0, -0.1577883822905014, -0.30635861970871, -0.034017669961877155, -0.12419100324338478, -0.2521885830606863], [-1.0444357943045781, -0.8224853167119484, -0.49120699976377397, -0.20024103951556918, -0.07409140208311951, -0.12117778765115722, 0.2985145441883876, 0.2700491146869497, 0.17974700130295562, -0.06803459383132812, 0.34587180684804714, 0.219822674245386, 0.0677807892757871, -0.07553980490836466, 0.3004719029239371, 0.1577883822905014, 0.0, -0.14857023741820855, 0.12377071232862423, 0.033597379047116675, -0.09440020077018497], [-0.8958655568863698, -0.6739150792937393, -0.34263676234556534, -0.05167080209736064, 0.07447883533508902, 0.02739244976705133, 0.44708478160659626, 0.41861935210515777, 0.328317238721164, 0.0805356435868804, 0.4944420442662559, 0.3683929116635949, 0.21635102669399559, 0.07303043250984387, 0.4490421403421456, 0.30635861970871, 0.14857023741820855, 0.0, 0.2723409497468328, 0.18216761646532528, 0.05417003664802361], [-1.1682065066332021, -0.9462560290405717, -0.6149777120923983, -0.3240117518441935, -0.19786211441174376, -0.24494849997978144, 0.17474383185976333, 0.1462784023583254, 0.055976288974331434, -0.1918053061599523, 0.2221010945194231, 0.09605196191676195, -0.055989923052837176, -0.1993105172369889, 0.17670119059531278, 0.034017669961877155, -0.12377071232862423, -0.2723409497468328, 0.0, -0.09017333328150758, -0.21817091309880912], [-1.0780331733516946, -0.8560826957590649, -0.5248043788108904, -0.23383841856268586, -0.10768878113023618, -0.1547751666982738, 0.2649171651412708, 0.23645173563983282, 0.14614962225583905, -0.10163197287844476, 0.31227442780093073, 0.18622529519826955, 0.03418341022867041, -0.10913718395548135, 0.2668745238768202, 0.12419100324338478, -0.033597379047116675, -0.18216761646532528, 0.09017333328150758, 0.0, -0.12799757981730156], [-0.9500355935343937, -0.7280851159417633, -0.396806798993589, -0.10584083874538423, 0.02030879868706541, -0.02677758688097228, 0.3929147449585723, 0.3644493154571346, 0.27414720207314064, 0.02636560693885684, 0.44027200761823226, 0.31422287501557117, 0.16218099004597203, 0.01886039586182026, 0.39487210369412185, 0.2521885830606863, 0.09440020077018497, -0.05417003664802361, 0.21817091309880912, 0.12799757981730156, 0.0]]]