[[[0.0, -0.3318694977359049, -0.4719941924846019, -0.4533347469873792, -0.31159359580099033, -0.2949066815429342, -0.35083639981769754, -0.35899732533579554, -0.36046852383751565, -0.061803011927938564, -0.058534533762672085, -0.08744771835276573, -0.10844724274702827, 0.17651095239926776, 0.2005405455734941, 0.1442635908716116, 0.12088158211857258, 0.4183454574973405, 0.3979099003713853, 0.32089769990149647, 0.28429223299206025], [0.3318694977359049, 0.0, -0.1401246947486973, -0.12146524925147453, 0.020275901934914436, 0.03696281619297054, -0.01896690208179297, -0.027127827599890773, -0.02859902610161099, 0.2700664858079662, 0.27333496397323254, 0.244421779383139, 0.22342225498887636, 0.5083804501351725, 0.532410043309399, 0.476133088607516, 0.4527510798544773, 0.7502149552332456, 0.7297793981072903, 0.6527671976374013, 0.6161617307279649], [0.4719941924846019, 0.1401246947486973, 0.0, 0.018659445497222715, 0.1604005966836117, 0.17708751094166775, 0.12115779266690428, 0.11299686714880641, 0.11152566864708625, 0.4101911805566633, 0.41345965872192975, 0.38454647413183624, 0.3635469497375737, 0.6485051448838698, 0.672534738058096, 0.6162577833562137, 0.5928757746031749, 0.890339649981942, 0.8699040928559874, 0.7928918923860983, 0.7562864254766625], [0.4533347469873792, 0.12146524925147453, -0.018659445497222715, 0.0, 0.141741151186389, 0.1584280654444451, 0.10249834716968159, 0.09433742165158376, 0.09286622314986356, 0.3915317350594407, 0.3948002132247071, 0.3658870286346136, 0.344887504240351, 0.6298456993866474, 0.6538752925608731, 0.5975983378589911, 0.5742163291059519, 0.8716802044847198, 0.8512446473587645, 0.7742324468888756, 0.7376269799794393], [0.31159359580099033, -0.020275901934914436, -0.1604005966836117, -0.141741151186389, 0.0, 0.016686914258056126, -0.03924280401670739, -0.04740372953480522, -0.048874928036525454, 0.24979058387305172, 0.2530590620383183, 0.2241458774482247, 0.20314635305396206, 0.4881045482002579, 0.5121341413744843, 0.4558571866726019, 0.43247517791956275, 0.7299390532983306, 0.7095034961723755, 0.6324912957024871, 0.5958858287930509], [0.2949066815429342, -0.03696281619297054, -0.17708751094166775, -0.1584280654444451, -0.016686914258056126, 0.0, -0.055929718274763535, -0.06409064379286133, -0.06556184229458153, 0.23310366961499557, 0.23637214778026214, 0.20745896319016854, 0.1864594387959059, 0.4714176339422018, 0.49544722711642836, 0.4391702724145457, 0.41578826366150656, 0.713252139040275, 0.6928165819143196, 0.6158043814444307, 0.5791989145349947], [0.35083639981769754, 0.01896690208179297, -0.12115779266690428, -0.10249834716968159, 0.03924280401670739, 0.055929718274763535, 0.0, -0.008160925518097802, -0.009632124019818033, 0.28903338788975924, 0.2923018660550257, 0.26338868146493194, 0.24238915707066946, 0.5273473522169655, 0.5513769453911922, 0.49509999068930916, 0.47171798193627035, 0.7691818573150386, 0.7487463001890831, 0.671734099719194, 0.635128632809758], [0.35899732533579554, 0.027127827599890773, -0.11299686714880641, -0.09433742165158376, 0.04740372953480522, 0.06409064379286133, 0.008160925518097802, 0.0, -0.0014711985017202315, 0.29719431340785707, 0.3004627915731235, 0.27154960698302977, 0.2505500825887672, 0.5355082777350633, 0.5595378709092899, 0.5032609162074072, 0.47987890745436806, 0.7773427828331365, 0.756907225707181, 0.6798950252372917, 0.6432895583278558], [0.36046852383751565, 0.02859902610161099, -0.11152566864708625, -0.09286622314986356, 0.048874928036525454, 0.06556184229458153, 0.009632124019818033, 0.0014711985017202315, 0.0, 0.2986655119095773, 0.30193399007484373, 0.2730208054847501, 0.2520212810904875, 0.5369794762367835, 0.5610090694110103, 0.5047321147091273, 0.48135010595608835, 0.7788139813348569, 0.7583784242089012, 0.6813662237390119, 0.6447607568295761], [0.061803011927938564, -0.2700664858079662, -0.4101911805566633, -0.3915317350594407, -0.24979058387305172, -0.23310366961499557, -0.28903338788975924, -0.29719431340785707, -0.2986655119095773, 0.0, 0.003268478165266509, -0.025644706424827142, -0.04664423081908968, 0.23831396432720633, 0.2623435575014328, 0.2060666027995502, 0.1826845940465111, 0.48014846942527933, 0.45971291229932393, 0.38270071182943516, 0.3460952449199987], [0.058534533762672085, -0.27333496397323254, -0.41345965872192975, -0.3948002132247071, -0.2530590620383183, -0.23637214778026214, -0.2923018660550257, -0.3004627915731235, -0.30193399007484373, -0.003268478165266509, 0.0, -0.028913184590093653, -0.04991270898435619, 0.23504548616193977, 0.2590750793361662, 0.20279812463428357, 0.1794161158812447, 0.47687999126001285, 0.45644443413405755, 0.37943223366416845, 0.3428267667547321], [0.08744771835276573, -0.244421779383139, -0.38454647413183624, -0.3658870286346136, -0.2241458774482247, -0.20745896319016854, -0.26338868146493194, -0.27154960698302977, -0.2730208054847501, 0.025644706424827142, 0.028913184590093653, 0.0, -0.020999524394262527, 0.26395867075203355, 0.28798826392626004, 0.23171130922437727, 0.2083293004713383, 0.5057931758501064, 0.48535761872415123, 0.40834541825426224, 0.37173995134482574], [0.10844724274702827, -0.22342225498887636, -0.3635469497375737, -0.344887504240351, -0.20314635305396206, -0.1864594387959059, -0.24238915707066946, -0.2505500825887672, -0.2520212810904875, 0.04664423081908968, 0.04991270898435619, 0.020999524394262527, 0.0, 0.28495819514629606, 0.3089877883205224, 0.2527108336186398, 0.2293288248656008, 0.5267927002443691, 0.5063571431184137, 0.42934494264852446, 0.39273947573908835], [-0.17651095239926776, -0.5083804501351725, -0.6485051448838698, -0.6298456993866474, -0.4881045482002579, -0.4714176339422018, -0.5273473522169655, -0.5355082777350633, -0.5369794762367835, -0.23831396432720633, -0.23504548616193977, -0.26395867075203355, -0.28495819514629606, 0.0, 0.024029593174226403, -0.032247361527656164, -0.05562937028069514, 0.24183450509807297, 0.22139894797211757, 0.14438674750222882, 0.10778128059279243], [-0.2005405455734941, -0.532410043309399, -0.672534738058096, -0.6538752925608731, -0.5121341413744843, -0.49544722711642836, -0.5513769453911922, -0.5595378709092899, -0.5610090694110103, -0.2623435575014328, -0.2590750793361662, -0.28798826392626004, -0.3089877883205224, -0.024029593174226403, 0.0, -0.05627695470188257, -0.07965896345492154, 0.2178049119238464, 0.19736935479789125, 0.12035715432800238, 0.08375168741856599], [-0.1442635908716116, -0.476133088607516, -0.6162577833562137, -0.5975983378589911, -0.4558571866726019, -0.4391702724145457, -0.49509999068930916, -0.5032609162074072, -0.5047321147091273, -0.2060666027995502, -0.20279812463428357, -0.23171130922437727, -0.2527108336186398, 0.032247361527656164, 0.05627695470188257, 0.0, -0.023382008753038974, 0.27408186662572914, 0.25364630949977385, 0.17663410902988497, 0.14002864212044863], [-0.12088158211857258, -0.4527510798544773, -0.5928757746031749, -0.5742163291059519, -0.43247517791956275, -0.41578826366150656, -0.47171798193627035, -0.47987890745436806, -0.48135010595608835, -0.1826845940465111, -0.1794161158812447, -0.2083293004713383, -0.2293288248656008, 0.05562937028069514, 0.07965896345492154, 0.023382008753038974, 0.0, 0.2974638753787683, 0.2770283182528129, 0.20001611778292389, 0.16341065087348763], [-0.4183454574973405, -0.7502149552332456, -0.890339649981942, -0.8716802044847198, -0.7299390532983306, -0.713252139040275, -0.7691818573150386, -0.7773427828331365, -0.7788139813348569, -0.48014846942527933, -0.47687999126001285, -0.5057931758501064, -0.5267927002443691, -0.24183450509807297, -0.2178049119238464, -0.27408186662572914, -0.2974638753787683, 0.0, -0.02043555712595534, -0.09744775759584419, -0.13405322450528054], [-0.3979099003713853, -0.7297793981072903, -0.8699040928559874, -0.8512446473587645, -0.7095034961723755, -0.6928165819143196, -0.7487463001890831, -0.756907225707181, -0.7583784242089012, -0.45971291229932393, -0.45644443413405755, -0.48535761872415123, -0.5063571431184137, -0.22139894797211757, -0.19736935479789125, -0.25364630949977385, -0.2770283182528129, 0.02043555712595534, 0.0, -0.07701220046988884, -0.11361766737932517], [-0.32089769990149647, -0.6527671976374013, -0.7928918923860983, -0.7742324468888756, -0.6324912957024871, -0.6158043814444307, -0.671734099719194, -0.6798950252372917, -0.6813662237390119, -0.38270071182943516, -0.37943223366416845, -0.40834541825426224, -0.42934494264852446, -0.14438674750222882, -0.12035715432800238, -0.17663410902988497, -0.20001611778292389, 0.09744775759584419, 0.07701220046988884, 0.0, -0.036605466909436356], [-0.28429223299206025, -0.6161617307279649, -0.7562864254766625, -0.7376269799794393, -0.5958858287930509, -0.5791989145349947, -0.635128632809758, -0.6432895583278558, -0.6447607568295761, -0.3460952449199987, -0.3428267667547321, -0.37173995134482574, -0.39273947573908835, -0.10778128059279243, -0.08375168741856599, -0.14002864212044863, -0.16341065087348763, 0.13405322450528054, 0.11361766737932517, 0.036605466909436356, 0.0]], [[0.0, 0.26483443835077053, 0.6185552682878667, 0.9308779358898888, 1.0844261232042864, 0.986790377008417, 1.37624794907642, 1.3258826754281918, 1.2411198954437621, 0.9979711971663572, 1.3877921714057087, 1.2627524977710174, 1.127073837871924, 0.9381393208917517, 1.3170088953605352, 1.161443455378984, 1.003428456744399, 0.8061548718004947, 1.0386931197138125, 0.9118936578348076, 0.7659371939115098], [-0.26483443835077053, 0.0, 0.3537208299370958, 0.6660434975391186, 0.8195916848535165, 0.7219559386576466, 1.1114135107256495, 1.061048237077421, 0.9762854570929913, 0.7331367588155869, 1.1229577330549385, 0.9979180594202463, 0.8622393995211529, 0.6733048825409811, 1.0521744570097658, 0.896609017028213, 0.7385940183936284, 0.5413204334497244, 0.7738586813630421, 0.6470592194840374, 0.5011027555607392], [-0.6185552682878667, -0.3537208299370958, 0.0, 0.3123226676020222, 0.4658708549164202, 0.36823510872055065, 0.7576926807885535, 0.7073274071403248, 0.6225646271558958, 0.37941592887849074, 0.7692369031178425, 0.6441972294831502, 0.5085185695840573, 0.3195840526038852, 0.698453627072669, 0.5428881870911173, 0.3848731884565322, 0.1875996035126283, 0.42013785142594606, 0.2933383895469412, 0.1473819256236431], [-0.9308779358898888, -0.6660434975391186, -0.3123226676020222, 0.0, 0.15354818731439826, 0.05591244111852846, 0.4453700131865308, 0.39500473953830256, 0.31024195955387357, 0.06709326127646867, 0.4569142355158202, 0.3318745618811282, 0.19619590198203493, 0.007261385001863061, 0.38613095947064663, 0.23056551948909532, 0.07255052085451012, -0.12472306408939397, 0.10781518382392381, -0.01898427805508099, -0.16494074197837907], [-1.0844261232042864, -0.8195916848535165, -0.4658708549164202, -0.15354818731439826, 0.0, -0.09763574619586973, 0.29182182587213273, 0.2414565522239045, 0.15669377223947534, -0.08645492603792951, 0.30336604820142227, 0.17832637456672998, 0.04264771466763675, -0.14628680231253513, 0.23258277215624878, 0.07701733217469699, -0.0809976664598881, -0.27827125140379216, -0.04573300349047442, -0.17253246536947922, -0.31848892929277733], [-0.986790377008417, -0.7219559386576466, -0.36823510872055065, -0.05591244111852846, 0.09763574619586973, 0.0, 0.3894575720680027, 0.33909229841977434, 0.25432951843534507, 0.011180820157940221, 0.4010017943972916, 0.2759621207625997, 0.14028346086350646, -0.04865105611666543, 0.33021851835211846, 0.17465307837056673, 0.01663807973598167, -0.1806355052079225, 0.0519027427053953, -0.07489671917360945, -0.22085318309690752], [-1.37624794907642, -1.1114135107256495, -0.7576926807885535, -0.4453700131865308, -0.29182182587213273, -0.3894575720680027, 0.0, -0.05036527364822836, -0.1351280536326575, -0.37827675191006244, 0.011544222329289254, -0.11349545130540287, -0.24917411120449612, -0.4381086281846678, -0.05923905371588417, -0.21480449369743582, -0.372819492332021, -0.5700930772759253, -0.3375548293626073, -0.46435429124161187, -0.6103107551649103], [-1.3258826754281918, -1.061048237077421, -0.7073274071403248, -0.39500473953830256, -0.2414565522239045, -0.33909229841977434, 0.05036527364822836, 0.0, -0.08476277998442913, -0.32791147826183403, 0.061909495977517645, -0.06313017765717459, -0.19880883755626777, -0.3877433545364395, -0.00887378006765583, -0.1644392200492075, -0.32245421868379254, -0.5197278036276968, -0.287189555714379, -0.41398901759338375, -0.559945481516682], [-1.2411198954437621, -0.9762854570929913, -0.6225646271558958, -0.31024195955387357, -0.15669377223947534, -0.25432951843534507, 0.1351280536326575, 0.08476277998442913, 0.0, -0.2431486982774049, 0.14667227596194676, 0.02163260232725463, -0.11404605757183858, -0.30298057455201044, 0.07588899991677332, -0.07967644006477835, -0.2376914386993635, -0.4349650236432675, -0.20242677572994974, -0.3292262376089545, -0.47518270153225267], [-0.9979711971663572, -0.7331367588155869, -0.37941592887849074, -0.06709326127646867, 0.08645492603792951, -0.011180820157940221, 0.37827675191006244, 0.32791147826183403, 0.2431486982774049, 0.0, 0.3898209742393516, 0.2647813006046596, 0.12910264070556626, -0.059831876274605636, 0.31903769819417827, 0.1634722582126265, 0.0054572595780414445, -0.1918163253658628, 0.040721922547455096, -0.08607753933154969, -0.23203400325484774], [-1.3877921714057087, -1.1229577330549385, -0.7692369031178425, -0.4569142355158202, -0.30336604820142227, -0.4010017943972916, -0.011544222329289254, -0.061909495977517645, -0.14667227596194676, -0.3898209742393516, 0.0, -0.1250396736346921, -0.2607183335337853, -0.44965285051395737, -0.07078327604517345, -0.22634871602672518, -0.38436371466131014, -0.5816372996052146, -0.3490990516918965, -0.4758985135709011, -0.6218549774941995], [-1.2627524977710174, -0.9979180594202463, -0.6441972294831502, -0.3318745618811282, -0.17832637456672998, -0.2759621207625997, 0.11349545130540287, 0.06313017765717459, -0.02163260232725463, -0.2647813006046596, 0.1250396736346921, 0.0, -0.13567865989909322, -0.3246131768792652, 0.054256397589518696, -0.10130904239203295, -0.2593240410266179, -0.45659762597052195, -0.22405937805720433, -0.35085883993620925, -0.49681530385950734], [-1.127073837871924, -0.8622393995211529, -0.5085185695840573, -0.19619590198203493, -0.04264771466763675, -0.14028346086350646, 0.24917411120449612, 0.19880883755626777, 0.11404605757183858, -0.12910264070556626, 0.2607183335337853, 0.13567865989909322, 0.0, -0.188934516980172, 0.189935057488612, 0.03436961750706024, -0.12364538112752482, -0.32091896607142884, -0.08838071815811116, -0.21518018003711603, -0.361136643960414], [-0.9381393208917517, -0.6733048825409811, -0.3195840526038852, -0.007261385001863061, 0.14628680231253513, 0.04865105611666543, 0.4381086281846678, 0.3877433545364395, 0.30298057455201044, 0.059831876274605636, 0.44965285051395737, 0.3246131768792652, 0.188934516980172, 0.0, 0.37886957446878383, 0.22330413448723213, 0.06528913585264708, -0.13198444909125698, 0.10055379882206075, -0.026245663056944063, -0.17220212698024218], [-1.3170088953605352, -1.0521744570097658, -0.698453627072669, -0.38613095947064663, -0.23258277215624878, -0.33021851835211846, 0.05923905371588417, 0.00887378006765583, -0.07588899991677332, -0.31903769819417827, 0.07078327604517345, -0.054256397589518696, -0.189935057488612, -0.37886957446878383, 0.0, -0.15556543998155167, -0.31358043861613677, -0.510854023560041, -0.2783157756467231, -0.40511523752572776, -0.5510717014490262], [-1.161443455378984, -0.896609017028213, -0.5428881870911173, -0.23056551948909532, -0.07701733217469699, -0.17465307837056673, 0.21480449369743582, 0.1644392200492075, 0.07967644006477835, -0.1634722582126265, 0.22634871602672518, 0.10130904239203295, -0.03436961750706024, -0.22330413448723213, 0.15556543998155167, 0.0, -0.15801499863458504, -0.355288583578489, -0.12275033566517139, -0.24954979754417617, -0.3955062614674743], [-1.003428456744399, -0.7385940183936284, -0.3848731884565322, -0.07255052085451012, 0.0809976664598881, -0.01663807973598167, 0.372819492332021, 0.32245421868379254, 0.2376914386993635, -0.0054572595780414445, 0.38436371466131014, 0.2593240410266179, 0.12364538112752482, -0.06528913585264708, 0.31358043861613677, 0.15801499863458504, 0.0, -0.19727358494390412, 0.035264662969413656, -0.09153479890959114, -0.23749126283288927], [-0.8061548718004947, -0.5413204334497244, -0.1875996035126283, 0.12472306408939397, 0.27827125140379216, 0.1806355052079225, 0.5700930772759253, 0.5197278036276968, 0.4349650236432675, 0.1918163253658628, 0.5816372996052146, 0.45659762597052195, 0.32091896607142884, 0.13198444909125698, 0.510854023560041, 0.355288583578489, 0.19727358494390412, 0.0, 0.23253824791331762, 0.10573878603431291, -0.04021767788898518], [-1.0386931197138125, -0.7738586813630421, -0.42013785142594606, -0.10781518382392381, 0.04573300349047442, -0.0519027427053953, 0.3375548293626073, 0.287189555714379, 0.20242677572994974, -0.040721922547455096, 0.3490990516918965, 0.22405937805720433, 0.08838071815811116, -0.10055379882206075, 0.2783157756467231, 0.12275033566517139, -0.035264662969413656, -0.23253824791331762, 0.0, -0.12679946187900482, -0.27275592580230296], [-0.9118936578348076, -0.6470592194840374, -0.2933383895469412, 0.01898427805508099, 0.17253246536947922, 0.07489671917360945, 0.46435429124161187, 0.41398901759338375, 0.3292262376089545, 0.08607753933154969, 0.4758985135709011, 0.35085883993620925, 0.21518018003711603, 0.026245663056944063, 0.40511523752572776, 0.24954979754417617, 0.09153479890959114, -0.10573878603431291, 0.12679946187900482, 0.0, -0.14595646392329814], [-0.7659371939115098, -0.5011027555607392, -0.1473819256236431, 0.16494074197837907, 0.31848892929277733, 0.22085318309690752, 0.6103107551649103, 0.559945481516682, 0.47518270153225267, 0.23203400325484774, 0.6218549774941995, 0.49681530385950734, 0.361136643960414, 0.17220212698024218, 0.5510717014490262, 0.3955062614674743, 0.23749126283288927, 0.04021767788898518, 0.27275592580230296, 0.14595646392329814, 0.0]]]