[[[0.0, -0.4024577859897018, -0.53598717506469, -0.5046840717749815, -0.3574982578479662, -0.3228548267372126, -0.38535734595684334, -0.4086998855677109, -0.41926150774639986, -0.0777639669692471, -0.1024541387968851, -0.15295996857844826, -0.18649119012297524, 0.16639598169387285, 0.07228049149171188, -0.007483343718770365, -0.023055407764803873, 0.4149905845961224, 0.31190511872743365, 0.20095125141383008, 0.1446249575557173], [0.4024577859897018, 0.0, -0.13352938907498813, -0.10222628578527963, 0.04495952814173578, 0.07960295925248927, 0.017100440032858443, -0.006242099578008962, -0.016803721756698177, 0.3246938190204547, 0.30000364719281675, 0.24949781741125363, 0.21596659586672648, 0.5688537676835748, 0.47473827748141345, 0.3949744422709314, 0.37940237822489786, 0.8174483705858246, 0.7143629047171354, 0.6034090374035321, 0.5470827435454192], [0.53598717506469, 0.13352938907498813, 0.0, 0.03130310328970845, 0.17848891721672383, 0.21313234832747738, 0.15062982910784656, 0.12728728949697912, 0.11672566731828987, 0.45822320809544265, 0.4335330362678048, 0.3830272064862415, 0.3494959849417147, 0.7023831567585623, 0.6082676665564021, 0.5285038313459198, 0.5129317672998863, 0.9509777596608125, 0.8478922937921233, 0.7369384264785198, 0.6806121326204074], [0.5046840717749815, 0.10222628578527963, -0.03130310328970845, 0.0, 0.14718581392701532, 0.18182924503776887, 0.11932672581813808, 0.09598418620727063, 0.0854225640285814, 0.4269201048057344, 0.4022299329780964, 0.3517241031965332, 0.31819288165200627, 0.6710800534688542, 0.5769645632666935, 0.4972007280562113, 0.4816286640101777, 0.9196746563711038, 0.8165891905024151, 0.7056353231888114, 0.6493090293306988], [0.3574982578479662, -0.04495952814173578, -0.17848891721672383, -0.14718581392701532, 0.0, 0.03464343111075354, -0.027859088108877352, -0.051201627719744715, -0.06176324989843394, 0.2797342908787188, 0.25504411905108104, 0.20453828926951778, 0.17100706772499075, 0.5238942395418389, 0.4297787493396779, 0.3500149141291957, 0.3344428500831622, 0.7724888424440884, 0.6694033765753997, 0.5584495092617964, 0.5021232154036837], [0.3228548267372126, -0.07960295925248927, -0.21313234832747738, -0.18182924503776887, -0.03464343111075354, 0.0, -0.06250251921963089, -0.0858450588304982, -0.09640668100918745, 0.24509085976796538, 0.22040068794032763, 0.16989485815876418, 0.1363636366142372, 0.4892508084310856, 0.3951353182289242, 0.31537148301844214, 0.2997994189724087, 0.7378454113333349, 0.634759945464646, 0.5238060781510426, 0.46747978429292986], [0.38535734595684334, -0.017100440032858443, -0.15062982910784656, -0.11932672581813808, 0.027859088108877352, 0.06250251921963089, 0.0, -0.02334253961086738, -0.03390416178955659, 0.3075933789875963, 0.28290320715995826, 0.2323973773783951, 0.1988661558338681, 0.5517533276507159, 0.45763783744855535, 0.37787400223807294, 0.3623019381920393, 0.8003479305529657, 0.6972624646842772, 0.586308597370674, 0.5299823035125608], [0.4086998855677109, 0.006242099578008962, -0.12728728949697912, -0.09598418620727063, 0.051201627719744715, 0.0858450588304982, 0.02334253961086738, 0.0, -0.010561622178689221, 0.3309359185984638, 0.30624574677082583, 0.2557399169892626, 0.22220869544473543, 0.5750958672615838, 0.48098037705942276, 0.4012165418489404, 0.38564447780290684, 0.8236904701638335, 0.7206050042951443, 0.6096511369815407, 0.5533248431234281], [0.41926150774639986, 0.016803721756698177, -0.11672566731828987, -0.0854225640285814, 0.06176324989843394, 0.09640668100918745, 0.03390416178955659, 0.010561622178689221, 0.0, 0.34149754077715294, 0.3168073689495149, 0.26630153916795174, 0.23277031762342468, 0.5856574894402731, 0.49154199923811215, 0.41177816402762973, 0.3962060999815963, 0.8342520923425232, 0.7311666264738339, 0.6202127591602303, 0.5638864653021174], [0.0777639669692471, -0.3246938190204547, -0.45822320809544265, -0.4269201048057344, -0.2797342908787188, -0.24509085976796538, -0.3075933789875963, -0.3309359185984638, -0.34149754077715294, 0.0, -0.024690171827637934, -0.0751960016092011, -0.10872722315372822, 0.24415994866312013, 0.15004445846095898, 0.07028062325047676, 0.054708559204443265, 0.49275455156536974, 0.38966908569668063, 0.27871521838307733, 0.2223889245249645], [0.1024541387968851, -0.30000364719281675, -0.4335330362678048, -0.4022299329780964, -0.25504411905108104, -0.22040068794032763, -0.28290320715995826, -0.30624574677082583, -0.3168073689495149, 0.024690171827637934, 0.0, -0.0505058297815632, -0.0840370513260903, 0.26885012049075796, 0.17473463028859693, 0.0949707950781147, 0.07939873103208119, 0.5174447233930076, 0.4143592575243188, 0.30340539021071505, 0.24707909635260236], [0.15295996857844826, -0.24949781741125363, -0.3830272064862415, -0.3517241031965332, -0.20453828926951778, -0.16989485815876418, -0.2323973773783951, -0.2557399169892626, -0.26630153916795174, 0.0751960016092011, 0.0505058297815632, 0.0, -0.03353122154452708, 0.31935595027232117, 0.22524046007016008, 0.14547662485967788, 0.12990456081364443, 0.5679505531745708, 0.4648650873058818, 0.35391121999227826, 0.29758492613416565], [0.18649119012297524, -0.21596659586672648, -0.3494959849417147, -0.31819288165200627, -0.17100706772499075, -0.1363636366142372, -0.1988661558338681, -0.22220869544473543, -0.23277031762342468, 0.10872722315372822, 0.0840370513260903, 0.03353122154452708, 0.0, 0.35288717181684826, 0.2587716816146873, 0.17900784640420495, 0.16343578235817144, 0.601481774719098, 0.4983963088504091, 0.38744244153680535, 0.3311161476786928], [-0.16639598169387285, -0.5688537676835748, -0.7023831567585623, -0.6710800534688542, -0.5238942395418389, -0.4892508084310856, -0.5517533276507159, -0.5750958672615838, -0.5856574894402731, -0.24415994866312013, -0.26885012049075796, -0.31935595027232117, -0.35288717181684826, 0.0, -0.09411549020216099, -0.1738793254126432, -0.18945138945867668, 0.2485946029022497, 0.1455091370335607, 0.03455526971995723, -0.021771024138155518], [-0.07228049149171188, -0.47473827748141345, -0.6082676665564021, -0.5769645632666935, -0.4297787493396779, -0.3951353182289242, -0.45763783744855535, -0.48098037705942276, -0.49154199923811215, -0.15004445846095898, -0.17473463028859693, -0.22524046007016008, -0.2587716816146873, 0.09411549020216099, 0.0, -0.07976383521048225, -0.09533589925651574, 0.3427100931044105, 0.2396246272357218, 0.12867075992211813, 0.07234446606400544], [0.007483343718770365, -0.3949744422709314, -0.5285038313459198, -0.4972007280562113, -0.3500149141291957, -0.31537148301844214, -0.37787400223807294, -0.4012165418489404, -0.41177816402762973, -0.07028062325047676, -0.0949707950781147, -0.14547662485967788, -0.17900784640420495, 0.1738793254126432, 0.07976383521048225, 0.0, -0.015572064046033505, 0.42247392831489294, 0.319388462446204, 0.2084345951326004, 0.15210830127448768], [0.023055407764803873, -0.37940237822489786, -0.5129317672998863, -0.4816286640101777, -0.3344428500831622, -0.2997994189724087, -0.3623019381920393, -0.38564447780290684, -0.3962060999815963, -0.054708559204443265, -0.07939873103208119, -0.12990456081364443, -0.16343578235817144, 0.18945138945867668, 0.09533589925651574, 0.015572064046033505, 0.0, 0.43804599236092656, 0.3349605264922374, 0.224006659178634, 0.16768036532052114], [-0.4149905845961224, -0.8174483705858246, -0.9509777596608125, -0.9196746563711038, -0.7724888424440884, -0.7378454113333349, -0.8003479305529657, -0.8236904701638335, -0.8342520923425232, -0.49275455156536974, -0.5174447233930076, -0.5679505531745708, -0.601481774719098, -0.2485946029022497, -0.3427100931044105, -0.42247392831489294, -0.43804599236092656, 0.0, -0.10308546586868897, -0.2140393331822924, -0.27036562704040523], [-0.31190511872743365, -0.7143629047171354, -0.8478922937921233, -0.8165891905024151, -0.6694033765753997, -0.634759945464646, -0.6972624646842772, -0.7206050042951443, -0.7311666264738339, -0.38966908569668063, -0.4143592575243188, -0.4648650873058818, -0.4983963088504091, -0.1455091370335607, -0.2396246272357218, -0.319388462446204, -0.3349605264922374, 0.10308546586868897, 0.0, -0.11095386731360354, -0.16728016117171624], [-0.20095125141383008, -0.6034090374035321, -0.7369384264785198, -0.7056353231888114, -0.5584495092617964, -0.5238060781510426, -0.586308597370674, -0.6096511369815407, -0.6202127591602303, -0.27871521838307733, -0.30340539021071505, -0.35391121999227826, -0.38744244153680535, -0.03455526971995723, -0.12867075992211813, -0.2084345951326004, -0.224006659178634, 0.2140393331822924, 0.11095386731360354, 0.0, -0.056326293858112726], [-0.1446249575557173, -0.5470827435454192, -0.6806121326204074, -0.6493090293306988, -0.5021232154036837, -0.46747978429292986, -0.5299823035125608, -0.5533248431234281, -0.5638864653021174, -0.2223889245249645, -0.24707909635260236, -0.29758492613416565, -0.3311161476786928, 0.021771024138155518, -0.07234446606400544, -0.15210830127448768, -0.16768036532052114, 0.27036562704040523, 0.16728016117171624, 0.056326293858112726, 0.0]], [[0.0, 0.30032349111475043, 0.6503168062791325, 0.9685421758855403, 1.1539471235714274, 0.9907044816711731, 1.3591331989317503, 1.4628627820531932, 1.481102380846255, 0.9967839895659739, 1.441710897699624, 1.4436111595352659, 1.3707890576374542, 0.9441576637242879, 1.244762795443304, 0.9684043070162961, 0.7228351108538565, 0.8548896004259301, 1.104711481580285, 0.9077060973633988, 0.7089288119259142], [-0.30032349111475043, 0.0, 0.3499933151643819, 0.6682186847707895, 0.8536236324566769, 0.6903809905564224, 1.0588097078170005, 1.162539290938443, 1.1807788897315055, 0.6964604984512232, 1.141387406584874, 1.1432876684205158, 1.0704655665227032, 0.6438341726095367, 0.944439304328553, 0.6680808159015457, 0.42251161973910634, 0.5545661093111797, 0.8043879904655342, 0.6073826062486484, 0.40860532081116424], [-0.6503168062791325, -0.3499933151643819, 0.0, 0.31822536960640735, 0.5036303172922951, 0.3403876753920405, 0.7088163926526185, 0.8125459757740614, 0.8307855745671229, 0.34646718328684145, 0.7913940914204922, 0.7932943532561333, 0.7204722513583215, 0.293840857445155, 0.5944459891641712, 0.3180875007371637, 0.07251830457472438, 0.20457279414679772, 0.45439467530115246, 0.25738929108426645, 0.05861200564678233], [-0.9685421758855403, -0.6682186847707895, -0.31822536960640735, 0.0, 0.1854049476858877, 0.022162305785633284, 0.3905910230462111, 0.49432060616765433, 0.5125602049607154, 0.02824181368043407, 0.47316872181408454, 0.4750689836497263, 0.4022468817519141, -0.024384512161252418, 0.2762206195577639, -0.0001378688692436305, -0.24570706503168308, -0.11365257545960956, 0.13616930569474495, -0.060836078522141, -0.2596133639596251], [-1.1539471235714274, -0.8536236324566769, -0.5036303172922951, -0.1854049476858877, 0.0, -0.1632426419002545, 0.20518607536032327, 0.3089156584817663, 0.3271552572748276, -0.15716313400545362, 0.28776377412819676, 0.2896640359638385, 0.21684193406602642, -0.20978945984714018, 0.09081567187187604, -0.18554281655513136, -0.4311120127175708, -0.2990575231454973, -0.04923564199114285, -0.2462410262080288, -0.44501831164551287], [-0.9907044816711731, -0.6903809905564224, -0.3403876753920405, -0.022162305785633284, 0.1632426419002545, 0.0, 0.3684287172605778, 0.47215830038202106, 0.49039789917508236, 0.006079507894800803, 0.4510064160284513, 0.45290667786409317, 0.38008457596628104, -0.04654681794688567, 0.25405831377213056, -0.02230017465487691, -0.2678693708173163, -0.1358148812452429, 0.1140069999091117, -0.08299838430777426, -0.28177566974525836], [-1.3591331989317503, -1.0588097078170005, -0.7088163926526185, -0.3905910230462111, -0.20518607536032327, -0.3684287172605778, 0.0, 0.10372958312144313, 0.12196918191450443, -0.36234920936577697, 0.08257769876787341, 0.08447796060351523, 0.011655858705703168, -0.4149755352074632, -0.11437040348844726, -0.39072889191545457, -0.6362980880778943, -0.5042435985058208, -0.2544217173514661, -0.45142710156835214, -0.6502043870058359], [-1.4628627820531932, -1.162539290938443, -0.8125459757740614, -0.49432060616765433, -0.3089156584817663, -0.47215830038202106, -0.10372958312144313, 0.0, 0.018239598793061352, -0.46607879248722023, -0.021151884353569673, -0.01925162251792789, -0.09207372441573995, -0.5187051183289068, -0.21809998660989025, -0.494458475036898, -0.7400276711993373, -0.6079731816272639, -0.35815130047290916, -0.5551566846897952, -0.7539339701272795], [-1.481102380846255, -1.1807788897315055, -0.8307855745671229, -0.5125602049607154, -0.3271552572748276, -0.49039789917508236, -0.12196918191450443, -0.018239598793061352, 0.0, -0.48431839128028137, -0.03939148314663102, -0.03749122131098926, -0.1103133232088013, -0.536944717121968, -0.23633958540295188, -0.5126980738299591, -0.7582672699923987, -0.626212780420325, -0.37639089926597047, -0.5733962834828567, -0.7721735689203405], [-0.9967839895659739, -0.6964604984512232, -0.34646718328684145, -0.02824181368043407, 0.15716313400545362, -0.006079507894800803, 0.36234920936577697, 0.46607879248722023, 0.48431839128028137, 0.0, 0.4449269081336504, 0.4468271699692924, 0.37400506807148, -0.052626325841686486, 0.24797880587732973, -0.02837968254967771, -0.273948878712117, -0.1418943891400437, 0.10792749201431087, -0.08907789220257507, -0.2878551776400592], [-1.441710897699624, -1.141387406584874, -0.7913940914204922, -0.47316872181408454, -0.28776377412819676, -0.4510064160284513, -0.08257769876787341, 0.021151884353569673, 0.03939148314663102, -0.4449269081336504, 0.0, 0.0019002618356417954, -0.07092184006217023, -0.49755323397533696, -0.19694810225632067, -0.47330659068332825, -0.7188757868457675, -0.5868212972736939, -0.33699941611933953, -0.5340048003362254, -0.7327820857737095], [-1.4436111595352659, -1.1432876684205158, -0.7932943532561333, -0.4750689836497263, -0.2896640359638385, -0.45290667786409317, -0.08447796060351523, 0.01925162251792789, 0.03749122131098926, -0.4468271699692924, -0.0019002618356417954, 0.0, -0.07282210189781206, -0.49945349581097903, -0.19884836409196258, -0.47520685251896994, -0.7207760486814092, -0.5887215591093359, -0.33889967795498116, -0.5359050621718673, -0.7346823476093514], [-1.3707890576374542, -1.0704655665227032, -0.7204722513583215, -0.4022468817519141, -0.21684193406602642, -0.38008457596628104, -0.011655858705703168, 0.09207372441573995, 0.1103133232088013, -0.37400506807148, 0.07092184006217023, 0.07282210189781206, 0.0, -0.42663139391316657, -0.12602626219415045, -0.40238475062115775, -0.6479539467835974, -0.5158994572115239, -0.26607757605716925, -0.4630829602740551, -0.6618602457115395], [-0.9441576637242879, -0.6438341726095367, -0.293840857445155, 0.024384512161252418, 0.20978945984714018, 0.04654681794688567, 0.4149755352074632, 0.5187051183289068, 0.536944717121968, 0.052626325841686486, 0.49755323397533696, 0.49945349581097903, 0.42663139391316657, 0.0, 0.3006051317190163, 0.024246643292008797, -0.2213225528704305, -0.08926806329835715, 0.16055381785599732, -0.03645156636088857, -0.23522885179837272], [-1.244762795443304, -0.944439304328553, -0.5944459891641712, -0.2762206195577639, -0.09081567187187604, -0.25405831377213056, 0.11437040348844726, 0.21809998660989025, 0.23633958540295188, -0.24797880587732973, 0.19694810225632067, 0.19884836409196258, 0.12602626219415045, -0.3006051317190163, 0.0, -0.27635848842700744, -0.5219276845894469, -0.3898731950173734, -0.14005131386301892, -0.3370566980799047, -0.5358339835173888], [-0.9684043070162961, -0.6680808159015457, -0.3180875007371637, 0.0001378688692436305, 0.18554281655513136, 0.02230017465487691, 0.39072889191545457, 0.494458475036898, 0.5126980738299591, 0.02837968254967771, 0.47330659068332825, 0.47520685251896994, 0.40238475062115775, -0.024246643292008797, 0.27635848842700744, 0.0, -0.24556919616243927, -0.113514706590366, 0.13630717456398855, -0.060698209652897364, -0.2594754950903814], [-0.7228351108538565, -0.42251161973910634, -0.07251830457472438, 0.24570706503168308, 0.4311120127175708, 0.2678693708173163, 0.6362980880778943, 0.7400276711993373, 0.7582672699923987, 0.273948878712117, 0.7188757868457675, 0.7207760486814092, 0.6479539467835974, 0.2213225528704305, 0.5219276845894469, 0.24556919616243927, 0.0, 0.13205448957207339, 0.38187637072642794, 0.18487098650954198, -0.013906298927942042], [-0.8548896004259301, -0.5545661093111797, -0.20457279414679772, 0.11365257545960956, 0.2990575231454973, 0.1358148812452429, 0.5042435985058208, 0.6079731816272639, 0.626212780420325, 0.1418943891400437, 0.5868212972736939, 0.5887215591093359, 0.5158994572115239, 0.08926806329835715, 0.3898731950173734, 0.113514706590366, -0.13205448957207339, 0.0, 0.24982188115435444, 0.0528164969374686, -0.14596078850001543], [-1.104711481580285, -0.8043879904655342, -0.45439467530115246, -0.13616930569474495, 0.04923564199114285, -0.1140069999091117, 0.2544217173514661, 0.35815130047290916, 0.37639089926597047, -0.10792749201431087, 0.33699941611933953, 0.33889967795498116, 0.26607757605716925, -0.16055381785599732, 0.14005131386301892, -0.13630717456398855, -0.38187637072642794, -0.24982188115435444, 0.0, -0.19700538421688588, -0.39578266965437003], [-0.9077060973633988, -0.6073826062486484, -0.25738929108426645, 0.060836078522141, 0.2462410262080288, 0.08299838430777426, 0.45142710156835214, 0.5551566846897952, 0.5733962834828567, 0.08907789220257507, 0.5340048003362254, 0.5359050621718673, 0.4630829602740551, 0.03645156636088857, 0.3370566980799047, 0.060698209652897364, -0.18487098650954198, -0.0528164969374686, 0.19700538421688588, 0.0, -0.19877728543748405], [-0.7089288119259142, -0.40860532081116424, -0.05861200564678233, 0.2596133639596251, 0.44501831164551287, 0.28177566974525836, 0.6502043870058359, 0.7539339701272795, 0.7721735689203405, 0.2878551776400592, 0.7327820857737095, 0.7346823476093514, 0.6618602457115395, 0.23522885179837272, 0.5358339835173888, 0.2594754950903814, 0.013906298927942042, 0.14596078850001543, 0.39578266965437003, 0.19877728543748405, 0.0]]]