[[[0.0, -0.2988977189969442, -0.33176446873089893, -0.15510156048349283, 0.019215082949925768, -0.39172858954872875, -0.41538426577808124, -0.34516825810567314, -0.2627069551856158, -0.13574401231551114, -0.10986554529307631, -0.05115720339377707, -0.00983695405524294, 0.1120555447710653, 0.14490136994363015, 0.18621582598118797, 0.210936185376534, 0.3445270182315365, 0.40597517089743734, 0.43553223143996045, 0.43156435153436207], [0.2988977189969442, 0.0, -0.032866749733954606, 0.1437961585134514, 0.31811280194687, -0.09283087055178424, -0.11648654678113689, -0.04627053910872881, 0.03619076381132845, 0.16315370668143309, 0.18903217370386802, 0.2477405156031672, 0.28906076494170124, 0.4109532637680096, 0.44379908894057457, 0.48511354497813225, 0.5098339043734783, 0.6434247372284808, 0.7048728898943816, 0.7344299504369044, 0.730462070531306], [0.33176446873089893, 0.032866749733954606, 0.0, 0.17666290824740613, 0.3509795516808246, -0.059964120817829654, -0.08361979704718225, -0.01340378937477421, 0.06905751354528307, 0.19602045641538773, 0.22189892343782272, 0.2806072653371218, 0.32192751467565595, 0.4438200135019642, 0.47666583867452905, 0.5179802947120868, 0.5427006541074327, 0.6762914869624354, 0.7377396396283364, 0.7672967001708589, 0.7633288202652606], [0.15510156048349283, -0.1437961585134514, -0.17666290824740613, 0.0, 0.17431664343341866, -0.23662702906523567, -0.26028270529458836, -0.1900666976221803, -0.10760539470212298, 0.019357548167981665, 0.045236015190416506, 0.10394435708971575, 0.14526460642824993, 0.26715710525455805, 0.30000293042712306, 0.34131738646468085, 0.3660377458600269, 0.49962857871502914, 0.56107673138093, 0.590633791923453, 0.5866659120178549], [-0.019215082949925768, -0.31811280194687, -0.3509795516808246, -0.17431664343341866, 0.0, -0.4109436724986545, -0.4345993487280069, -0.36438334105559894, -0.28192203813554156, -0.1549590952654369, -0.12908062824300207, -0.07037228634370282, -0.029052037005168715, 0.09284046182113943, 0.1256862869937044, 0.16700074303126225, 0.19172110242660825, 0.32531193528161045, 0.38676008794751127, 0.41631714849003465, 0.4123492685844362], [0.39172858954872875, 0.09283087055178424, 0.059964120817829654, 0.23662702906523567, 0.4109436724986545, 0.0, -0.023655676229352652, 0.046560331443055374, 0.12902163436311262, 0.25598457723321727, 0.2818630442556521, 0.34057138615495136, 0.38189163549348565, 0.5037841343197939, 0.5366299594923586, 0.5779444155299164, 0.6026647749252626, 0.7362556077802647, 0.7977037604461654, 0.8272608209886887, 0.8232929410830907], [0.41538426577808124, 0.11648654678113689, 0.08361979704718225, 0.26028270529458836, 0.4345993487280069, 0.023655676229352652, 0.0, 0.07021600767240804, 0.15267731059246534, 0.27964025346256993, 0.3055187204850048, 0.36422706238430413, 0.4055473117228383, 0.5274398105491463, 0.560285635721711, 0.6016000917592693, 0.6263204511546152, 0.7599112840096172, 0.8213594366755181, 0.8509164972180414, 0.846948617312443], [0.34516825810567314, 0.04627053910872881, 0.01340378937477421, 0.1900666976221803, 0.36438334105559894, -0.046560331443055374, -0.07021600767240804, 0.0, 0.08246130292005725, 0.20942424579016192, 0.23530271281259682, 0.2940110547118959, 0.3353313040504303, 0.4572238028767385, 0.4900696280493033, 0.531384084086861, 0.5561044434822069, 0.6896952763372094, 0.7511434290031102, 0.7807004895456336, 0.7767326096400348], [0.2627069551856158, -0.03619076381132845, -0.06905751354528307, 0.10760539470212298, 0.28192203813554156, -0.12902163436311262, -0.15267731059246534, -0.08246130292005725, 0.0, 0.12696294287010462, 0.1528414098925395, 0.21154975179183882, 0.252870001130373, 0.3747624999566812, 0.407608325129246, 0.4489227811668038, 0.47364314056214996, 0.6072339734171521, 0.6686821260830531, 0.6982391866255762, 0.6942713067199777], [0.13574401231551114, -0.16315370668143309, -0.19602045641538773, -0.019357548167981665, 0.1549590952654369, -0.25598457723321727, -0.27964025346256993, -0.20942424579016192, -0.12696294287010462, 0.0, 0.025878467022434862, 0.0845868089217341, 0.12590705826026827, 0.24779955708657644, 0.2806453822591413, 0.32195983829669905, 0.3466801976920453, 0.4802710305470475, 0.5417191832129482, 0.5712762437554713, 0.5673083638498729], [0.10986554529307631, -0.18903217370386802, -0.22189892343782272, -0.045236015190416506, 0.12908062824300207, -0.2818630442556521, -0.3055187204850048, -0.23530271281259682, -0.1528414098925395, -0.025878467022434862, 0.0, 0.058708341899299264, 0.10002859123783335, 0.22192109006414168, 0.25476691523670647, 0.29608137127426426, 0.3208017306696103, 0.4543925635246125, 0.5158407161905136, 0.5453977767330361, 0.541429896827438], [0.05115720339377707, -0.2477405156031672, -0.2806072653371218, -0.10394435708971575, 0.07037228634370282, -0.34057138615495136, -0.36422706238430413, -0.2940110547118959, -0.21154975179183882, -0.0845868089217341, -0.058708341899299264, 0.0, 0.041320249338534135, 0.16321274816484233, 0.19605857333740728, 0.23737302937496504, 0.26209338877031096, 0.39568422162531347, 0.4571323742912142, 0.48668943483373744, 0.48272155492813906], [0.00983695405524294, -0.28906076494170124, -0.32192751467565595, -0.14526460642824993, 0.029052037005168715, -0.38189163549348565, -0.4055473117228383, -0.3353313040504303, -0.252870001130373, -0.12590705826026827, -0.10002859123783335, -0.041320249338534135, 0.0, 0.12189249882630819, 0.15473832399887308, 0.196052780036431, 0.22077313943177707, 0.35436397228677935, 0.4158121249526803, 0.4453691854952033, 0.441401305589605], [-0.1120555447710653, -0.4109532637680096, -0.4438200135019642, -0.26715710525455805, -0.09284046182113943, -0.5037841343197939, -0.5274398105491463, -0.4572238028767385, -0.3747624999566812, -0.24779955708657644, -0.22192109006414168, -0.16321274816484233, -0.12189249882630819, 0.0, 0.032845825172564916, 0.07416028121012266, 0.09888064060546871, 0.23247147346047103, 0.29391962612637196, 0.32347668666889523, 0.3195088067632968], [-0.14490136994363015, -0.44379908894057457, -0.47666583867452905, -0.30000293042712306, -0.1256862869937044, -0.5366299594923586, -0.560285635721711, -0.4900696280493033, -0.407608325129246, -0.2806453822591413, -0.25476691523670647, -0.19605857333740728, -0.15473832399887308, -0.032845825172564916, 0.0, 0.04131445603755779, 0.06603481543290382, 0.1996256482879062, 0.26107380095380706, 0.29063086149633, 0.28666298159073184], [-0.18621582598118797, -0.48511354497813225, -0.5179802947120868, -0.34131738646468085, -0.16700074303126225, -0.5779444155299164, -0.6016000917592693, -0.531384084086861, -0.4489227811668038, -0.32195983829669905, -0.29608137127426426, -0.23737302937496504, -0.196052780036431, -0.07416028121012266, -0.04131445603755779, 0.0, 0.024720359395346034, 0.15831119225034831, 0.21975934491624932, 0.24931640545877226, 0.24534852555317407], [-0.210936185376534, -0.5098339043734783, -0.5427006541074327, -0.3660377458600269, -0.19172110242660825, -0.6026647749252626, -0.6263204511546152, -0.5561044434822069, -0.47364314056214996, -0.3466801976920453, -0.3208017306696103, -0.26209338877031096, -0.22077313943177707, -0.09888064060546871, -0.06603481543290382, -0.024720359395346034, 0.0, 0.13359083285500228, 0.1950389855209033, 0.22459604606342645, 0.2206281661578282], [-0.3445270182315365, -0.6434247372284808, -0.6762914869624354, -0.49962857871502914, -0.32531193528161045, -0.7362556077802647, -0.7599112840096172, -0.6896952763372094, -0.6072339734171521, -0.4802710305470475, -0.4543925635246125, -0.39568422162531347, -0.35436397228677935, -0.23247147346047103, -0.1996256482879062, -0.15831119225034831, -0.13359083285500228, 0.0, 0.06144815266590094, 0.091005213208424, 0.0870373333028257], [-0.40597517089743734, -0.7048728898943816, -0.7377396396283364, -0.56107673138093, -0.38676008794751127, -0.7977037604461654, -0.8213594366755181, -0.7511434290031102, -0.6686821260830531, -0.5417191832129482, -0.5158407161905136, -0.4571323742912142, -0.4158121249526803, -0.29391962612637196, -0.26107380095380706, -0.21975934491624932, -0.1950389855209033, -0.06144815266590094, 0.0, 0.029557060542523047, 0.025589180636924804], [-0.43553223143996045, -0.7344299504369044, -0.7672967001708589, -0.590633791923453, -0.41631714849003465, -0.8272608209886887, -0.8509164972180414, -0.7807004895456336, -0.6982391866255762, -0.5712762437554713, -0.5453977767330361, -0.48668943483373744, -0.4453691854952033, -0.32347668666889523, -0.29063086149633, -0.24931640545877226, -0.22459604606342645, -0.091005213208424, -0.029557060542523047, 0.0, -0.003967879905598259], [-0.43156435153436207, -0.730462070531306, -0.7633288202652606, -0.5866659120178549, -0.4123492685844362, -0.8232929410830907, -0.846948617312443, -0.7767326096400348, -0.6942713067199777, -0.5673083638498729, -0.541429896827438, -0.48272155492813906, -0.441401305589605, -0.3195088067632968, -0.28666298159073184, -0.24534852555317407, -0.2206281661578282, -0.0870373333028257, -0.025589180636924804, 0.003967879905598259, 0.0]], [[0.0, 0.3357708203682818, 0.6675274669141554, 0.9389117622954014, 1.0872849742108004, 0.9584680953980816, 1.3130405780820338, 1.4632683204869306, 1.5311527262872906, 0.990628695625464, 1.3740959160973254, 1.3971445138312688, 1.3114108535078102, 0.9783516305888511, 1.3522253158468371, 1.3596457220592797, 1.238512876818258, 0.9050141508907963, 1.202007681368321, 1.2361344055230319, 1.1689206316419292], [-0.3357708203682818, 0.0, 0.3317566465458737, 0.6031409419271195, 0.7515141538425186, 0.6226972750297998, 0.9772697577137515, 1.127497500118649, 1.1953819059190083, 0.6548578752571826, 1.0383250957290442, 1.061373693462987, 0.9756400331395274, 0.642580810220569, 1.0164544954785546, 1.023874901690998, 0.9027420564499765, 0.5692433305225142, 0.866236861000039, 0.90036358515475, 0.8331498112736473], [-0.6675274669141554, -0.3317566465458737, 0.0, 0.27138429538124564, 0.4197575072966451, 0.29094062848392616, 0.6455131111678781, 0.7957408535727754, 0.8636252593731355, 0.3231012287113088, 0.7065684491831707, 0.7296170469171132, 0.6438833865936537, 0.3108241636746955, 0.6846978489326812, 0.6921182551451248, 0.5709854099041028, 0.23748668397664077, 0.5344802144541655, 0.5686069386088765, 0.5013931647277737], [-0.9389117622954014, -0.6031409419271195, -0.27138429538124564, 0.0, 0.1483732119153992, 0.019556333102680307, 0.3741288157866324, 0.5243565581915298, 0.5922409639918893, 0.05171693333006309, 0.4351841538019245, 0.45823275153586734, 0.37249909121240793, 0.03943986829344957, 0.4133135535514353, 0.42073395976387906, 0.2996011145228572, -0.033897611404605045, 0.2630959190729196, 0.29722264322763087, 0.23000886934652778], [-1.0872849742108004, -0.7515141538425186, -0.4197575072966451, -0.1483732119153992, 0.0, -0.12881687881271886, 0.22575560387123306, 0.3759833462761308, 0.44386775207649015, -0.09665627858533607, 0.2868109418865256, 0.3098595396204682, 0.22412587929700883, -0.10893334362194963, 0.264940341636036, 0.27236074784847963, 0.151227902607458, -0.18227082332000424, 0.11472270715752039, 0.14884943131223183, 0.08163565743112854], [-0.9584680953980816, -0.6226972750297998, -0.29094062848392616, -0.019556333102680307, 0.12881687881271886, 0.0, 0.354572482683952, 0.5048002250888496, 0.5726846308892091, 0.03216060022738275, 0.4156278206992445, 0.438676418433187, 0.35294275810972764, 0.019883535190769262, 0.39375722044875516, 0.4011776266611986, 0.28004478142017675, -0.053453944507285335, 0.24353958597023945, 0.2776663101249506, 0.2104525362438475], [-1.3130405780820338, -0.9772697577137515, -0.6455131111678781, -0.3741288157866324, -0.22575560387123306, -0.354572482683952, 0.0, 0.15022774240489747, 0.21811214820525715, -0.3224118824565691, 0.061055338015292344, 0.08410393574923501, -0.0016297245742242516, -0.3346889474931826, 0.039184737764803, 0.04660514397724652, -0.07452770126377511, -0.40802642719123766, -0.11103289671371268, -0.07690617255900128, -0.14411994644010456], [-1.4632683204869306, -1.127497500118649, -0.7957408535727754, -0.5243565581915298, -0.3759833462761308, -0.5048002250888496, -0.15022774240489747, 0.0, 0.06788440580035965, -0.47263962486146677, -0.08917240438960515, -0.06612380665566249, -0.1518574669791219, -0.4849166898980803, -0.11104300464009449, -0.10362259842765101, -0.22475544366867264, -0.5582541695961348, -0.2612606391186102, -0.22713391496389884, -0.294347688845002], [-1.5311527262872906, -1.1953819059190083, -0.8636252593731355, -0.5922409639918893, -0.44386775207649015, -0.5726846308892091, -0.21811214820525715, -0.06788440580035965, 0.0, -0.5405240306618263, -0.15705681018996487, -0.13400821245602218, -0.21974187277948143, -0.5528010956984402, -0.17892741044045424, -0.17150700422801066, -0.2926398494690324, -0.6261385753964944, -0.3291450449189698, -0.29501832076425855, -0.362232094645362], [-0.990628695625464, -0.6548578752571826, -0.3231012287113088, -0.05171693333006309, 0.09665627858533607, -0.03216060022738275, 0.3224118824565691, 0.47263962486146677, 0.5405240306618263, 0.0, 0.38346722047186177, 0.40651581820580424, 0.32078215788234493, -0.012277065036613495, 0.3615966202213722, 0.3690170264338156, 0.24788418119279398, -0.08561454473466813, 0.21137898574285663, 0.2455057098975679, 0.17829193601646465], [-1.3740959160973254, -1.0383250957290442, -0.7065684491831707, -0.4351841538019245, -0.2868109418865256, -0.4156278206992445, -0.061055338015292344, 0.08917240438960515, 0.15705681018996487, -0.38346722047186177, 0.0, 0.023048597733942664, -0.0626850625895166, -0.39574428550847524, -0.02187060025048935, -0.014450194038045842, -0.13558303927906748, -0.46908176520652956, -0.17208823472900506, -0.13796151057429365, -0.205175284455397], [-1.3971445138312688, -1.061373693462987, -0.7296170469171132, -0.45823275153586734, -0.3098595396204682, -0.438676418433187, -0.08410393574923501, 0.06612380665566249, 0.13400821245602218, -0.40651581820580424, -0.023048597733942664, 0.0, -0.0857336603234593, -0.41879288324241787, -0.04491919798443202, -0.037498791771988484, -0.15863163701301017, -0.4921303629404725, -0.19513683246294775, -0.16101010830823634, -0.22822388218933962], [-1.3114108535078102, -0.9756400331395274, -0.6438833865936537, -0.37249909121240793, -0.22412587929700883, -0.35294275810972764, 0.0016297245742242516, 0.1518574669791219, 0.21974187277948143, -0.32078215788234493, 0.0626850625895166, 0.0857336603234593, 0.0, -0.33305922291895845, 0.040814462339027274, 0.0482348685514708, -0.07289797668955086, -0.40639670261701305, -0.10940317213948836, -0.07527644798477705, -0.14249022186588034], [-0.9783516305888511, -0.642580810220569, -0.3108241636746955, -0.03943986829344957, 0.10893334362194963, -0.019883535190769262, 0.3346889474931826, 0.4849166898980803, 0.5528010956984402, 0.012277065036613495, 0.39574428550847524, 0.41879288324241787, 0.33305922291895845, 0.0, 0.3738736852579857, 0.38129409147042914, 0.26016124622940767, -0.07333747969805461, 0.22365605077947012, 0.2577827749341813, 0.19056900105307814], [-1.3522253158468371, -1.0164544954785546, -0.6846978489326812, -0.4133135535514353, -0.264940341636036, -0.39375722044875516, -0.039184737764803, 0.11104300464009449, 0.17892741044045424, -0.3615966202213722, 0.02187060025048935, 0.04491919798443202, -0.040814462339027274, -0.3738736852579857, 0.0, 0.00742040621244352, -0.11371243902857814, -0.44721116495604035, -0.15021763447851563, -0.11609091032380427, -0.18330468420490761], [-1.3596457220592797, -1.023874901690998, -0.6921182551451248, -0.42073395976387906, -0.27236074784847963, -0.4011776266611986, -0.04660514397724652, 0.10362259842765101, 0.17150700422801066, -0.3690170264338156, 0.014450194038045842, 0.037498791771988484, -0.0482348685514708, -0.38129409147042914, -0.00742040621244352, 0.0, -0.12113284524102165, -0.45463157116848407, -0.15763804069095916, -0.12351131653624783, -0.19072509041735128], [-1.238512876818258, -0.9027420564499765, -0.5709854099041028, -0.2996011145228572, -0.151227902607458, -0.28004478142017675, 0.07452770126377511, 0.22475544366867264, 0.2926398494690324, -0.24788418119279398, 0.13558303927906748, 0.15863163701301017, 0.07289797668955086, -0.26016124622940767, 0.11371243902857814, 0.12113284524102165, 0.0, -0.3334987259274622, -0.03650519544993751, -0.0023784712952261656, -0.06959224517632945], [-0.9050141508907963, -0.5692433305225142, -0.23748668397664077, 0.033897611404605045, 0.18227082332000424, 0.053453944507285335, 0.40802642719123766, 0.5582541695961348, 0.6261385753964944, 0.08561454473466813, 0.46908176520652956, 0.4921303629404725, 0.40639670261701305, 0.07333747969805461, 0.44721116495604035, 0.45463157116848407, 0.3334987259274622, 0.0, 0.29699353047752475, 0.33112025463223593, 0.26390648075113265], [-1.202007681368321, -0.866236861000039, -0.5344802144541655, -0.2630959190729196, -0.11472270715752039, -0.24353958597023945, 0.11103289671371268, 0.2612606391186102, 0.3291450449189698, -0.21137898574285663, 0.17208823472900506, 0.19513683246294775, 0.10940317213948836, -0.22365605077947012, 0.15021763447851563, 0.15763804069095916, 0.03650519544993751, -0.29699353047752475, 0.0, 0.03412672415471135, -0.03308704972639191], [-1.2361344055230319, -0.90036358515475, -0.5686069386088765, -0.29722264322763087, -0.14884943131223183, -0.2776663101249506, 0.07690617255900128, 0.22713391496389884, 0.29501832076425855, -0.2455057098975679, 0.13796151057429365, 0.16101010830823634, 0.07527644798477705, -0.2577827749341813, 0.11609091032380427, 0.12351131653624783, 0.0023784712952261656, -0.33112025463223593, -0.03412672415471135, 0.0, -0.0672137738811033], [-1.1689206316419292, -0.8331498112736473, -0.5013931647277737, -0.23000886934652778, -0.08163565743112854, -0.2104525362438475, 0.14411994644010456, 0.294347688845002, 0.362232094645362, -0.17829193601646465, 0.205175284455397, 0.22822388218933962, 0.14249022186588034, -0.19056900105307814, 0.18330468420490761, 0.19072509041735128, 0.06959224517632945, -0.26390648075113265, 0.03308704972639191, 0.0672137738811033, 0.0]]]