[[[0.0, -0.32942052803803357, -0.4510484603773319, -0.3755435272093309, -0.19592690706522745, -0.4044376329544862, -0.45082836326728576, -0.4293737206142639, -0.40565224984290665, -0.18469560910570149, -0.1819695568157716, -0.18079946664265584, -0.1897074321817357, 0.031010893342668645, 0.0399911772937428, 0.018240551341541997, 0.006168710964113328, 0.2574264220491588, 0.2646217138222877, 0.22397273036234266, 0.19133196503143293], [0.32942052803803357, 0.0, -0.1216279323392984, -0.04612299917129747, 0.13349362097280618, -0.07501710491645255, -0.12140783522925229, -0.09995319257623012, -0.07623172180487307, 0.14472491893233205, 0.1474509712222619, 0.14862106139537778, 0.13971309585629788, 0.3604314213807021, 0.36941170533177625, 0.34766107937957563, 0.3355892390021469, 0.5868469500871923, 0.5940422418603212, 0.5533932584003763, 0.5207524930694667], [0.4510484603773319, 0.1216279323392984, 0.0, 0.0755049331680009, 0.25512155331210445, 0.04661082742284583, 0.0002200971100460318, 0.02167473976306826, 0.045396210534425316, 0.2663528512716304, 0.2690789035615603, 0.2702489937346762, 0.2613410281955963, 0.4820593537200006, 0.4910396376710748, 0.46928901171887377, 0.45721717134144507, 0.7084748824264905, 0.7156701741996193, 0.6750211907396744, 0.6423804254087646], [0.3755435272093309, 0.04612299917129747, -0.0755049331680009, 0.0, 0.17961662014410362, -0.028894105745155062, -0.07528483605795487, -0.0538301934049326, -0.030108722633575558, 0.1908479181036296, 0.19357397039355953, 0.19474406056667526, 0.18583609502759546, 0.40655442055199964, 0.4155347045030738, 0.39378407855087294, 0.38171223817344424, 0.6329699492584897, 0.6401652410316189, 0.5995162575716739, 0.566875492240764], [0.19592690706522745, -0.13349362097280618, -0.25512155331210445, -0.17961662014410362, 0.0, -0.20851072588925879, -0.2549014562020584, -0.23344681354903632, -0.2097253427776792, 0.011231297959525884, 0.013957350249455722, 0.015127440422571543, 0.00621947488349166, 0.22693780040789593, 0.2359180843589702, 0.21416745840676932, 0.20209561802934076, 0.45335332911438614, 0.4605486208875149, 0.41989963742757025, 0.3872588720966601], [0.4044376329544862, 0.07501710491645255, -0.04661082742284583, 0.028894105745155062, 0.20851072588925879, 0.0, -0.04639073031279976, -0.024936087659777565, -0.0012146168884205127, 0.21974202384878455, 0.22246807613871447, 0.22363816631183023, 0.21473020077275046, 0.4354485262971547, 0.44442881024822883, 0.42267818429602827, 0.41060634391859957, 0.661864055003645, 0.6690593467767738, 0.6284103633168288, 0.5957695979859191], [0.45082836326728576, 0.12140783522925229, -0.0002200971100460318, 0.07528483605795487, 0.2549014562020584, 0.04639073031279976, 0.0, 0.02145464265302222, 0.04517611342437927, 0.26613275416158433, 0.26885880645151433, 0.27002889662463003, 0.26112093108555007, 0.4818392566099544, 0.49081954056102867, 0.46906891460882766, 0.45699707423139907, 0.7082547853164448, 0.7154500770895734, 0.6748010936296288, 0.6421603282987189], [0.4293737206142639, 0.09995319257623012, -0.02167473976306826, 0.0538301934049326, 0.23344681354903632, 0.024936087659777565, -0.02145464265302222, 0.0, 0.02372147077135705, 0.2446781115085623, 0.24740416379849214, 0.24857425397160784, 0.23966628843252796, 0.4603846139569321, 0.46936489790800623, 0.44761427195580566, 0.43554243157837697, 0.6868001426634222, 0.6939954344365513, 0.6533464509766067, 0.6207056856456964], [0.40565224984290665, 0.07623172180487307, -0.045396210534425316, 0.030108722633575558, 0.2097253427776792, 0.0012146168884205127, -0.04517611342437927, -0.02372147077135705, 0.0, 0.22095664073720506, 0.2236826930271349, 0.22485278320025084, 0.21594481766117096, 0.43666314318557525, 0.4456434271366493, 0.42389280118444866, 0.4118209608070199, 0.6630786718920652, 0.6702739636651944, 0.6296249802052492, 0.5969842148743394], [0.18469560910570149, -0.14472491893233205, -0.2663528512716304, -0.1908479181036296, -0.011231297959525884, -0.21974202384878455, -0.26613275416158433, -0.2446781115085623, -0.22095664073720506, 0.0, 0.002726052289929839, 0.0038961424630456574, -0.005011823076034223, 0.21570650244837022, 0.2246867863994443, 0.2029361604472436, 0.19086432006981482, 0.44212203115486015, 0.44931732292798904, 0.4086683394680445, 0.3760275741371344], [0.1819695568157716, -0.1474509712222619, -0.2690789035615603, -0.19357397039355953, -0.013957350249455722, -0.22246807613871447, -0.26885880645151433, -0.24740416379849214, -0.2236826930271349, -0.002726052289929839, 0.0, 0.001170090173115819, -0.007737875365964063, 0.21298045015844022, 0.22196073410951445, 0.2002101081573137, 0.18813826777988502, 0.4393959788649305, 0.44659127063805926, 0.4059422871781143, 0.3733015218472044], [0.18079946664265584, -0.14862106139537778, -0.2702489937346762, -0.19474406056667526, -0.015127440422571543, -0.22363816631183023, -0.27002889662463003, -0.24857425397160784, -0.22485278320025084, -0.0038961424630456574, -0.001170090173115819, 0.0, -0.008907965539079878, 0.2118103599853244, 0.2207906439363986, 0.19904001798419788, 0.18696817760676918, 0.4382258886918146, 0.44542118046494344, 0.40477219700499867, 0.37213143167408874], [0.1897074321817357, -0.13971309585629788, -0.2613410281955963, -0.18583609502759546, -0.00621947488349166, -0.21473020077275046, -0.26112093108555007, -0.23966628843252796, -0.21594481766117096, 0.005011823076034223, 0.007737875365964063, 0.008907965539079878, 0.0, 0.22071832552440424, 0.22969860947547852, 0.20794798352327767, 0.19587614314584903, 0.4471338542308942, 0.45432914600402313, 0.41368016254407847, 0.38103939721316854], [-0.031010893342668645, -0.3604314213807021, -0.4820593537200006, -0.40655442055199964, -0.22693780040789593, -0.4354485262971547, -0.4818392566099544, -0.4603846139569321, -0.43666314318557525, -0.21570650244837022, -0.21298045015844022, -0.2118103599853244, -0.22071832552440424, 0.0, 0.008980283951074164, -0.01277034200112664, -0.024842182378555306, 0.22641552870649012, 0.23361082047961892, 0.19296183701967404, 0.16032107168876425], [-0.0399911772937428, -0.36941170533177625, -0.4910396376710748, -0.4155347045030738, -0.2359180843589702, -0.44442881024822883, -0.49081954056102867, -0.46936489790800623, -0.4456434271366493, -0.2246867863994443, -0.22196073410951445, -0.2207906439363986, -0.22969860947547852, -0.008980283951074164, 0.0, -0.021750625952200807, -0.033822466329629465, 0.21743524475541595, 0.2246305365285447, 0.18398155306859998, 0.15134078773769005], [-0.018240551341541997, -0.34766107937957563, -0.46928901171887377, -0.39378407855087294, -0.21416745840676932, -0.42267818429602827, -0.46906891460882766, -0.44761427195580566, -0.42389280118444866, -0.2029361604472436, -0.2002101081573137, -0.19904001798419788, -0.20794798352327767, 0.01277034200112664, 0.021750625952200807, 0.0, -0.012071840377428669, 0.23918587070761685, 0.24638116248074568, 0.20573217902080082, 0.17309141368989084], [-0.006168710964113328, -0.3355892390021469, -0.45721717134144507, -0.38171223817344424, -0.20209561802934076, -0.41060634391859957, -0.45699707423139907, -0.43554243157837697, -0.4118209608070199, -0.19086432006981482, -0.18813826777988502, -0.18696817760676918, -0.19587614314584903, 0.024842182378555306, 0.033822466329629465, 0.012071840377428669, 0.0, 0.25125771108504547, 0.25845300285817424, 0.21780401939822938, 0.18516325406731954], [-0.2574264220491588, -0.5868469500871923, -0.7084748824264905, -0.6329699492584897, -0.45335332911438614, -0.661864055003645, -0.7082547853164448, -0.6868001426634222, -0.6630786718920652, -0.44212203115486015, -0.4393959788649305, -0.4382258886918146, -0.4471338542308942, -0.22641552870649012, -0.21743524475541595, -0.23918587070761685, -0.25125771108504547, 0.0, 0.007195291773128779, -0.033453691686816084, -0.06609445701772597], [-0.2646217138222877, -0.5940422418603212, -0.7156701741996193, -0.6401652410316189, -0.4605486208875149, -0.6690593467767738, -0.7154500770895734, -0.6939954344365513, -0.6702739636651944, -0.44931732292798904, -0.44659127063805926, -0.44542118046494344, -0.45432914600402313, -0.23361082047961892, -0.2246305365285447, -0.24638116248074568, -0.25845300285817424, -0.007195291773128779, 0.0, -0.04064898345994485, -0.07328974879085477], [-0.22397273036234266, -0.5533932584003763, -0.6750211907396744, -0.5995162575716739, -0.41989963742757025, -0.6284103633168288, -0.6748010936296288, -0.6533464509766067, -0.6296249802052492, -0.4086683394680445, -0.4059422871781143, -0.40477219700499867, -0.41368016254407847, -0.19296183701967404, -0.18398155306859998, -0.20573217902080082, -0.21780401939822938, 0.033453691686816084, 0.04064898345994485, 0.0, -0.032640765330909906], [-0.19133196503143293, -0.5207524930694667, -0.6423804254087646, -0.566875492240764, -0.3872588720966601, -0.5957695979859191, -0.6421603282987189, -0.6207056856456964, -0.5969842148743394, -0.3760275741371344, -0.3733015218472044, -0.37213143167408874, -0.38103939721316854, -0.16032107168876425, -0.15134078773769005, -0.17309141368989084, -0.18516325406731954, 0.06609445701772597, 0.07328974879085477, 0.032640765330909906, 0.0]], [[0.0, 0.22689449442316353, 0.5226084029127585, 0.7990616195794703, 0.9358186255828871, 0.9177553621004091, 1.2727207896526267, 1.2874052913113163, 1.2268174701872794, 0.9826088520684259, 1.3615232634298662, 1.2299861662420952, 1.057645055031267, 0.9868482367804106, 1.3414479830343393, 1.195953856499286, 1.0161845084374228, 0.9276612918907522, 1.2341977781935145, 1.1545465932730024, 1.0201793559130805], [-0.22689449442316353, 0.0, 0.29571390848959506, 0.5721671251563063, 0.7089241311597233, 0.6908608676772454, 1.0458262952294626, 1.0605107968881524, 0.9999229757641157, 0.7557143576452622, 1.1346287690067025, 1.003091671818932, 0.8307505606081034, 0.7599537423572471, 1.1145534886111759, 0.9690593620761225, 0.789290014014259, 0.7007667974675883, 1.0073032837703513, 0.9276520988498386, 0.7932848614899171], [-0.5226084029127585, -0.29571390848959506, 0.0, 0.2764532166667113, 0.4132102226701286, 0.3951469591876506, 0.7501123867398678, 0.7647968883985574, 0.7042090672745209, 0.4600004491556671, 0.8389148605171073, 0.7073777633293369, 0.5350366521185085, 0.4642398338676519, 0.8188395801215808, 0.6733454535865276, 0.4935761055246644, 0.40505288897799363, 0.7115893752807555, 0.6319381903602436, 0.497570953000322], [-0.7990616195794703, -0.5721671251563063, -0.2764532166667113, 0.0, 0.1367570060034172, 0.11869374252093913, 0.4736591700731564, 0.4883436717318462, 0.4277558506078094, 0.1835472324889556, 0.5624616438503963, 0.43092454666262575, 0.258583435451797, 0.18778661720094056, 0.5423863634548693, 0.39689223691981595, 0.217122888857953, 0.1285996723112822, 0.43513615861404425, 0.35548497369353205, 0.22111773633361065], [-0.9358186255828871, -0.7089241311597233, -0.4132102226701286, -0.1367570060034172, 0.0, -0.018063263482478095, 0.33690216406973916, 0.3515866657284289, 0.2909988446043924, 0.046790226485538405, 0.4257046378469789, 0.2941675406592084, 0.12182642944837964, 0.05102961119752322, 0.40562935745145223, 0.2601352309163987, 0.08036588285453566, -0.00815733369213502, 0.29837915261062725, 0.21872796769011488, 0.08436073033019331], [-0.9177553621004091, -0.6908608676772454, -0.3951469591876506, -0.11869374252093913, 0.018063263482478095, 0.0, 0.35496542755221727, 0.369649929210907, 0.3090621080868704, 0.06485348996801649, 0.443767901329457, 0.3122308041416866, 0.13988969293085776, 0.06909287468000136, 0.4236926209339302, 0.2781984943988769, 0.0984291463370138, 0.009905929790343082, 0.31644241609310525, 0.23679123117259293, 0.1024239938126714], [-1.2727207896526267, -1.0458262952294626, -0.7501123867398678, -0.4736591700731564, -0.33690216406973916, -0.35496542755221727, 0.0, 0.01468450165868989, -0.04590331946534678, -0.2901119375842008, 0.0888024737772397, -0.042734623410530616, -0.2150757346213595, -0.2858725528722158, 0.06872719338171299, -0.07676693315334045, -0.25653628121520333, -0.3450594977618742, -0.03852301145911194, -0.11817419637962434, -0.25254143373954574], [-1.2874052913113163, -1.0605107968881524, -0.7647968883985574, -0.4883436717318462, -0.3515866657284289, -0.369649929210907, -0.01468450165868989, 0.0, -0.06058782112403673, -0.3047964392428907, 0.07411797211854983, -0.05741912506922056, -0.2297602362800495, -0.3005570545309058, 0.0540426917230231, -0.0914514348120303, -0.27122078287389334, -0.359743999420564, -0.053207513117801815, -0.1328586980383142, -0.2672259353982358], [-1.2268174701872794, -0.9999229757641157, -0.7042090672745209, -0.4277558506078094, -0.2909988446043924, -0.3090621080868704, 0.04590331946534678, 0.06058782112403673, 0.0, -0.24420861811885397, 0.13470579324258655, 0.0031686960548161893, -0.16917241515601272, -0.2399692334068691, 0.11463051284705983, -0.030863613687993577, -0.21063296174985674, -0.2991561782965273, 0.007380308006234899, -0.07227087691427746, -0.20663811427419898], [-0.9826088520684259, -0.7557143576452622, -0.4600004491556671, -0.1835472324889556, -0.046790226485538405, -0.06485348996801649, 0.2901119375842008, 0.3047964392428907, 0.24420861811885397, 0.0, 0.3789144113614407, 0.24737731417367015, 0.07503620296284126, 0.004239384711984865, 0.3588391309659136, 0.21334500443086035, 0.03357565636899729, -0.05494756017767338, 0.2515889261250888, 0.17193774120457636, 0.037570503844654914], [-1.3615232634298662, -1.1346287690067025, -0.8389148605171073, -0.5624616438503963, -0.4257046378469789, -0.443767901329457, -0.0888024737772397, -0.07411797211854983, -0.13470579324258655, -0.3789144113614407, 0.0, -0.13153709718777032, -0.30387820839859925, -0.3746750266494557, -0.020075280395526723, -0.16556940693058017, -0.34533875499244315, -0.43386197153911377, -0.12732548523635168, -0.20697667015686416, -0.34134390751678545], [-1.2299861662420952, -1.003091671818932, -0.7073777633293369, -0.43092454666262575, -0.2941675406592084, -0.3122308041416866, 0.042734623410530616, 0.05741912506922056, -0.0031686960548161893, -0.24737731417367015, 0.13153709718777032, 0.0, -0.17234111121082882, -0.24313792946168525, 0.11146181679224362, -0.03403230974280979, -0.21380165780467292, -0.3023248743513436, 0.004211611951418713, -0.0754395729690937, -0.2098068103290153], [-1.057645055031267, -0.8307505606081034, -0.5350366521185085, -0.258583435451797, -0.12182642944837964, -0.13988969293085776, 0.2150757346213595, 0.2297602362800495, 0.16917241515601272, -0.07503620296284126, 0.30387820839859925, 0.17234111121082882, 0.0, -0.0707968182508564, 0.2838029280030726, 0.13830880146801908, -0.041460546593843996, -0.12998376314051469, 0.1765527231622476, 0.09690153824173521, -0.03746569911818638], [-0.9868482367804106, -0.7599537423572471, -0.4642398338676519, -0.18778661720094056, -0.05102961119752322, -0.06909287468000136, 0.2858725528722158, 0.3005570545309058, 0.2399692334068691, -0.004239384711984865, 0.3746750266494557, 0.24313792946168525, 0.0707968182508564, 0.0, 0.35459974625392887, 0.20910561971887556, 0.029336271657012417, -0.05918694488965826, 0.24734954141310397, 0.16769835649259165, 0.03333111913267005], [-1.3414479830343393, -1.1145534886111759, -0.8188395801215808, -0.5423863634548693, -0.40562935745145223, -0.4236926209339302, -0.06872719338171299, -0.0540426917230231, -0.11463051284705983, -0.3588391309659136, 0.020075280395526723, -0.11146181679224362, -0.2838029280030726, -0.35459974625392887, 0.0, -0.14549412653505334, -0.3252634745969165, -0.413786691143587, -0.10725020484082494, -0.18690138976133727, -0.32126862712125875], [-1.195953856499286, -0.9690593620761225, -0.6733454535865276, -0.39689223691981595, -0.2601352309163987, -0.2781984943988769, 0.07676693315334045, 0.0914514348120303, 0.030863613687993577, -0.21334500443086035, 0.16556940693058017, 0.03403230974280979, -0.13830880146801908, -0.20910561971887556, 0.14549412653505334, 0.0, -0.1797693480618631, -0.2682925646085336, 0.03824392169422847, -0.04140726322628391, -0.17577450058620542], [-1.0161845084374228, -0.789290014014259, -0.4935761055246644, -0.217122888857953, -0.08036588285453566, -0.0984291463370138, 0.25653628121520333, 0.27122078287389334, 0.21063296174985674, -0.03357565636899729, 0.34533875499244315, 0.21380165780467292, 0.041460546593843996, -0.029336271657012417, 0.3252634745969165, 0.1797693480618631, 0.0, -0.08852321654667072, 0.21801326975609153, 0.13836208483557916, 0.0039948474756576246], [-0.9276612918907522, -0.7007667974675883, -0.40505288897799363, -0.1285996723112822, 0.00815733369213502, -0.009905929790343082, 0.3450594977618742, 0.359743999420564, 0.2991561782965273, 0.05494756017767338, 0.43386197153911377, 0.3023248743513436, 0.12998376314051469, 0.05918694488965826, 0.413786691143587, 0.2682925646085336, 0.08852321654667072, 0.0, 0.3065364863027624, 0.2268853013822498, 0.09251806402232834], [-1.2341977781935145, -1.0073032837703513, -0.7115893752807555, -0.43513615861404425, -0.29837915261062725, -0.31644241609310525, 0.03852301145911194, 0.053207513117801815, -0.007380308006234899, -0.2515889261250888, 0.12732548523635168, -0.004211611951418713, -0.1765527231622476, -0.24734954141310397, 0.10725020484082494, -0.03824392169422847, -0.21801326975609153, -0.3065364863027624, 0.0, -0.0796511849205124, -0.214018422280434], [-1.1545465932730024, -0.9276520988498386, -0.6319381903602436, -0.35548497369353205, -0.21872796769011488, -0.23679123117259293, 0.11817419637962434, 0.1328586980383142, 0.07227087691427746, -0.17193774120457636, 0.20697667015686416, 0.0754395729690937, -0.09690153824173521, -0.16769835649259165, 0.18690138976133727, 0.04140726322628391, -0.13836208483557916, -0.2268853013822498, 0.0796511849205124, 0.0, -0.13436723735992154], [-1.0201793559130805, -0.7932848614899171, -0.497570953000322, -0.22111773633361065, -0.08436073033019331, -0.1024239938126714, 0.25254143373954574, 0.2672259353982358, 0.20663811427419898, -0.037570503844654914, 0.34134390751678545, 0.2098068103290153, 0.03746569911818638, -0.03333111913267005, 0.32126862712125875, 0.17577450058620542, -0.0039948474756576246, -0.09251806402232834, 0.214018422280434, 0.13436723735992154, 0.0]]]