[[[0.0, -0.20310393278153588, -0.18726512701643333, -0.0025994048249397047, 0.18858066328536302, -0.33312807599925415, -0.29193049094901946, -0.051928519432974024, 0.15944196631607038, -0.05678673847189999, -0.0013296374696173093, 0.20827813328658198, 0.372219788536333, 0.1915342929735521, 0.26923625676361385, 0.33348128407462546, 0.34655723345874123, 0.3945425821532725, 0.48892613139923724, 0.4864414234846205, 0.43991274042624506], [0.20310393278153588, 0.0, 0.015838805765102642, 0.20050452795659623, 0.3916845960668992, -0.13002414321771819, -0.08882655816748342, 0.1511754133485619, 0.36254589909760626, 0.14631719430963597, 0.20177429531191865, 0.41138206606811795, 0.5753237213178689, 0.39463822575508806, 0.4723401895451497, 0.5365852168561615, 0.5496611662402774, 0.5976465149348082, 0.6920300641807735, 0.6895453562661562, 0.6430166732077807], [0.18726512701643333, -0.015838805765102642, 0.0, 0.18466572219149363, 0.3758457903017965, -0.1458629489828208, -0.10466536393258608, 0.13533660758345933, 0.34670709333250366, 0.1304783885445333, 0.18593548954681605, 0.39554326030301523, 0.5594849155527664, 0.37879941998998545, 0.4565013837800469, 0.5207464110910589, 0.5338223604751744, 0.5818077091697055, 0.6761912584156707, 0.6737065505010537, 0.6271778674426778], [0.0025994048249397047, -0.20050452795659623, -0.18466572219149363, 0.0, 0.19118006811030278, -0.3305286711743146, -0.28933108612407976, -0.04932911460803432, 0.16204137114101014, -0.05418733364696026, 0.0012697673553223965, 0.21087753811152163, 0.3748191933612725, 0.19413369779849185, 0.27183566158855355, 0.33608068889956527, 0.3491566382836808, 0.3971419869782121, 0.49152553622417705, 0.48904082830956014, 0.4425121452511844], [-0.18858066328536302, -0.3916845960668992, -0.3758457903017965, -0.19118006811030278, 0.0, -0.5217087392846171, -0.4805111542343826, -0.24050918271833704, -0.02913869696929275, -0.24536740175726315, -0.1899103007549804, 0.01969747000121876, 0.18363912525096976, 0.0029536296881889947, 0.08065559347825069, 0.1449006207892624, 0.15797657017337804, 0.20596191886790918, 0.30034546811387425, 0.2978607601992574, 0.2513320771408816], [0.33312807599925415, 0.13002414321771819, 0.1458629489828208, 0.3305286711743146, 0.5217087392846171, 0.0, 0.041197585050234735, 0.28119955656628015, 0.49257004231532453, 0.2763413375273542, 0.33179843852963686, 0.5414062092858358, 0.705347864535587, 0.5246623689728064, 0.6023643327628678, 0.6666093600738798, 0.6796853094579954, 0.7276706581525266, 0.8220542073984916, 0.8195694994838747, 0.7730408164254989], [0.29193049094901946, 0.08882655816748342, 0.10466536393258608, 0.28933108612407976, 0.4805111542343826, -0.041197585050234735, 0.0, 0.24000197151604538, 0.45137245726508973, 0.23514375247711944, 0.29060085347940207, 0.5002086242356009, 0.6641502794853524, 0.4834647839225714, 0.5611667477126333, 0.6254117750236449, 0.6384877244077605, 0.6864730731022918, 0.7808566223482574, 0.7783719144336401, 0.7318432313752645], [0.051928519432974024, -0.1511754133485619, -0.13533660758345933, 0.04932911460803432, 0.24050918271833704, -0.28119955656628015, -0.24000197151604538, 0.0, 0.2113704857490444, -0.004858219038925981, 0.05059888196335669, 0.2602066527195558, 0.42414830796930686, 0.24346281240652612, 0.3211647761965878, 0.38540980350759974, 0.3984857528917153, 0.44647110158624664, 0.5408546508322117, 0.5383699429175944, 0.4918412598592187], [-0.15944196631607038, -0.36254589909760626, -0.34670709333250366, -0.16204137114101014, 0.02913869696929275, -0.49257004231532453, -0.45137245726508973, -0.2113704857490444, 0.0, -0.21622870478797046, -0.1607716037856877, 0.048836166970511484, 0.21277782222026242, 0.03209232665748175, 0.10979429044754335, 0.1740393177585551, 0.18711526714267077, 0.235100615837202, 0.3294841650831668, 0.3269994571685501, 0.2804707741101744], [0.05678673847189999, -0.14631719430963597, -0.1304783885445333, 0.05418733364696026, 0.24536740175726315, -0.2763413375273542, -0.23514375247711944, 0.004858219038925981, 0.21622870478797046, 0.0, 0.05545710100228268, 0.26506487175848187, 0.4290065270082329, 0.248321031445452, 0.32602299523551376, 0.3902680225465257, 0.4033439719306411, 0.4513293206251724, 0.5457128698711374, 0.5432281619565204, 0.4966994788981445], [0.0013296374696173093, -0.20177429531191865, -0.18593548954681605, -0.0012697673553223965, 0.1899103007549804, -0.33179843852963686, -0.29060085347940207, -0.05059888196335669, 0.1607716037856877, -0.05545710100228268, 0.0, 0.20960777075619924, 0.37354942600595026, 0.19286393044316955, 0.27056589423323113, 0.3348109215442428, 0.34788687092835846, 0.39587221962288976, 0.4902557688688547, 0.4877710609542378, 0.4412423778958623], [-0.20827813328658198, -0.41138206606811795, -0.39554326030301523, -0.21087753811152163, -0.01969747000121876, -0.5414062092858358, -0.5002086242356009, -0.2602066527195558, -0.048836166970511484, -0.26506487175848187, -0.20960777075619924, 0.0, 0.1639416552497509, -0.01674384031302976, 0.06095812347703186, 0.12520315078804362, 0.13827910017215922, 0.1862644488666905, 0.2806479981126556, 0.27816329019803854, 0.2316346071396629], [-0.372219788536333, -0.5753237213178689, -0.5594849155527664, -0.3748191933612725, -0.18363912525096976, -0.705347864535587, -0.6641502794853524, -0.42414830796930686, -0.21277782222026242, -0.4290065270082329, -0.37354942600595026, -0.1639416552497509, 0.0, -0.18068549556278074, -0.10298353177271904, -0.03873850446170729, -0.02566255507759169, 0.02232279361693951, 0.11670634286290457, 0.11422163494828773, 0.06769295188991196], [-0.1915342929735521, -0.39463822575508806, -0.37879941998998545, -0.19413369779849185, -0.0029536296881889947, -0.5246623689728064, -0.4834647839225714, -0.24346281240652612, -0.03209232665748175, -0.248321031445452, -0.19286393044316955, 0.01674384031302976, 0.18068549556278074, 0.0, 0.07770196379006161, 0.1419469911010734, 0.15502294048518903, 0.20300828917972016, 0.2973918384256852, 0.2949071305110683, 0.24837844745269277], [-0.26923625676361385, -0.4723401895451497, -0.4565013837800469, -0.27183566158855355, -0.08065559347825069, -0.6023643327628678, -0.5611667477126333, -0.3211647761965878, -0.10979429044754335, -0.32602299523551376, -0.27056589423323113, -0.06095812347703186, 0.10298353177271904, -0.07770196379006161, 0.0, 0.06424502731101174, 0.07732097669512734, 0.12530632538965847, 0.21968987463562378, 0.21720516672100673, 0.17067648366263088], [-0.33348128407462546, -0.5365852168561615, -0.5207464110910589, -0.33608068889956527, -0.1449006207892624, -0.6666093600738798, -0.6254117750236449, -0.38540980350759974, -0.1740393177585551, -0.3902680225465257, -0.3348109215442428, -0.12520315078804362, 0.03873850446170729, -0.1419469911010734, -0.06424502731101174, 0.0, 0.013075949384115625, 0.06106129807864682, 0.15544484732461197, 0.15296013940999503, 0.10643145635161926], [-0.34655723345874123, -0.5496611662402774, -0.5338223604751744, -0.3491566382836808, -0.15797657017337804, -0.6796853094579954, -0.6384877244077605, -0.3984857528917153, -0.18711526714267077, -0.4033439719306411, -0.34788687092835846, -0.13827910017215922, 0.02566255507759169, -0.15502294048518903, -0.07732097669512734, -0.013075949384115625, 0.0, 0.047985348694531214, 0.1423688979404963, 0.13988419002587935, 0.09335550696750358], [-0.3945425821532725, -0.5976465149348082, -0.5818077091697055, -0.3971419869782121, -0.20596191886790918, -0.7276706581525266, -0.6864730731022918, -0.44647110158624664, -0.235100615837202, -0.4513293206251724, -0.39587221962288976, -0.1862644488666905, -0.02232279361693951, -0.20300828917972016, -0.12530632538965847, -0.06106129807864682, -0.047985348694531214, 0.0, 0.09438354924596506, 0.09189884133134817, 0.04537015827297242], [-0.48892613139923724, -0.6920300641807735, -0.6761912584156707, -0.49152553622417705, -0.30034546811387425, -0.8220542073984916, -0.7808566223482574, -0.5408546508322117, -0.3294841650831668, -0.5457128698711374, -0.4902557688688547, -0.2806479981126556, -0.11670634286290457, -0.2973918384256852, -0.21968987463562378, -0.15544484732461197, -0.1423688979404963, -0.09438354924596506, 0.0, -0.002484707914616912, -0.04901339097299266], [-0.4864414234846205, -0.6895453562661562, -0.6737065505010537, -0.48904082830956014, -0.2978607601992574, -0.8195694994838747, -0.7783719144336401, -0.5383699429175944, -0.3269994571685501, -0.5432281619565204, -0.4877710609542378, -0.27816329019803854, -0.11422163494828773, -0.2949071305110683, -0.21720516672100673, -0.15296013940999503, -0.13988419002587935, -0.09189884133134817, 0.002484707914616912, 0.0, -0.046528683058375736], [-0.43991274042624506, -0.6430166732077807, -0.6271778674426778, -0.4425121452511844, -0.2513320771408816, -0.7730408164254989, -0.7318432313752645, -0.4918412598592187, -0.2804707741101744, -0.4966994788981445, -0.4412423778958623, -0.2316346071396629, -0.06769295188991196, -0.24837844745269277, -0.17067648366263088, -0.10643145635161926, -0.09335550696750358, -0.04537015827297242, 0.04901339097299266, 0.046528683058375736, 0.0]], [[0.0, 0.33513786797397266, 0.6848600030719567, 0.9507493331126521, 1.1334625448770277, 1.0469243435086673, 1.4159308943393754, 1.544749645117281, 1.5672743216942602, 0.9980812525674887, 1.3888990860114303, 1.5186479265662518, 1.5525125043330195, 0.9199904698044069, 1.2456167780758378, 1.1847305660573535, 1.0628272370960277, 0.8351483814541801, 1.0384636081348189, 0.9762776684371013, 0.855420499292782], [-0.33513786797397266, 0.0, 0.3497221350979842, 0.6156114651386791, 0.7983246769030553, 0.7117864755346944, 1.0807930263654024, 1.209611777143309, 1.2321364537202877, 0.662943384593516, 1.053761218037458, 1.183510058592279, 1.217374636359047, 0.5848526018304345, 0.9104789101018647, 0.8495926980833808, 0.7276893691220551, 0.5000105134802072, 0.7033257401608455, 0.6411398004631285, 0.5202826313188094], [-0.6848600030719567, -0.3497221350979842, 0.0, 0.26588933004069526, 0.44860254180507103, 0.36206434043671026, 0.7310708912674183, 0.8598896420453247, 0.8824143186223035, 0.31322124949553176, 0.7040390829394731, 0.8337879234942949, 0.8676525012610634, 0.23513046673245033, 0.5607567750038808, 0.49987056298539606, 0.37796723402407095, 0.15028837838222311, 0.35360360506286187, 0.2914176653651444, 0.1705604962208251], [-0.9507493331126521, -0.6156114651386791, -0.26588933004069526, 0.0, 0.18271321176437563, 0.09617501039601505, 0.46518156122672316, 0.5940003120046291, 0.6165249885816079, 0.047331919454836474, 0.438149752898778, 0.5678985934535994, 0.6017631712203683, -0.03075886330824499, 0.2948674449631854, 0.23398123294470113, 0.1120779039833757, -0.11560095165847217, 0.08771427502216658, 0.02552833532444931, -0.09532883381987015], [-1.1334625448770277, -0.7983246769030553, -0.44860254180507103, -0.18271321176437563, 0.0, -0.08653820136836064, 0.2824683494623473, 0.41128710024025344, 0.4338117768172324, -0.1353812923095392, 0.2554365411344024, 0.38518538168922395, 0.41904995945599227, -0.2134720750726207, 0.11215423319880972, 0.051268021180325384, -0.07063530778100005, -0.29831416342284767, -0.09499893674220916, -0.15718487643992637, -0.2780420455842459], [-1.0469243435086673, -0.7117864755346944, -0.36206434043671026, -0.09617501039601505, 0.08653820136836064, 0.0, 0.36900655083070794, 0.497825301608614, 0.5203499781855928, -0.04884309094117856, 0.34197474250276294, 0.4717235830575845, 0.5055881608243533, -0.12693387370426007, 0.19869243456717048, 0.13780622254868605, 0.015902893587360616, -0.21177596205448712, -0.0084607353738485, -0.07064667507156569, -0.1915038442158852], [-1.4159308943393754, -1.0807930263654024, -0.7310708912674183, -0.46518156122672316, -0.2824683494623473, -0.36900655083070794, 0.0, 0.12881875077790608, 0.15134342735488482, -0.4178496417718867, -0.027031808327944877, 0.10271703222687657, 0.1365816099936451, -0.49594042453496795, -0.17031411626353743, -0.23120032828202192, -0.3531036572433473, -0.5807825128851948, -0.37746728620455655, -0.43965322590227374, -0.5605103950465934], [-1.544749645117281, -1.209611777143309, -0.8598896420453247, -0.5940003120046291, -0.41128710024025344, -0.497825301608614, -0.12881875077790608, 0.0, 0.022524676576978753, -0.5466683925497927, -0.15585055910585083, -0.026101718551029548, 0.00776285921573898, -0.6247591753128737, -0.2991328670414437, -0.36001907905992797, -0.4819224080212534, -0.7096012636631011, -0.5062860369824626, -0.5684719766801799, -0.6893291458244992], [-1.5672743216942602, -1.2321364537202877, -0.8824143186223035, -0.6165249885816079, -0.4338117768172324, -0.5203499781855928, -0.15134342735488482, -0.022524676576978753, 0.0, -0.5691930691267713, -0.17837523568282973, -0.04862639512800828, -0.014761817361239776, -0.647283851889853, -0.3216575436184223, -0.38254375563690673, -0.5044470845982318, -0.7321259402400799, -0.5288107135594413, -0.5909966532571588, -0.711853822401478], [-0.9980812525674887, -0.662943384593516, -0.31322124949553176, -0.047331919454836474, 0.1353812923095392, 0.04884309094117856, 0.4178496417718867, 0.5466683925497927, 0.5691930691267713, 0.0, 0.39081783344394166, 0.5205666739987632, 0.5544312517655317, -0.07809078276308144, 0.24753552550834904, 0.18664931348986472, 0.06474598452853923, -0.16293287111330862, 0.04038235556733006, -0.021803584130387178, -0.1426607532747067], [-1.3888990860114303, -1.053761218037458, -0.7040390829394731, -0.438149752898778, -0.2554365411344024, -0.34197474250276294, 0.027031808327944877, 0.15585055910585083, 0.17837523568282973, -0.39081783344394166, 0.0, 0.12974884055482142, 0.16361341832158996, -0.468908616207023, -0.14328230793559266, -0.204168519954077, -0.3260718489154025, -0.5537507045572503, -0.35043547787661156, -0.41262141757432885, -0.5334785867186486], [-1.5186479265662518, -1.183510058592279, -0.8337879234942949, -0.5678985934535994, -0.38518538168922395, -0.4717235830575845, -0.10271703222687657, 0.026101718551029548, 0.04862639512800828, -0.5205666739987632, -0.12974884055482142, 0.0, 0.03386457776676852, -0.5986574567618446, -0.2730311484904142, -0.3339173605088986, -0.45582068947022386, -0.6834995451120716, -0.48018431843143283, -0.5423702581291504, -0.6632274272734701], [-1.5525125043330195, -1.217374636359047, -0.8676525012610634, -0.6017631712203683, -0.41904995945599227, -0.5055881608243533, -0.1365816099936451, -0.00776285921573898, 0.014761817361239776, -0.5544312517655317, -0.16361341832158996, -0.03386457776676852, 0.0, -0.6325220345286131, -0.3068957262571826, -0.36778193827566696, -0.48968526723699246, -0.7173641228788401, -0.5140488961982017, -0.5762348358959185, -0.6970920050402385], [-0.9199904698044069, -0.5848526018304345, -0.23513046673245033, 0.03075886330824499, 0.2134720750726207, 0.12693387370426007, 0.49594042453496795, 0.6247591753128737, 0.647283851889853, 0.07809078276308144, 0.468908616207023, 0.5986574567618446, 0.6325220345286131, 0.0, 0.32562630827143024, 0.264740096252946, 0.14283676729162065, -0.0848420883502271, 0.11847313833041159, 0.05628719863269433, -0.06456997051162518], [-1.2456167780758378, -0.9104789101018647, -0.5607567750038808, -0.2948674449631854, -0.11215423319880972, -0.19869243456717048, 0.17031411626353743, 0.2991328670414437, 0.3216575436184223, -0.24753552550834904, 0.14328230793559266, 0.2730311484904142, 0.3068957262571826, -0.32562630827143024, 0.0, -0.060886212018484376, -0.1827895409798098, -0.4104683966216578, -0.20715316994101893, -0.2693391096387363, -0.3901962787830557], [-1.1847305660573535, -0.8495926980833808, -0.49987056298539606, -0.23398123294470113, -0.051268021180325384, -0.13780622254868605, 0.23120032828202192, 0.36001907905992797, 0.38254375563690673, -0.18664931348986472, 0.204168519954077, 0.3339173605088986, 0.36778193827566696, -0.264740096252946, 0.060886212018484376, 0.0, -0.12190332896132539, -0.3495821846031733, -0.14626695792253455, -0.2084528976202518, -0.32931006676457125], [-1.0628272370960277, -0.7276893691220551, -0.37796723402407095, -0.1120779039833757, 0.07063530778100005, -0.015902893587360616, 0.3531036572433473, 0.4819224080212534, 0.5044470845982318, -0.06474598452853923, 0.3260718489154025, 0.45582068947022386, 0.48968526723699246, -0.14283676729162065, 0.1827895409798098, 0.12190332896132539, 0.0, -0.22767885564184784, -0.024363628961209135, -0.08654956865892642, -0.20740673780324592], [-0.8351483814541801, -0.5000105134802072, -0.15028837838222311, 0.11560095165847217, 0.29831416342284767, 0.21177596205448712, 0.5807825128851948, 0.7096012636631011, 0.7321259402400799, 0.16293287111330862, 0.5537507045572503, 0.6834995451120716, 0.7173641228788401, 0.0848420883502271, 0.4104683966216578, 0.3495821846031733, 0.22767885564184784, 0.0, 0.20331522668063864, 0.14112928698292143, 0.020272117838601934], [-1.0384636081348189, -0.7033257401608455, -0.35360360506286187, -0.08771427502216658, 0.09499893674220916, 0.0084607353738485, 0.37746728620455655, 0.5062860369824626, 0.5288107135594413, -0.04038235556733006, 0.35043547787661156, 0.48018431843143283, 0.5140488961982017, -0.11847313833041159, 0.20715316994101893, 0.14626695792253455, 0.024363628961209135, -0.20331522668063864, 0.0, -0.06218593969771723, -0.18304310884203673], [-0.9762776684371013, -0.6411398004631285, -0.2914176653651444, -0.02552833532444931, 0.15718487643992637, 0.07064667507156569, 0.43965322590227374, 0.5684719766801799, 0.5909966532571588, 0.021803584130387178, 0.41262141757432885, 0.5423702581291504, 0.5762348358959185, -0.05628719863269433, 0.2693391096387363, 0.2084528976202518, 0.08654956865892642, -0.14112928698292143, 0.06218593969771723, 0.0, -0.12085716914431942], [-0.855420499292782, -0.5202826313188094, -0.1705604962208251, 0.09532883381987015, 0.2780420455842459, 0.1915038442158852, 0.5605103950465934, 0.6893291458244992, 0.711853822401478, 0.1426607532747067, 0.5334785867186486, 0.6632274272734701, 0.6970920050402385, 0.06456997051162518, 0.3901962787830557, 0.32931006676457125, 0.20740673780324592, -0.020272117838601934, 0.18304310884203673, 0.12085716914431942, 0.0]]]