[[[0.0, -0.3475464256606407, -0.3610907108935549, -0.2549285296337812, -0.1138974654844578, -0.3996560566604559, -0.43179669316456065, -0.35685393794313713, -0.278930550806548, -0.12908164780834636, -0.11297489824753565, -0.07665755509722005, -0.06016915894601627, 0.11539950150691189, 0.11493105079818618, 0.08539517109271852, 0.0644757973477821, 0.3462867558978435, 0.36749898782418844, 0.32388565615868825, 0.2706403857636586], [0.3475464256606407, 0.0, -0.013544285232914155, 0.09261789602685944, 0.23364896017618297, -0.05210963099981505, -0.08425026750391992, -0.009307512282496305, 0.06861587485409289, 0.21846477785229448, 0.23457152741310514, 0.27088887056342065, 0.2873772667146245, 0.46294592716755295, 0.46247747645882725, 0.43294159675335964, 0.412022223008423, 0.6938331815584844, 0.7150454134848293, 0.6714320818193289, 0.6181868114242992], [0.3610907108935549, 0.013544285232914155, 0.0, 0.10616218125977364, 0.24719324540909707, -0.03856534576690091, -0.07070598227100582, 0.004236772950417842, 0.08216016008700704, 0.23200906308520863, 0.24811581264601934, 0.28443315579633494, 0.3009215519475388, 0.4764902124004671, 0.4760217616917412, 0.44648588198627365, 0.4255665082413369, 0.7073774667913988, 0.7285896987177434, 0.6849763670522432, 0.6317310966572134], [0.2549285296337812, -0.09261789602685944, -0.10616218125977364, 0.0, 0.1410310641493235, -0.1447275270266745, -0.17686816353077947, -0.10192540830935581, -0.02400202117276656, 0.12584688182543494, 0.14195363138624567, 0.17827097453656127, 0.194759370687765, 0.3703280311406932, 0.36985958043196754, 0.3403237007264998, 0.3194043269815635, 0.6012152855316248, 0.6224275174579694, 0.5788141857924696, 0.5255689153974397], [0.1138974654844578, -0.23364896017618297, -0.24719324540909707, -0.1410310641493235, 0.0, -0.2857585911759981, -0.31789922768010287, -0.24295647245867946, -0.16503308532209016, -0.015184182323888571, 0.0009225672369221418, 0.03723991038723772, 0.05372830653844146, 0.22929696699136973, 0.22882851628264386, 0.19929263657717639, 0.17837326283223987, 0.46018422138230136, 0.48139645330864617, 0.437783121643146, 0.3845378512481163], [0.3996560566604559, 0.05210963099981505, 0.03856534576690091, 0.1447275270266745, 0.2857585911759981, 0.0, -0.03214063650410493, 0.04280211871731875, 0.12072550585390796, 0.27057440885210954, 0.2866811584129202, 0.32299850156323584, 0.3394868977144396, 0.5150555581673677, 0.5145871074586421, 0.4850512277531744, 0.46413185400823814, 0.7459428125582993, 0.767155044484644, 0.7235417128191436, 0.6702964424241143], [0.43179669316456065, 0.08425026750391992, 0.07070598227100582, 0.17686816353077947, 0.31789922768010287, 0.03214063650410493, 0.0, 0.07494275522142363, 0.15286614235801285, 0.3027150453562144, 0.31882179491702517, 0.35513913806734065, 0.3716275342185446, 0.5471961946714725, 0.5467277439627468, 0.5171918642572794, 0.49627249051234296, 0.7780834490624035, 0.7992956809887495, 0.7556823493232485, 0.7024370789282192], [0.35685393794313713, 0.009307512282496305, -0.004236772950417842, 0.10192540830935581, 0.24295647245867946, -0.04280211871731875, -0.07494275522142363, 0.0, 0.07792338713658921, 0.22777229013479072, 0.24387903969560146, 0.280196382845917, 0.2966847789971209, 0.47225343945004894, 0.4717849887413233, 0.4422491090358557, 0.4213297352909191, 0.7031406938409803, 0.7243529257673254, 0.680739594101825, 0.6274943237067956], [0.278930550806548, -0.06861587485409289, -0.08216016008700704, 0.02400202117276656, 0.16503308532209016, -0.12072550585390796, -0.15286614235801285, -0.07792338713658921, 0.0, 0.1498489029982015, 0.16595565255901223, 0.20227299570932786, 0.21876139186053173, 0.3943300523134598, 0.39386160160473416, 0.36432572189926626, 0.34340634815432997, 0.6252173067043912, 0.6464295386307366, 0.6028162069652361, 0.5495709365702064], [0.12908164780834636, -0.21846477785229448, -0.23200906308520863, -0.12584688182543494, 0.015184182323888571, -0.27057440885210954, -0.3027150453562144, -0.22777229013479072, -0.1498489029982015, 0.0, 0.016106749560810717, 0.052424092711126295, 0.06891248886233005, 0.24448114931525816, 0.2440126986065324, 0.21447681890106485, 0.19355744515612852, 0.4753684037061899, 0.49658063563253463, 0.45296730396703466, 0.3997220335720049], [0.11297489824753565, -0.23457152741310514, -0.24811581264601934, -0.14195363138624567, -0.0009225672369221418, -0.2866811584129202, -0.31882179491702517, -0.24387903969560146, -0.16595565255901223, -0.016106749560810717, 0.0, 0.03631734315031561, 0.05280573930151937, 0.22837439975444757, 0.22790594904572184, 0.19837006934025414, 0.17745069559531776, 0.4592616541453794, 0.4804738860717239, 0.43686055440622384, 0.38361528401119416], [0.07665755509722005, -0.27088887056342065, -0.28443315579633494, -0.17827097453656127, -0.03723991038723772, -0.32299850156323584, -0.35513913806734065, -0.280196382845917, -0.20227299570932786, -0.052424092711126295, -0.03631734315031561, 0.0, 0.016488396151203767, 0.19205705660413191, 0.19158860589540627, 0.1620527261899386, 0.14113335244500214, 0.4229443109950634, 0.4441565429214084, 0.4005432112559082, 0.3472979408608785], [0.06016915894601627, -0.2873772667146245, -0.3009215519475388, -0.194759370687765, -0.05372830653844146, -0.3394868977144396, -0.3716275342185446, -0.2966847789971209, -0.21876139186053173, -0.06891248886233005, -0.05280573930151937, -0.016488396151203767, 0.0, 0.17556866045292824, 0.17510020974420246, 0.14556433003873484, 0.12464495629379839, 0.4064559148438597, 0.4276681467702045, 0.38405481510470435, 0.3308095447096748], [-0.11539950150691189, -0.46294592716755295, -0.4764902124004671, -0.3703280311406932, -0.22929696699136973, -0.5150555581673677, -0.5471961946714725, -0.47225343945004894, -0.3943300523134598, -0.24448114931525816, -0.22837439975444757, -0.19205705660413191, -0.17556866045292824, 0.0, -0.0004684507087257063, -0.03000433041419336, -0.05092370415912973, 0.23088725439093175, 0.25209948631727636, 0.20848615465177622, 0.15524088425674665], [-0.11493105079818618, -0.46247747645882725, -0.4760217616917412, -0.36985958043196754, -0.22882851628264386, -0.5145871074586421, -0.5467277439627468, -0.4717849887413233, -0.39386160160473416, -0.2440126986065324, -0.22790594904572184, -0.19158860589540627, -0.17510020974420246, 0.0004684507087257063, 0.0, -0.02953587970546764, -0.05045525345040401, 0.23135570509965725, 0.2525679370260022, 0.20895460536050195, 0.15570933496547232], [-0.08539517109271852, -0.43294159675335964, -0.44648588198627365, -0.3403237007264998, -0.19929263657717639, -0.4850512277531744, -0.5171918642572794, -0.4422491090358557, -0.36432572189926626, -0.21447681890106485, -0.19837006934025414, -0.1620527261899386, -0.14556433003873484, 0.03000433041419336, 0.02953587970546764, 0.0, -0.02091937374493639, 0.26089158480512487, 0.28210381673146967, 0.23849048506596962, 0.18524521467093996], [-0.0644757973477821, -0.412022223008423, -0.4255665082413369, -0.3194043269815635, -0.17837326283223987, -0.46413185400823814, -0.49627249051234296, -0.4213297352909191, -0.34340634815432997, -0.19355744515612852, -0.17745069559531776, -0.14113335244500214, -0.12464495629379839, 0.05092370415912973, 0.05045525345040401, 0.02091937374493639, 0.0, 0.28181095855006133, 0.30302319047640625, 0.25940985881090595, 0.20616458841587648], [-0.3462867558978435, -0.6938331815584844, -0.7073774667913988, -0.6012152855316248, -0.46018422138230136, -0.7459428125582993, -0.7780834490624035, -0.7031406938409803, -0.6252173067043912, -0.4753684037061899, -0.4592616541453794, -0.4229443109950634, -0.4064559148438597, -0.23088725439093175, -0.23135570509965725, -0.26089158480512487, -0.28181095855006133, 0.0, 0.021212231926344867, -0.02240109973915532, -0.07564637013418493], [-0.36749898782418844, -0.7150454134848293, -0.7285896987177434, -0.6224275174579694, -0.48139645330864617, -0.767155044484644, -0.7992956809887495, -0.7243529257673254, -0.6464295386307366, -0.49658063563253463, -0.4804738860717239, -0.4441565429214084, -0.4276681467702045, -0.25209948631727636, -0.2525679370260022, -0.28210381673146967, -0.30302319047640625, -0.021212231926344867, 0.0, -0.043613331665500195, -0.0968586020605298], [-0.32388565615868825, -0.6714320818193289, -0.6849763670522432, -0.5788141857924696, -0.437783121643146, -0.7235417128191436, -0.7556823493232485, -0.680739594101825, -0.6028162069652361, -0.45296730396703466, -0.43686055440622384, -0.4005432112559082, -0.38405481510470435, -0.20848615465177622, -0.20895460536050195, -0.23849048506596962, -0.25940985881090595, 0.02240109973915532, 0.043613331665500195, 0.0, -0.053245270395029624], [-0.2706403857636586, -0.6181868114242992, -0.6317310966572134, -0.5255689153974397, -0.3845378512481163, -0.6702964424241143, -0.7024370789282192, -0.6274943237067956, -0.5495709365702064, -0.3997220335720049, -0.38361528401119416, -0.3472979408608785, -0.3308095447096748, -0.15524088425674665, -0.15570933496547232, -0.18524521467093996, -0.20616458841587648, 0.07564637013418493, 0.0968586020605298, 0.053245270395029624, 0.0]], [[0.0, 0.3404392241551253, 0.695466878127941, 0.9561152567983523, 1.0605372921371317, 1.0072054928359453, 1.3986094065485164, 1.5522986258935134, 1.5694344232043158, 0.9912560013753113, 1.3960058504542243, 1.50181761753127, 1.4857918633718383, 0.9356750192196652, 1.2348445295488983, 1.060878215835636, 0.8472411763552725, 0.8551068303241992, 1.113759626317731, 1.0133917155376342, 0.8384458304646752], [-0.3404392241551253, 0.0, 0.35502765397281577, 0.6156760326432267, 0.7200980679820067, 0.6667662686808198, 1.0581701823933916, 1.2118594017383881, 1.228995199049191, 0.6508167772201862, 1.0555666262990995, 1.1613783933761457, 1.145352639216714, 0.5952357950645404, 0.8944053053937734, 0.7204389916805104, 0.5068019522001473, 0.514667606169074, 0.7733204021626061, 0.6729524913825089, 0.4980066063095503], [-0.695466878127941, -0.35502765397281577, 0.0, 0.26064837867041096, 0.365070414009191, 0.3117386147080041, 0.703142528420576, 0.8568317477655724, 0.8739675450763756, 0.2957891232473704, 0.7005389723262836, 0.8063507394033291, 0.7903249852438985, 0.24020814109172448, 0.5393776514209574, 0.36541133770769496, 0.15177429822733157, 0.15963995219625832, 0.4182927481897904, 0.31792483740969324, 0.14297895233673452], [-0.9561152567983523, -0.6156760326432267, -0.26064837867041096, 0.0, 0.10442203533877996, 0.051090236037593, 0.44249414975016454, 0.5961833690951613, 0.6133191664059638, 0.035140744576959315, 0.43989059365587246, 0.5457023607329183, 0.529676606573487, -0.020440237578686526, 0.27872927275054626, 0.1047629590372837, -0.1088740804430795, -0.10100842647415276, 0.15764436951937918, 0.05727645873928215, -0.11766942633367652], [-1.0605372921371317, -0.7200980679820067, -0.365070414009191, -0.10442203533877996, 0.0, -0.05333179930118693, 0.3380721144113848, 0.4917613337563814, 0.5088971310671844, -0.06928129076182066, 0.33546855831709244, 0.44128032539413825, 0.4252545712347074, -0.12486227291746645, 0.17430723741176632, 0.0003409236985037936, -0.21329611578185945, -0.2054304618129327, 0.05322233418059921, -0.04714557659949779, -0.22209146167245644], [-1.0072054928359453, -0.6667662686808198, -0.3117386147080041, -0.051090236037593, 0.05333179930118693, 0.0, 0.3914039137125718, 0.5450931330575686, 0.5622289303683712, -0.015949491460633694, 0.38880035761827936, 0.4946121246953252, 0.47858637053589426, -0.07153047361627954, 0.22763903671295332, 0.053672722999690725, -0.1599643164806725, -0.15209866251174578, 0.10655413348178629, 0.0061862227016891355, -0.1687596623712695], [-1.3986094065485164, -1.0581701823933916, -0.703142528420576, -0.44249414975016454, -0.3380721144113848, -0.3914039137125718, 0.0, 0.15368921934499669, 0.17082501665579947, -0.4073534051732055, -0.0026035560942923005, 0.10320821098275337, 0.0871824568233226, -0.4629343873288512, -0.16376487699961842, -0.337731190712881, -0.5513682301932443, -0.5435025762243174, -0.28484978023078544, -0.38521769101088266, -0.5601635760838416], [-1.5522986258935134, -1.2118594017383881, -0.8568317477655724, -0.5961833690951613, -0.4917613337563814, -0.5450931330575686, -0.15368921934499669, 0.0, 0.017135797310802874, -0.561042624518202, -0.1562927754392889, -0.05048100836224326, -0.06650676252167405, -0.6166236066738479, -0.3174540963446151, -0.4914204100578776, -0.7050574495382413, -0.6971917955693142, -0.43853899957578213, -0.5389069103558795, -0.7138527954288378], [-1.5694344232043158, -1.228995199049191, -0.8739675450763756, -0.6133191664059638, -0.5088971310671844, -0.5622289303683712, -0.17082501665579947, -0.017135797310802874, 0.0, -0.5781784218290051, -0.17342857275009174, -0.06761680567304611, -0.08364255983247686, -0.6337594039846506, -0.33458989365541775, -0.5085562073686802, -0.722193246849044, -0.7143275928801169, -0.45567479688658513, -0.5560427076666821, -0.7309885927396407], [-0.9912560013753113, -0.6508167772201862, -0.2957891232473704, -0.035140744576959315, 0.06928129076182066, 0.015949491460633694, 0.4073534051732055, 0.561042624518202, 0.5781784218290051, 0.0, 0.404749849078913, 0.510561616155959, 0.4945358619965281, -0.05558098215564583, 0.24358852817358703, 0.06962221446032446, -0.14401482502003884, -0.13614917105111204, 0.12250362494241986, 0.02213571416232285, -0.15281017091063584], [-1.3960058504542243, -1.0555666262990995, -0.7005389723262836, -0.43989059365587246, -0.33546855831709244, -0.38880035761827936, 0.0026035560942923005, 0.1562927754392889, 0.17342857275009174, -0.404749849078913, 0.0, 0.10581176707704568, 0.08978601291761493, -0.4603308312345588, -0.1611613209053261, -0.3351276346185887, -0.5487646740989517, -0.5408990201300252, -0.2822462241364932, -0.3826141349165902, -0.5575600199895487], [-1.50181761753127, -1.1613783933761457, -0.8063507394033291, -0.5457023607329183, -0.44128032539413825, -0.4946121246953252, -0.10320821098275337, 0.05048100836224326, 0.06761680567304611, -0.510561616155959, -0.10581176707704568, 0.0, -0.01602575415943078, -0.5661425983116046, -0.26697308798237174, -0.44093940169563434, -0.6545764411759974, -0.6467107872070709, -0.3880579912135388, -0.4884259019936358, -0.6633717870665944], [-1.4857918633718383, -1.145352639216714, -0.7903249852438985, -0.529676606573487, -0.4252545712347074, -0.47858637053589426, -0.0871824568233226, 0.06650676252167405, 0.08364255983247686, -0.4945358619965281, -0.08978601291761493, 0.01602575415943078, 0.0, -0.5501168441521737, -0.25094733382294115, -0.42491364753620364, -0.6385506870165666, -0.6306850330476401, -0.37203223705410826, -0.4724001478342049, -0.647346032907164], [-0.9356750192196652, -0.5952357950645404, -0.24020814109172448, 0.020440237578686526, 0.12486227291746645, 0.07153047361627954, 0.4629343873288512, 0.6166236066738479, 0.6337594039846506, 0.05558098215564583, 0.4603308312345588, 0.5661425983116046, 0.5501168441521737, 0.0, 0.2991695103292327, 0.1252031966159703, -0.08843384286439294, -0.08056818889546617, 0.17808460709806576, 0.07771669631796868, -0.09722918875498998], [-1.2348445295488983, -0.8944053053937734, -0.5393776514209574, -0.27872927275054626, -0.17430723741176632, -0.22763903671295332, 0.16376487699961842, 0.3174540963446151, 0.33458989365541775, -0.24358852817358703, 0.1611613209053261, 0.26697308798237174, 0.25094733382294115, -0.2991695103292327, 0.0, -0.17396631371326246, -0.3876033531936259, -0.3797376992246989, -0.12108490323116705, -0.22145281401126407, -0.39639869908422265], [-1.060878215835636, -0.7204389916805104, -0.36541133770769496, -0.1047629590372837, -0.0003409236985037936, -0.053672722999690725, 0.337731190712881, 0.4914204100578776, 0.5085562073686802, -0.06962221446032446, 0.3351276346185887, 0.44093940169563434, 0.42491364753620364, -0.1252031966159703, 0.17396631371326246, 0.0, -0.2136370394803633, -0.20577138551143648, 0.05288141048209547, -0.04748650029800162, -0.22243238537096027], [-0.8472411763552725, -0.5068019522001473, -0.15177429822733157, 0.1088740804430795, 0.21329611578185945, 0.1599643164806725, 0.5513682301932443, 0.7050574495382413, 0.722193246849044, 0.14401482502003884, 0.5487646740989517, 0.6545764411759974, 0.6385506870165666, 0.08843384286439294, 0.3876033531936259, 0.2136370394803633, 0.0, 0.00786565396892674, 0.26651844996245866, 0.16615053918236164, -0.00879534589059705], [-0.8551068303241992, -0.514667606169074, -0.15963995219625832, 0.10100842647415276, 0.2054304618129327, 0.15209866251174578, 0.5435025762243174, 0.6971917955693142, 0.7143275928801169, 0.13614917105111204, 0.5408990201300252, 0.6467107872070709, 0.6306850330476401, 0.08056818889546617, 0.3797376992246989, 0.20577138551143648, -0.00786565396892674, 0.0, 0.2586527959935319, 0.15828488521343487, -0.01666099985952379], [-1.113759626317731, -0.7733204021626061, -0.4182927481897904, -0.15764436951937918, -0.05322233418059921, -0.10655413348178629, 0.28484978023078544, 0.43853899957578213, 0.45567479688658513, -0.12250362494241986, 0.2822462241364932, 0.3880579912135388, 0.37203223705410826, -0.17808460709806576, 0.12108490323116705, -0.05288141048209547, -0.26651844996245866, -0.2586527959935319, 0.0, -0.10036791078009706, -0.2753137958530557], [-1.0133917155376342, -0.6729524913825089, -0.31792483740969324, -0.05727645873928215, 0.04714557659949779, -0.0061862227016891355, 0.38521769101088266, 0.5389069103558795, 0.5560427076666821, -0.02213571416232285, 0.3826141349165902, 0.4884259019936358, 0.4724001478342049, -0.07771669631796868, 0.22145281401126407, 0.04748650029800162, -0.16615053918236164, -0.15828488521343487, 0.10036791078009706, 0.0, -0.17494588507295872], [-0.8384458304646752, -0.4980066063095503, -0.14297895233673452, 0.11766942633367652, 0.22209146167245644, 0.1687596623712695, 0.5601635760838416, 0.7138527954288378, 0.7309885927396407, 0.15281017091063584, 0.5575600199895487, 0.6633717870665944, 0.647346032907164, 0.09722918875498998, 0.39639869908422265, 0.22243238537096027, 0.00879534589059705, 0.01666099985952379, 0.2753137958530557, 0.17494588507295872, 0.0]]]