[[[0.0, -0.32913258948228724, -0.44306796821978733, -0.4045774900792918, -0.30775315270803516, -0.370457137500068, -0.5366214676759956, -0.6519349993286535, -0.7360406533993546, -0.08562159246649413, -0.002610928115664086, 0.10792932685283763, 0.20704350266605917, 0.16541988173096972, 0.3081074866333294, 0.40644232062639923, 0.5141301760324236, 0.38014266397037594, 0.6281942831301662, 0.7875870436136365, 0.9448957597977277], [0.32913258948228724, 0.0, -0.11393537873750016, -0.07544490059700451, 0.021379436774252202, -0.041324548017780634, -0.2074888781937083, -0.322802409846366, -0.40690806391706696, 0.2435109970157933, 0.3265216613666231, 0.43706191633512487, 0.5361760921483467, 0.49455247121325707, 0.6372400761156167, 0.7355749101086866, 0.8432627655147106, 0.7092752534526631, 0.9573268726124537, 1.1167196330959237, 1.2740283492800142], [0.44306796821978733, 0.11393537873750016, 0.0, 0.038490478140495665, 0.13531481551175234, 0.07261083071971955, -0.09355349945620808, -0.2088670311088659, -0.2929726851795669, 0.3574463757532933, 0.44045704010412334, 0.5509972950726253, 0.6501114708858465, 0.6084878499507574, 0.751175454853117, 0.8495102888461866, 0.9571981442522107, 0.8232106321901633, 1.0712622513499535, 1.230655011833424, 1.3879637280175143], [0.4045774900792918, 0.07544490059700451, -0.038490478140495665, 0.0, 0.0968243373712567, 0.03412035257922386, -0.1320439775967038, -0.24735750924936162, -0.3314631633200624, 0.31895589761279763, 0.40196656196362796, 0.5125068169321295, 0.6116209927453511, 0.5699973718102616, 0.7126849767126211, 0.8110198107056906, 0.9187076661117152, 0.7847201540496678, 1.0327717732094583, 1.1921645336929287, 1.349473249877019], [0.30775315270803516, -0.021379436774252202, -0.13531481551175234, -0.0968243373712567, 0.0, -0.06270398479203286, -0.22886831496796042, -0.34418184662061824, -0.4282875006913194, 0.22213156024154096, 0.30514222459237106, 0.4156824795608728, 0.5147966553740942, 0.4731730344390048, 0.6158606393413643, 0.714195473334434, 0.8218833287404586, 0.6878958166784109, 0.9359474358382016, 1.0953401963216713, 1.2526489125057625], [0.370457137500068, 0.041324548017780634, -0.07261083071971955, -0.03412035257922386, 0.06270398479203286, 0.0, -0.16616433017592758, -0.2814778618285855, -0.3655835158992865, 0.28483554503357383, 0.3678462093844038, 0.47838646435290566, 0.577500640166127, 0.5358770192310378, 0.6785646241333972, 0.7768994581264669, 0.8845873135324913, 0.7505998014704436, 0.9986514206302342, 1.1580441811137046, 1.3153528972977953], [0.5366214676759956, 0.2074888781937083, 0.09355349945620808, 0.1320439775967038, 0.22886831496796042, 0.16616433017592758, 0.0, -0.11531353165265781, -0.19941918572335876, 0.45099987520950136, 0.5340105395603316, 0.6445507945288332, 0.7436649703420547, 0.702041349406965, 0.8447289543093252, 0.9430637883023951, 1.0507516437084192, 0.9167641316463717, 1.1648157508061616, 1.3242085112896322, 1.4815172274737225], [0.6519349993286535, 0.322802409846366, 0.2088670311088659, 0.24735750924936162, 0.34418184662061824, 0.2814778618285855, 0.11531353165265781, 0.0, -0.08410565407070092, 0.5663134068621593, 0.6493240712129891, 0.7598643261814908, 0.8589785019947126, 0.8173548810596231, 0.9600424859619833, 1.0583773199550524, 1.1660651753610767, 1.0320776632990292, 1.2801292824588197, 1.4395220429422906, 1.5968307591263804], [0.7360406533993546, 0.40690806391706696, 0.2929726851795669, 0.3314631633200624, 0.4282875006913194, 0.3655835158992865, 0.19941918572335876, 0.08410565407070092, 0.0, 0.6504190609328601, 0.73342972528369, 0.8439699802521922, 0.9430841560654138, 0.9014605351303245, 1.0441481400326842, 1.1424829740257534, 1.2501708294317777, 1.1161833173697304, 1.3642349365295205, 1.523627697012991, 1.6809364131970812], [0.08562159246649413, -0.2435109970157933, -0.3574463757532933, -0.31895589761279763, -0.22213156024154096, -0.28483554503357383, -0.45099987520950136, -0.5663134068621593, -0.6504190609328601, 0.0, 0.08301066435083009, 0.19355091931933166, 0.2926650951325531, 0.2510414741974639, 0.3937290790998236, 0.4920639130928936, 0.5997517684989178, 0.4657642564368701, 0.7138158755966602, 0.8732086360801311, 1.0305173522642217], [0.002610928115664086, -0.3265216613666231, -0.44045704010412334, -0.40196656196362796, -0.30514222459237106, -0.3678462093844038, -0.5340105395603316, -0.6493240712129891, -0.73342972528369, -0.08301066435083009, 0.0, 0.11054025496850171, 0.20965443078172322, 0.16803080984663382, 0.31071841474899375, 0.40905324874206345, 0.5167411041480875, 0.3827535920860398, 0.6308052112458303, 0.7901979717293005, 0.9475066879133913], [-0.10792932685283763, -0.43706191633512487, -0.5509972950726253, -0.5125068169321295, -0.4156824795608728, -0.47838646435290566, -0.6445507945288332, -0.7598643261814908, -0.8439699802521922, -0.19355091931933166, -0.11054025496850171, 0.0, 0.0991141758132215, 0.057490554878132184, 0.20017815978049178, 0.29851299377356166, 0.40620084917958565, 0.2722133371175383, 0.5202649562773285, 0.6796577167607991, 0.8369664329448898], [-0.20704350266605917, -0.5361760921483467, -0.6501114708858465, -0.6116209927453511, -0.5147966553740942, -0.577500640166127, -0.7436649703420547, -0.8589785019947126, -0.9430841560654138, -0.2926650951325531, -0.20965443078172322, -0.0991141758132215, 0.0, -0.04162362093508932, 0.10106398396727034, 0.1993988179603402, 0.3070866733663641, 0.17309916130431674, 0.42115078046410687, 0.5805435409475778, 0.7378522571316679], [-0.16541988173096972, -0.49455247121325707, -0.6084878499507574, -0.5699973718102616, -0.4731730344390048, -0.5358770192310378, -0.702041349406965, -0.8173548810596231, -0.9014605351303245, -0.2510414741974639, -0.16803080984663382, -0.057490554878132184, 0.04162362093508932, 0.0, 0.14268760490235965, 0.2410224388954295, 0.34871029430145356, 0.21472278223940613, 0.4627744013991964, 0.6221671618826671, 0.7794758780667574], [-0.3081074866333294, -0.6372400761156167, -0.751175454853117, -0.7126849767126211, -0.6158606393413643, -0.6785646241333972, -0.8447289543093252, -0.9600424859619833, -1.0441481400326842, -0.3937290790998236, -0.31071841474899375, -0.20017815978049178, -0.10106398396727034, -0.14268760490235965, 0.0, 0.09833483399306975, 0.20602268939909385, 0.07203517733704647, 0.32008679649683663, 0.4794795569803073, 0.6367882731643979], [-0.40644232062639923, -0.7355749101086866, -0.8495102888461866, -0.8110198107056906, -0.714195473334434, -0.7768994581264669, -0.9430637883023951, -1.0583773199550524, -1.1424829740257534, -0.4920639130928936, -0.40905324874206345, -0.29851299377356166, -0.1993988179603402, -0.2410224388954295, -0.09833483399306975, 0.0, 0.1076878554060241, -0.02629965665602331, 0.22175196250376686, 0.38114472298723745, 0.5384534391713279], [-0.5141301760324236, -0.8432627655147106, -0.9571981442522107, -0.9187076661117152, -0.8218833287404586, -0.8845873135324913, -1.0507516437084192, -1.1660651753610767, -1.2501708294317777, -0.5997517684989178, -0.5167411041480875, -0.40620084917958565, -0.3070866733663641, -0.34871029430145356, -0.20602268939909385, -0.1076878554060241, 0.0, -0.13398751206204731, 0.11406410709774281, 0.27345686758121335, 0.4307655837653039], [-0.38014266397037594, -0.7092752534526631, -0.8232106321901633, -0.7847201540496678, -0.6878958166784109, -0.7505998014704436, -0.9167641316463717, -1.0320776632990292, -1.1161833173697304, -0.4657642564368701, -0.3827535920860398, -0.2722133371175383, -0.17309916130431674, -0.21472278223940613, -0.07203517733704647, 0.02629965665602331, 0.13398751206204731, 0.0, 0.2480516191597902, 0.4074443796432607, 0.564753095827351], [-0.6281942831301662, -0.9573268726124537, -1.0712622513499535, -1.0327717732094583, -0.9359474358382016, -0.9986514206302342, -1.1648157508061616, -1.2801292824588197, -1.3642349365295205, -0.7138158755966602, -0.6308052112458303, -0.5202649562773285, -0.42115078046410687, -0.4627744013991964, -0.32008679649683663, -0.22175196250376686, -0.11406410709774281, -0.2480516191597902, 0.0, 0.1593927604834706, 0.316701476667561], [-0.7875870436136365, -1.1167196330959237, -1.230655011833424, -1.1921645336929287, -1.0953401963216713, -1.1580441811137046, -1.3242085112896322, -1.4395220429422906, -1.523627697012991, -0.8732086360801311, -0.7901979717293005, -0.6796577167607991, -0.5805435409475778, -0.6221671618826671, -0.4794795569803073, -0.38114472298723745, -0.27345686758121335, -0.4074443796432607, -0.1593927604834706, 0.0, 0.15730871618409048], [-0.9448957597977277, -1.2740283492800142, -1.3879637280175143, -1.349473249877019, -1.2526489125057625, -1.3153528972977953, -1.4815172274737225, -1.5968307591263804, -1.6809364131970812, -1.0305173522642217, -0.9475066879133913, -0.8369664329448898, -0.7378522571316679, -0.7794758780667574, -0.6367882731643979, -0.5384534391713279, -0.4307655837653039, -0.564753095827351, -0.316701476667561, -0.15730871618409048, 0.0]], [[0.0, 0.17488685775119525, 0.47183451603508425, 0.7335892294700744, 0.994975026743118, 0.9880002225637864, 1.4166824223348764, 1.7532988719377283, 1.983355349588768, 0.9961637848031647, 1.4479145109148817, 1.636090832292844, 1.8046358854164222, 0.9460458023791789, 1.356199937615762, 1.6638502777505102, 1.9345488277307439, 0.8343759218092528, 1.0766005506868763, 1.2331598172171063, 1.3792698467449973], [-0.17488685775119525, 0.0, 0.2969476582838888, 0.5587023717188793, 0.8200881689919219, 0.8131133648125907, 1.2417955645836818, 1.578412014186533, 1.8084684918375722, 0.821276927051969, 1.273027653163686, 1.4612039745416479, 1.6297490276652262, 0.7711589446279832, 1.1813130798645668, 1.4889634199993143, 1.759661969979548, 0.6594890640580573, 0.9017136929356816, 1.0582729594659108, 1.204382988993802], [-0.47183451603508425, -0.2969476582838888, 0.0, 0.26175471343499046, 0.5231405107080335, 0.5161657065287019, 0.9448479062997928, 1.2814643559026444, 1.5115208335536823, 0.5243292687680802, 0.9760799948797978, 1.1642563162577595, 1.3328013693813374, 0.47421128634409443, 0.8843654215806778, 1.1920157617154254, 1.4627143116956591, 0.3625414057741686, 0.6047660346517924, 0.7613253011820221, 0.9074353307099133], [-0.7335892294700744, -0.5587023717188793, -0.26175471343499046, 0.0, 0.26138579727304306, 0.2544109930937115, 0.6830931928648021, 1.0197096424676535, 1.2497661201186923, 0.2625745553330898, 0.7143252814448072, 0.9025016028227697, 1.0710466559463467, 0.21245657290910397, 0.6226107081456872, 0.9302610482804355, 1.200959598260669, 0.10078669233917824, 0.3430113212168018, 0.4995705877470317, 0.6456806172749229], [-0.994975026743118, -0.8200881689919219, -0.5231405107080335, -0.26138579727304306, 0.0, -0.00697480417933148, 0.4217073955917591, 0.758323845194611, 0.9883803228456494, 0.0011887580600467586, 0.4529394841717645, 0.6411158055497256, 0.8096608586733041, -0.04892922436393908, 0.3612249108726442, 0.6688752510073919, 0.9395738009876259, -0.16059910493386478, 0.08162552394375883, 0.23818479047398874, 0.38429482000187964], [-0.9880002225637864, -0.8131133648125907, -0.5161657065287019, -0.2544109930937115, 0.00697480417933148, 0.0, 0.42868219977109084, 0.7652986493739417, 0.9953551270249811, 0.008163562239378242, 0.4599142883510959, 0.6480906097290574, 0.8166356628526354, -0.04195442018460757, 0.36819971505197563, 0.6758500551867235, 0.9465486051669574, -0.15362430075453326, 0.0886003281230903, 0.2451595946533202, 0.39126962418121103], [-1.4166824223348764, -1.2417955645836818, -0.9448479062997928, -0.6830931928648021, -0.4217073955917591, -0.42868219977109084, 0.0, 0.3366164496028514, 0.5666729272538902, -0.42051863753171226, 0.03123208858000511, 0.21940840995796695, 0.38795346308154455, -0.47063661995569833, -0.060482484719114896, 0.24716785541563324, 0.517866405395866, -0.5823065005256242, -0.3400818716480003, -0.1835226051177704, -0.03741257558987945], [-1.7532988719377283, -1.578412014186533, -1.2814643559026444, -1.0197096424676535, -0.758323845194611, -0.7652986493739417, -0.3366164496028514, 0.0, 0.2300564776510385, -0.757135087134564, -0.3053843610228464, -0.11720803964488467, 0.0513370134786932, -0.8072530695585496, -0.39709893432196636, -0.08944859418721837, 0.18124995579301462, -0.9189229501284757, -0.6766983212508516, -0.5201390547206222, -0.3740290251927309], [-1.983355349588768, -1.8084684918375722, -1.5115208335536823, -1.2497661201186923, -0.9883803228456494, -0.9953551270249811, -0.5666729272538902, -0.2300564776510385, 0.0, -0.9871915647856028, -0.535440838673885, -0.347264517295923, -0.1787194641723453, -1.0373095472095881, -0.6271554119730047, -0.3195050718382569, -0.048806521858023914, -1.1489794277795142, -0.9067547989018904, -0.7501955323716604, -0.6040855028437693], [-0.9961637848031647, -0.821276927051969, -0.5243292687680802, -0.2625745553330898, -0.0011887580600467586, -0.008163562239378242, 0.42051863753171226, 0.757135087134564, 0.9871915647856028, 0.0, 0.4517507261117175, 0.6399270474896792, 0.8084721006132569, -0.05011798242398581, 0.3600361528125976, 0.6676864929473458, 0.9383850429275783, -0.16178786299391157, 0.08043676588371211, 0.23699603241394204, 0.3831060619418329], [-1.4479145109148817, -1.273027653163686, -0.9760799948797978, -0.7143252814448072, -0.4529394841717645, -0.4599142883510959, -0.03123208858000511, 0.3053843610228464, 0.535440838673885, -0.4517507261117175, 0.0, 0.1881763213779617, 0.3567213745015396, -0.5018687085357034, -0.09171457329912001, 0.21593576683562798, 0.48663431681586095, -0.6135385891056291, -0.3713139602280052, -0.21475469369777556, -0.06864466416988455], [-1.636090832292844, -1.4612039745416479, -1.1642563162577595, -0.9025016028227697, -0.6411158055497256, -0.6480906097290574, -0.21940840995796695, 0.11720803964488467, 0.347264517295923, -0.6399270474896792, -0.1881763213779617, 0.0, 0.1685450531235779, -0.6900450299136648, -0.27989089467708167, 0.027759445457666315, 0.2984579954378993, -0.8017149104835911, -0.5594902816059675, -0.40293101507573736, -0.2568209855478463], [-1.8046358854164222, -1.6297490276652262, -1.3328013693813374, -1.0710466559463467, -0.8096608586733041, -0.8166356628526354, -0.38795346308154455, -0.0513370134786932, 0.1787194641723453, -0.8084721006132569, -0.3567213745015396, -0.1685450531235779, 0.0, -0.858590083037243, -0.44843594780065993, -0.14078560766591158, 0.12991294231432135, -0.9702599636071686, -0.7280353347295452, -0.5714760681993151, -0.4253660386714243], [-0.9460458023791789, -0.7711589446279832, -0.47421128634409443, -0.21245657290910397, 0.04892922436393908, 0.04195442018460757, 0.47063661995569833, 0.8072530695585496, 1.0373095472095881, 0.05011798242398581, 0.5018687085357034, 0.6900450299136648, 0.858590083037243, 0.0, 0.4101541352365834, 0.7178044753713314, 0.988503025351565, -0.11166988056992577, 0.13055474830769798, 0.28711401483792776, 0.4332240443658189], [-1.356199937615762, -1.1813130798645668, -0.8843654215806778, -0.6226107081456872, -0.3612249108726442, -0.36819971505197563, 0.060482484719114896, 0.39709893432196636, 0.6271554119730047, -0.3600361528125976, 0.09171457329912001, 0.27989089467708167, 0.44843594780065993, -0.4101541352365834, 0.0, 0.30765034013474807, 0.578348890114981, -0.5218240158065092, -0.2795993869288853, -0.12304012039865557, 0.02306990912923546], [-1.6638502777505102, -1.4889634199993143, -1.1920157617154254, -0.9302610482804355, -0.6688752510073919, -0.6758500551867235, -0.24716785541563324, 0.08944859418721837, 0.3195050718382569, -0.6676864929473458, -0.21593576683562798, -0.027759445457666315, 0.14078560766591158, -0.7178044753713314, -0.30765034013474807, 0.0, 0.27069854998023296, -0.8294743559412572, -0.5872497270636335, -0.43069046053340365, -0.28458043100551256], [-1.9345488277307439, -1.759661969979548, -1.4627143116956591, -1.200959598260669, -0.9395738009876259, -0.9465486051669574, -0.517866405395866, -0.18124995579301462, 0.048806521858023914, -0.9383850429275783, -0.48663431681586095, -0.2984579954378993, -0.12991294231432135, -0.988503025351565, -0.578348890114981, -0.27069854998023296, 0.0, -1.1001729059214902, -0.8579482770438667, -0.7013890105136366, -0.5552789809857456], [-0.8343759218092528, -0.6594890640580573, -0.3625414057741686, -0.10078669233917824, 0.16059910493386478, 0.15362430075453326, 0.5823065005256242, 0.9189229501284757, 1.1489794277795142, 0.16178786299391157, 0.6135385891056291, 0.8017149104835911, 0.9702599636071686, 0.11166988056992577, 0.5218240158065092, 0.8294743559412572, 1.1001729059214902, 0.0, 0.24222462887762364, 0.3987838954078537, 0.5448939249357443], [-1.0766005506868763, -0.9017136929356816, -0.6047660346517924, -0.3430113212168018, -0.08162552394375883, -0.0886003281230903, 0.3400818716480003, 0.6766983212508516, 0.9067547989018904, -0.08043676588371211, 0.3713139602280052, 0.5594902816059675, 0.7280353347295452, -0.13055474830769798, 0.2795993869288853, 0.5872497270636335, 0.8579482770438667, -0.24222462887762364, 0.0, 0.15655926653022986, 0.30266929605812093], [-1.2331598172171063, -1.0582729594659108, -0.7613253011820221, -0.4995705877470317, -0.23818479047398874, -0.2451595946533202, 0.1835226051177704, 0.5201390547206222, 0.7501955323716604, -0.23699603241394204, 0.21475469369777556, 0.40293101507573736, 0.5714760681993151, -0.28711401483792776, 0.12304012039865557, 0.43069046053340365, 0.7013890105136366, -0.3987838954078537, -0.15655926653022986, 0.0, 0.14611002952789096], [-1.3792698467449973, -1.204382988993802, -0.9074353307099133, -0.6456806172749229, -0.38429482000187964, -0.39126962418121103, 0.03741257558987945, 0.3740290251927309, 0.6040855028437693, -0.3831060619418329, 0.06864466416988455, 0.2568209855478463, 0.4253660386714243, -0.4332240443658189, -0.02306990912923546, 0.28458043100551256, 0.5552789809857456, -0.5448939249357443, -0.30266929605812093, -0.14611002952789096, 0.0]]]