[[[0.0, -0.3140741974662242, -0.441587824894963, -0.43054135043248387, -0.3640081270188131, -0.3998775143925853, -0.5771654750312781, -0.6602956476640347, -0.7180395252314073, -0.11954731099786844, -0.10736476675574914, -0.07298983381699087, -0.07553185098014892, 0.1375016846468097, 0.2348009764346638, 0.3068403732195749, 0.3883284780976487, 0.3595832111309447, 0.5640166432802372, 0.7165369102256701, 0.8634844479810052], [0.3140741974662242, 0.0, -0.127513627428739, -0.11646715296625952, -0.04993392955258878, -0.08580331692636095, -0.26309127756505385, -0.34622145019781064, -0.4039653277651835, 0.19452688646835598, 0.20670943071047507, 0.24108436364923325, 0.23854234648607522, 0.4515758821130338, 0.5488751739008879, 0.6209145706857989, 0.7024026755638727, 0.6736574085971693, 0.8780908407464618, 1.030611107691894, 1.1775586454472293], [0.441587824894963, 0.127513627428739, 0.0, 0.011046474462479408, 0.07757969787615018, 0.041710310502377966, -0.1355776501363149, -0.21870782276907164, -0.27645170033644445, 0.32204051389709476, 0.33422305813921405, 0.3685979910779723, 0.3660559739148141, 0.5790895095417727, 0.676388801329627, 0.7484281981145381, 0.829916302992612, 0.801171036025908, 1.0056044681752008, 1.1581247351206336, 1.3050722728759683], [0.43054135043248387, 0.11646715296625952, -0.011046474462479408, 0.0, 0.06653322341367074, 0.030663836039898563, -0.1466241245987943, -0.22975429723155102, -0.28749817479892403, 0.31099403943461534, 0.3231765836767344, 0.35755151661549284, 0.35500949945233473, 0.5680430350792932, 0.6653423268671476, 0.7373817236520587, 0.8188698285301327, 0.7901245615634285, 0.9945579937127212, 1.147078260658154, 1.2940257984134889], [0.3640081270188131, 0.04993392955258878, -0.07757969787615018, -0.06653322341367074, 0.0, -0.035869387373772196, -0.21315734801246505, -0.2962875206452217, -0.35403139821259494, 0.24446081602094463, 0.25664336026306367, 0.2910182932018222, 0.2884762760386642, 0.5015098116656226, 0.5988091034534766, 0.6708485002383878, 0.752336605116462, 0.7235913381497575, 0.9280247702990504, 1.0805450372444831, 1.2274925749998185], [0.3998775143925853, 0.08580331692636095, -0.041710310502377966, -0.030663836039898563, 0.035869387373772196, 0.0, -0.17728796063869287, -0.2604181332714496, -0.3181620108388225, 0.28033020339471676, 0.2925127476368359, 0.32688768057559414, 0.32434566341243626, 0.5373791990393948, 0.6346784908272488, 0.7067178876121598, 0.7882059924902337, 0.7594607255235298, 0.9638941576728227, 1.1164144246182552, 1.2633619623735906], [0.5771654750312781, 0.26309127756505385, 0.1355776501363149, 0.1466241245987943, 0.21315734801246505, 0.17728796063869287, 0.0, -0.08313017263275675, -0.14087405020012964, 0.4576181640334096, 0.4698007082755288, 0.5041756412142872, 0.5016336240511291, 0.7146671596780876, 0.8119664514659416, 0.8840058482508532, 0.9654939531289264, 0.936748686162223, 1.141182118311515, 1.2937023852569483, 1.4406499230122836], [0.6602956476640347, 0.34622145019781064, 0.21870782276907164, 0.22975429723155102, 0.2962875206452217, 0.2604181332714496, 0.08313017263275675, 0.0, -0.05774387756737291, 0.5407483366661663, 0.5529308809082853, 0.5873058138470438, 0.5847637966838858, 0.7977973323108444, 0.8950966240986986, 0.9671360208836092, 1.0486241257616837, 1.0198788587949803, 1.2243122909442723, 1.3768325578897054, 1.5237800956450402], [0.7180395252314073, 0.4039653277651835, 0.27645170033644445, 0.28749817479892403, 0.35403139821259494, 0.3181620108388225, 0.14087405020012964, 0.05774387756737291, 0.0, 0.5984922142335393, 0.6106747584756583, 0.6450496914144169, 0.6425076742512588, 0.8555412098782175, 0.9528405016660715, 1.0248798984509826, 1.106368003329056, 1.0776227363623523, 1.2820561685116447, 1.4345764354570776, 1.5815239732124136], [0.11954731099786844, -0.19452688646835598, -0.32204051389709476, -0.31099403943461534, -0.24446081602094463, -0.28033020339471676, -0.4576181640334096, -0.5407483366661663, -0.5984922142335393, 0.0, 0.012182544242119198, 0.04655747718087748, 0.04401546001771945, 0.257048995644678, 0.3543482874325322, 0.4263876842174432, 0.5078757890955171, 0.4791305221288129, 0.683563954278106, 0.8360842212235389, 0.9830317589788732], [0.10736476675574914, -0.20670943071047507, -0.33422305813921405, -0.3231765836767344, -0.25664336026306367, -0.2925127476368359, -0.4698007082755288, -0.5529308809082853, -0.6106747584756583, -0.012182544242119198, 0.0, 0.03437493293875828, 0.031832915775600226, 0.2448664514025588, 0.342165743190413, 0.41420513997532415, 0.495693244853398, 0.4669479778866938, 0.6713814100359867, 0.8239016769814194, 0.9708492147367543], [0.07298983381699087, -0.24108436364923325, -0.3685979910779723, -0.35755151661549284, -0.2910182932018222, -0.32688768057559414, -0.5041756412142872, -0.5873058138470438, -0.6450496914144169, -0.04655747718087748, -0.03437493293875828, 0.0, -0.0025420171631580363, 0.21049151846380043, 0.3077908102516547, 0.3798302070365658, 0.4613183119146395, 0.43257304494793586, 0.6370064770972286, 0.7895267440426613, 0.9364742817979962], [0.07553185098014892, -0.23854234648607522, -0.3660559739148141, -0.35500949945233473, -0.2884762760386642, -0.32434566341243626, -0.5016336240511291, -0.5847637966838858, -0.6425076742512588, -0.04401546001771945, -0.031832915775600226, 0.0025420171631580363, 0.0, 0.21303353562695865, 0.31033282741481283, 0.382372224199724, 0.46386032907779745, 0.4351150621110935, 0.6395484942603865, 0.7920687612058194, 0.9390162989611541], [-0.1375016846468097, -0.4515758821130338, -0.5790895095417727, -0.5680430350792932, -0.5015098116656226, -0.5373791990393948, -0.7146671596780876, -0.7977973323108444, -0.8555412098782175, -0.257048995644678, -0.2448664514025588, -0.21049151846380043, -0.21303353562695865, 0.0, 0.09729929178785415, 0.1693386885727653, 0.25082679345083897, 0.2220815264841351, 0.42651495863342787, 0.5790352255788608, 0.7259827633341953], [-0.2348009764346638, -0.5488751739008879, -0.676388801329627, -0.6653423268671476, -0.5988091034534766, -0.6346784908272488, -0.8119664514659416, -0.8950966240986986, -0.9528405016660715, -0.3543482874325322, -0.342165743190413, -0.3077908102516547, -0.31033282741481283, -0.09729929178785415, 0.0, 0.07203939678491109, 0.15352750166298482, 0.12478223469628089, 0.32921566684557363, 0.48173593379100643, 0.6286834715463415], [-0.3068403732195749, -0.6209145706857989, -0.7484281981145381, -0.7373817236520587, -0.6708485002383878, -0.7067178876121598, -0.8840058482508532, -0.9671360208836092, -1.0248798984509826, -0.4263876842174432, -0.41420513997532415, -0.3798302070365658, -0.382372224199724, -0.1693386885727653, -0.07203939678491109, 0.0, 0.0814881048780738, 0.052742837911369786, 0.2571762700606627, 0.4096965370060957, 0.5566440747614305], [-0.3883284780976487, -0.7024026755638727, -0.829916302992612, -0.8188698285301327, -0.752336605116462, -0.7882059924902337, -0.9654939531289264, -1.0486241257616837, -1.106368003329056, -0.5078757890955171, -0.495693244853398, -0.4613183119146395, -0.46386032907779745, -0.25082679345083897, -0.15352750166298482, -0.0814881048780738, 0.0, -0.028745266966703983, 0.1756881651825888, 0.32820843212802175, 0.47515596988335673], [-0.3595832111309447, -0.6736574085971693, -0.801171036025908, -0.7901245615634285, -0.7235913381497575, -0.7594607255235298, -0.936748686162223, -1.0198788587949803, -1.0776227363623523, -0.4791305221288129, -0.4669479778866938, -0.43257304494793586, -0.4351150621110935, -0.2220815264841351, -0.12478223469628089, -0.052742837911369786, 0.028745266966703983, 0.0, 0.204433432149293, 0.35695369909472563, 0.5039012368500605], [-0.5640166432802372, -0.8780908407464618, -1.0056044681752008, -0.9945579937127212, -0.9280247702990504, -0.9638941576728227, -1.141182118311515, -1.2243122909442723, -1.2820561685116447, -0.683563954278106, -0.6713814100359867, -0.6370064770972286, -0.6395484942603865, -0.42651495863342787, -0.32921566684557363, -0.2571762700606627, -0.1756881651825888, -0.204433432149293, 0.0, 0.1525202669454329, 0.29946780470076767], [-0.7165369102256701, -1.030611107691894, -1.1581247351206336, -1.147078260658154, -1.0805450372444831, -1.1164144246182552, -1.2937023852569483, -1.3768325578897054, -1.4345764354570776, -0.8360842212235389, -0.8239016769814194, -0.7895267440426613, -0.7920687612058194, -0.5790352255788608, -0.48173593379100643, -0.4096965370060957, -0.32820843212802175, -0.35695369909472563, -0.1525202669454329, 0.0, 0.14694753775533492], [-0.8634844479810052, -1.1775586454472293, -1.3050722728759683, -1.2940257984134889, -1.2274925749998185, -1.2633619623735906, -1.4406499230122836, -1.5237800956450402, -1.5815239732124136, -0.9830317589788732, -0.9708492147367543, -0.9364742817979962, -0.9390162989611541, -0.7259827633341953, -0.6286834715463415, -0.5566440747614305, -0.47515596988335673, -0.5039012368500605, -0.29946780470076767, -0.14694753775533492, 0.0]], [[0.0, 0.10794758802397096, 0.3110665073833499, 0.45484975006092043, 0.6115326052036387, 1.0086989778712394, 1.4728997136414999, 1.7948535555945357, 2.027239676510999, 0.9927260003956313, 1.323558327933345, 1.033094879471271, 0.8012569190318698, 0.951838769341418, 1.4040157042719317, 1.6923678674303568, 1.9617434368220577, 0.8496765229856895, 1.093361052637732, 1.256779860562627, 1.4368873457187805], [-0.10794758802397096, 0.0, 0.20311891935937904, 0.3469021620369499, 0.5035850171796677, 0.9007513898472681, 1.3649521256175285, 1.6869059675705653, 1.9192920884870281, 0.8847784123716608, 1.2156107399093736, 0.9251472914473005, 0.6933093310078986, 0.8438911813174472, 1.2960681162479608, 1.5844202794063873, 1.8537958487980868, 0.7417289349617191, 0.9854134646137616, 1.1488322725386566, 1.3289397576948092], [-0.3110665073833499, -0.20311891935937904, 0.0, 0.14378324267757067, 0.3004660978202888, 0.6976324704878891, 1.16183320625815, 1.4837870482111852, 1.7161731691276492, 0.6816594930122816, 1.0124918205499953, 0.7220283720879211, 0.49019041164851956, 0.640772261958068, 1.0929491968885814, 1.3813013600470072, 1.650676929438708, 0.5386100156023396, 0.7822945452543826, 0.9457133531792776, 1.12582083833543], [-0.45484975006092043, -0.3469021620369499, -0.14378324267757067, 0.0, 0.15668285514271812, 0.5538492278103184, 1.01804996358058, 1.3400038055336148, 1.572389926450078, 0.5378762503347109, 0.8687085778724242, 0.5782451294103503, 0.346407168970949, 0.4969890192804972, 0.9491659542110105, 1.2375181173694358, 1.5068936867611373, 0.39482677292476914, 0.6385113025768119, 0.8019301105017074, 0.98203759565786], [-0.6115326052036387, -0.5035850171796677, -0.3004660978202888, -0.15668285514271812, 0.0, 0.3971663726676006, 0.8613671084378614, 1.1833209503908975, 1.41570707130736, 0.3811933951919931, 0.7120257227297061, 0.42156227426763243, 0.18972431382823104, 0.34030616413777925, 0.792483099068293, 1.0808352622267183, 1.35021083161842, 0.23814391778205102, 0.48182844743409353, 0.6452472553589889, 0.8253547405151416], [-1.0086989778712394, -0.9007513898472681, -0.6976324704878891, -0.5538492278103184, -0.3971663726676006, 0.0, 0.46420073577026066, 0.7861545777232969, 1.0185406986397603, -0.01597297747560762, 0.3148593500621058, 0.02439590160003202, -0.20744205883936953, -0.05686020852982118, 0.39531672640069215, 0.6836688895591182, 0.9530444589508186, -0.15902245488554953, 0.08466207476649316, 0.24808088269138837, 0.4281883678475413], [-1.4728997136414999, -1.3649521256175285, -1.16183320625815, -1.01804996358058, -0.8613671084378614, -0.46420073577026066, 0.0, 0.3219538419530356, 0.5543399628694989, -0.4801737132458683, -0.14934138570815514, -0.4398048341702288, -0.6716427946096303, -0.5210609443000819, -0.06888400936956873, 0.2194681537888572, 0.4888437231805578, -0.6232231906558104, -0.37953866100376765, -0.21611985307887255, -0.0360123679227196], [-1.7948535555945357, -1.6869059675705653, -1.4837870482111852, -1.3400038055336148, -1.1833209503908975, -0.7861545777232969, -0.3219538419530356, 0.0, 0.23238612091646338, -0.8021275551989041, -0.4712952276611906, -0.7617586761232648, -0.993596636562666, -0.8430147862531182, -0.39083785132260457, -0.10248568816417844, 0.16688988122752232, -0.9451770326088461, -0.7014925029568033, -0.5380736950319079, -0.35796620987575545], [-2.027239676510999, -1.9192920884870281, -1.7161731691276492, -1.572389926450078, -1.41570707130736, -1.0185406986397603, -0.5543399628694989, -0.23238612091646338, 0.0, -1.0345136761153675, -0.7036813485776543, -0.9941447970397277, -1.22598275747913, -1.0754009071695814, -0.6232239722390678, -0.3348718090806419, -0.06549623968894112, -1.1775631535253093, -0.9338786238732666, -0.770459815948372, -0.5903523307922187], [-0.9927260003956313, -0.8847784123716608, -0.6816594930122816, -0.5378762503347109, -0.3811933951919931, 0.01597297747560762, 0.4801737132458683, 0.8021275551989041, 1.0345136761153675, 0.0, 0.33083232753771336, 0.040368879075639644, -0.19146908136376187, -0.04088723105421355, 0.41128970387629965, 0.699641867034726, 0.9690174364264262, -0.14304947740994187, 0.10063505224210079, 0.2640538601669959, 0.4441613453231488], [-1.323558327933345, -1.2156107399093736, -1.0124918205499953, -0.8687085778724242, -0.7120257227297061, -0.3148593500621058, 0.14934138570815514, 0.4712952276611906, 0.7036813485776543, -0.33083232753771336, 0.0, -0.2904634484620738, -0.5223014089014755, -0.3717195585919269, 0.08045737633858638, 0.36880953949701245, 0.6381851088887132, -0.47388180494765536, -0.23019727529561262, -0.06677846737071749, 0.11332901778543554], [-1.033094879471271, -0.9251472914473005, -0.7220283720879211, -0.5782451294103503, -0.42156227426763243, -0.02439590160003202, 0.4398048341702288, 0.7617586761232648, 0.9941447970397277, -0.040368879075639644, 0.2904634484620738, 0.0, -0.23183796043940158, -0.08125611012985318, 0.37092082480066, 0.6592729879590862, 0.9286485573507867, -0.1834183564855816, 0.06026617316646111, 0.22368498109135626, 0.4037924662475094], [-0.8012569190318698, -0.6933093310078986, -0.49019041164851956, -0.346407168970949, -0.18972431382823104, 0.20744205883936953, 0.6716427946096303, 0.993596636562666, 1.22598275747913, 0.19146908136376187, 0.5223014089014755, 0.23183796043940158, 0.0, 0.15058185030954838, 0.6027587852400619, 0.8911109483984874, 1.1604865177901877, 0.04841960395381995, 0.2921041336058627, 0.45552294153075756, 0.6356304266869106], [-0.951838769341418, -0.8438911813174472, -0.640772261958068, -0.4969890192804972, -0.34030616413777925, 0.05686020852982118, 0.5210609443000819, 0.8430147862531182, 1.0754009071695814, 0.04088723105421355, 0.3717195585919269, 0.08125611012985318, -0.15058185030954838, 0.0, 0.4521769349305131, 0.7405290980889394, 1.0099046674806393, -0.10216224635572836, 0.1415222832963144, 0.3049410912212095, 0.4850485763773625], [-1.4040157042719317, -1.2960681162479608, -1.0929491968885814, -0.9491659542110105, -0.792483099068293, -0.39531672640069215, 0.06888400936956873, 0.39083785132260457, 0.6232239722390678, -0.41128970387629965, -0.08045737633858638, -0.37092082480066, -0.6027587852400619, -0.4521769349305131, 0.0, 0.2883521631584259, 0.5577277325501265, -0.5543391812862414, -0.310654651634199, -0.14723584370930393, 0.032871641446849106], [-1.6923678674303568, -1.5844202794063873, -1.3813013600470072, -1.2375181173694358, -1.0808352622267183, -0.6836688895591182, -0.2194681537888572, 0.10248568816417844, 0.3348718090806419, -0.699641867034726, -0.36880953949701245, -0.6592729879590862, -0.8911109483984874, -0.7405290980889394, -0.2883521631584259, 0.0, 0.2693755693917008, -0.8426913444446675, -0.5990068147926251, -0.43558800686772975, -0.25548052171157676], [-1.9617434368220577, -1.8537958487980868, -1.650676929438708, -1.5068936867611373, -1.35021083161842, -0.9530444589508186, -0.4888437231805578, -0.16688988122752232, 0.06549623968894112, -0.9690174364264262, -0.6381851088887132, -0.9286485573507867, -1.1604865177901877, -1.0099046674806393, -0.5577277325501265, -0.2693755693917008, 0.0, -1.1120669138363681, -0.8683823841843253, -0.7049635762594305, -0.5248560911032772], [-0.8496765229856895, -0.7417289349617191, -0.5386100156023396, -0.39482677292476914, -0.23814391778205102, 0.15902245488554953, 0.6232231906558104, 0.9451770326088461, 1.1775631535253093, 0.14304947740994187, 0.47388180494765536, 0.1834183564855816, -0.04841960395381995, 0.10216224635572836, 0.5543391812862414, 0.8426913444446675, 1.1120669138363681, 0.0, 0.24368452965204276, 0.40710333757693784, 0.5872108227330906], [-1.093361052637732, -0.9854134646137616, -0.7822945452543826, -0.6385113025768119, -0.48182844743409353, -0.08466207476649316, 0.37953866100376765, 0.7014925029568033, 0.9338786238732666, -0.10063505224210079, 0.23019727529561262, -0.06026617316646111, -0.2921041336058627, -0.1415222832963144, 0.310654651634199, 0.5990068147926251, 0.8683823841843253, -0.24368452965204276, 0.0, 0.16341880792489508, 0.34352629308104826], [-1.256779860562627, -1.1488322725386566, -0.9457133531792776, -0.8019301105017074, -0.6452472553589889, -0.24808088269138837, 0.21611985307887255, 0.5380736950319079, 0.770459815948372, -0.2640538601669959, 0.06677846737071749, -0.22368498109135626, -0.45552294153075756, -0.3049410912212095, 0.14723584370930393, 0.43558800686772975, 0.7049635762594305, -0.40710333757693784, -0.16341880792489508, 0.0, 0.18010748515615305], [-1.4368873457187805, -1.3289397576948092, -1.12582083833543, -0.98203759565786, -0.8253547405151416, -0.4281883678475413, 0.0360123679227196, 0.35796620987575545, 0.5903523307922187, -0.4441613453231488, -0.11332901778543554, -0.4037924662475094, -0.6356304266869106, -0.4850485763773625, -0.032871641446849106, 0.25548052171157676, 0.5248560911032772, -0.5872108227330906, -0.34352629308104826, -0.18010748515615305, 0.0]]]