[[[0.0, -0.2301905167706813, -0.3386183361114851, -0.322798672940897, -0.32977986845215845, -0.3124461610485222, -0.41608776888378574, -0.4789272776969839, -0.5179299265487785, -0.07969248554695965, -0.004977509779954448, 0.05605974756828875, 0.09514527389056658, 0.12060029333864744, 0.20291035141971658, 0.2378716052574815, 0.2594392886966933, 0.2977104191647532, 0.47875078472188404, 0.6029485863893735, 0.7050521927798932], [0.2301905167706813, 0.0, -0.10842781934080396, -0.09260815617021569, -0.09958935168147702, -0.08225564427784077, -0.1858972521131044, -0.2487367609263026, -0.28773940977809737, 0.15049803122372168, 0.22521300699072683, 0.28625026433897, 0.32533579066124796, 0.3507908101093286, 0.4331008681903977, 0.46806212202816266, 0.4896298054673749, 0.5279009359354347, 0.708941301492565, 0.8331391031600546, 0.935242709550574], [0.3386183361114851, 0.10842781934080396, 0.0, 0.01581966317058831, 0.008838467659326988, 0.026172175062963213, -0.07746943277230028, -0.1403089415854987, -0.17931159043729333, 0.2589258505645257, 0.33364082633153075, 0.394678083679774, 0.4337636100020519, 0.45921862945013286, 0.5415286875312021, 0.5764899413689668, 0.5980576248081786, 0.6363287552762383, 0.8173691208333688, 0.9415669225008587, 1.043670528891379], [0.322798672940897, 0.09260815617021569, -0.01581966317058831, 0.0, -0.006981195511261324, 0.010352511892374914, -0.09328909594288862, -0.156128604756087, -0.19513125360788158, 0.24310618739393725, 0.31782116316094244, 0.3788584205091859, 0.41794394683146363, 0.44339896627954434, 0.5257090243606137, 0.5606702781983786, 0.5822379616375905, 0.6205090921056502, 0.8015494576627811, 0.9257472593302708, 1.0278508657207903], [0.32977986845215845, 0.09958935168147702, -0.008838467659326988, 0.006981195511261324, 0.0, 0.017333707403636232, -0.08630790043162737, -0.14914740924482564, -0.18815005809662036, 0.25008738290519866, 0.32480235867220386, 0.3858396160204471, 0.424925142342725, 0.4503801617908057, 0.532690219871875, 0.5676514737096399, 0.5892191571488518, 0.6274902876169116, 0.8085306531740425, 0.9327284548415321, 1.0348320612320514], [0.3124461610485222, 0.08225564427784077, -0.026172175062963213, -0.010352511892374914, -0.017333707403636232, 0.0, -0.10364160783526356, -0.16648111664846182, -0.20548376550025665, 0.2327536755015624, 0.3074686512685676, 0.36850590861681104, 0.40759143493908867, 0.43304645438716954, 0.5153565124682389, 0.5503177663060035, 0.5718854497452156, 0.6101565802132757, 0.7911969457704058, 0.9153947474378954, 1.0174983538284155], [0.41608776888378574, 0.1858972521131044, 0.07746943277230028, 0.09328909594288862, 0.08630790043162737, 0.10364160783526356, 0.0, -0.06283950881319833, -0.1018421576649931, 0.3363952833368259, 0.4111102591038312, 0.47214751645207415, 0.5112330427743524, 0.5366880622224331, 0.6189981203035024, 0.6539593741412669, 0.6755270575804788, 0.7137981880485388, 0.8948385536056692, 1.0190363552731596, 1.121139961663679], [0.4789272776969839, 0.2487367609263026, 0.1403089415854987, 0.156128604756087, 0.14914740924482564, 0.16648111664846182, 0.06283950881319833, 0.0, -0.03900264885179472, 0.3992347921500244, 0.47394976791702936, 0.5349870252652728, 0.5740725515875503, 0.5995275710356317, 0.6818376291167004, 0.7167988829544651, 0.7383665663936774, 0.7766376968617369, 0.9576780624188678, 1.0818758640863586, 1.1839794704768776], [0.5179299265487785, 0.28773940977809737, 0.17931159043729333, 0.19513125360788158, 0.18815005809662036, 0.20548376550025665, 0.1018421576649931, 0.03900264885179472, 0.0, 0.4382374410018189, 0.5129524167688241, 0.5739896741170675, 0.6130752004393449, 0.6385302198874263, 0.7208402779684949, 0.7558015318062601, 0.7773692152454715, 0.8156403457135325, 0.9966807112706626, 1.120878512938152, 1.222982119328672], [0.07969248554695965, -0.15049803122372168, -0.2589258505645257, -0.24310618739393725, -0.25008738290519866, -0.2327536755015624, -0.3363952833368259, -0.3992347921500244, -0.4382374410018189, 0.0, 0.0747149757670052, 0.13575223311524837, 0.17483775943752622, 0.20029277888560723, 0.2826028369666762, 0.31756409080444103, 0.33913177424365304, 0.37740290471171273, 0.5584432702688434, 0.6826410719363334, 0.784744678326853], [0.004977509779954448, -0.22521300699072683, -0.33364082633153075, -0.31782116316094244, -0.32480235867220386, -0.3074686512685676, -0.4111102591038312, -0.47394976791702936, -0.5129524167688241, -0.0747149757670052, 0.0, 0.06103725734824317, 0.10012278367052105, 0.12557780311860184, 0.20788786119967104, 0.242849115037436, 0.2644167984766478, 0.3026879289447077, 0.4837282945018384, 0.607926096169328, 0.7100297025598473], [-0.05605974756828875, -0.28625026433897, -0.394678083679774, -0.3788584205091859, -0.3858396160204471, -0.36850590861681104, -0.47214751645207415, -0.5349870252652728, -0.5739896741170675, -0.13575223311524837, -0.06103725734824317, 0.0, 0.03908552632227783, 0.06454054577035871, 0.14685060385142787, 0.18181185768919267, 0.20337954112840462, 0.2416506715964647, 0.42269103715359513, 0.546888838821085, 0.6489924452116043], [-0.09514527389056658, -0.32533579066124796, -0.4337636100020519, -0.41794394683146363, -0.424925142342725, -0.40759143493908867, -0.5112330427743524, -0.5740725515875503, -0.6130752004393449, -0.17483775943752622, -0.10012278367052105, -0.03908552632227783, 0.0, 0.02545501944808086, 0.10776507752915006, 0.1427263313669149, 0.16429401480612676, 0.20256514527418668, 0.3836055108313172, 0.5078033124988072, 0.6099069188893265], [-0.12060029333864744, -0.3507908101093286, -0.45921862945013286, -0.44339896627954434, -0.4503801617908057, -0.43304645438716954, -0.5366880622224331, -0.5995275710356317, -0.6385302198874263, -0.20029277888560723, -0.12557780311860184, -0.06454054577035871, -0.02545501944808086, 0.0, 0.08231005808106918, 0.11727131191883405, 0.1388389953580459, 0.17711012582610577, 0.35815049138323635, 0.4823482930507263, 0.5844518994412456], [-0.20291035141971658, -0.4331008681903977, -0.5415286875312021, -0.5257090243606137, -0.532690219871875, -0.5153565124682389, -0.6189981203035024, -0.6818376291167004, -0.7208402779684949, -0.2826028369666762, -0.20788786119967104, -0.14685060385142787, -0.10776507752915006, -0.08231005808106918, 0.0, 0.03496125383776485, 0.056528937276976735, 0.09480006774503665, 0.27584043330216723, 0.40003823496965724, 0.5021418413601765], [-0.2378716052574815, -0.46806212202816266, -0.5764899413689668, -0.5606702781983786, -0.5676514737096399, -0.5503177663060035, -0.6539593741412669, -0.7167988829544651, -0.7558015318062601, -0.31756409080444103, -0.242849115037436, -0.18181185768919267, -0.1427263313669149, -0.11727131191883405, -0.03496125383776485, 0.0, 0.021567683439211883, 0.059838813907271776, 0.24087917946440232, 0.3650769811318923, 0.46718058752241165], [-0.2594392886966933, -0.4896298054673749, -0.5980576248081786, -0.5822379616375905, -0.5892191571488518, -0.5718854497452156, -0.6755270575804788, -0.7383665663936774, -0.7773692152454715, -0.33913177424365304, -0.2644167984766478, -0.20337954112840462, -0.16429401480612676, -0.1388389953580459, -0.056528937276976735, -0.021567683439211883, 0.0, 0.03827113046805993, 0.21931149602519057, 0.3435092976926803, 0.4456129040831997], [-0.2977104191647532, -0.5279009359354347, -0.6363287552762383, -0.6205090921056502, -0.6274902876169116, -0.6101565802132757, -0.7137981880485388, -0.7766376968617369, -0.8156403457135325, -0.37740290471171273, -0.3026879289447077, -0.2416506715964647, -0.20256514527418668, -0.17711012582610577, -0.09480006774503665, -0.059838813907271776, -0.03827113046805993, 0.0, 0.18104036555713057, 0.30523816722462044, 0.40734177361513974], [-0.47875078472188404, -0.708941301492565, -0.8173691208333688, -0.8015494576627811, -0.8085306531740425, -0.7911969457704058, -0.8948385536056692, -0.9576780624188678, -0.9966807112706626, -0.5584432702688434, -0.4837282945018384, -0.42269103715359513, -0.3836055108313172, -0.35815049138323635, -0.27584043330216723, -0.24087917946440232, -0.21931149602519057, -0.18104036555713057, 0.0, 0.12419780166748992, 0.22630140805800916], [-0.6029485863893735, -0.8331391031600546, -0.9415669225008587, -0.9257472593302708, -0.9327284548415321, -0.9153947474378954, -1.0190363552731596, -1.0818758640863586, -1.120878512938152, -0.6826410719363334, -0.607926096169328, -0.546888838821085, -0.5078033124988072, -0.4823482930507263, -0.40003823496965724, -0.3650769811318923, -0.3435092976926803, -0.30523816722462044, -0.12419780166748992, 0.0, 0.10210360639051945], [-0.7050521927798932, -0.935242709550574, -1.043670528891379, -1.0278508657207903, -1.0348320612320514, -1.0174983538284155, -1.121139961663679, -1.1839794704768776, -1.222982119328672, -0.784744678326853, -0.7100297025598473, -0.6489924452116043, -0.6099069188893265, -0.5844518994412456, -0.5021418413601765, -0.46718058752241165, -0.4456129040831997, -0.40734177361513974, -0.22630140805800916, -0.10210360639051945, 0.0]], [[0.0, 0.131634169755529, 0.4457273484372149, 0.7187266387957391, 0.9250353127768273, 0.9511099991908597, 1.3322883080383159, 1.6009557477592367, 1.8141283941418098, 0.9966536631902362, 1.4143483145912148, 1.6249238872118872, 1.808499905903307, 0.9480487635412753, 1.3295621145445464, 1.6028017612517251, 1.8480646709167095, 0.8203076911573745, 1.0532915571048371, 1.2181883352622775, 1.3775603424071547], [-0.131634169755529, 0.0, 0.314093178681686, 0.5870924690402103, 0.7934011430212982, 0.8194758294353309, 1.200654138282788, 1.4693215780037077, 1.6824942243862804, 0.8650194934347071, 1.282714144835686, 1.4932897174563577, 1.6768657361477783, 0.8164145937857468, 1.1979279447890174, 1.4711675914961952, 1.7164305011611802, 0.6886735214018449, 0.921657387349308, 1.086554165506749, 1.2459261726516264], [-0.4457273484372149, -0.314093178681686, 0.0, 0.2729992903585242, 0.4793079643396119, 0.5053826507536447, 0.8865609596011014, 1.1552283993220218, 1.3684010457045936, 0.5509263147530215, 0.968620966154, 1.179196538774672, 1.3627725574660914, 0.5023214151040604, 0.8838347661073311, 1.1570744128145096, 1.4023373224794944, 0.37458034272015905, 0.6075642086676217, 0.7724609868250623, 0.9318329939699401], [-0.7187266387957391, -0.5870924690402103, -0.2729992903585242, 0.0, 0.20630867398108788, 0.2323833603951205, 0.6135616692425774, 0.8822291089634975, 1.0954017553460704, 0.27792702439449696, 0.6956216757954762, 0.9061972484161471, 1.089773267107567, 0.2293221247455364, 0.6108354757488074, 0.884075122455985, 1.12933803212097, 0.10158105236163491, 0.3345649183090976, 0.49946169646653826, 0.6588337036114156], [-0.9250353127768273, -0.7934011430212982, -0.4793079643396119, -0.20630867398108788, 0.0, 0.026074686414032735, 0.4072529952614895, 0.6759204349824097, 0.8890930813649824, 0.07161835041340917, 0.4893130018143882, 0.6998885744350598, 0.8834645931264798, 0.02301345076444848, 0.40452680176771943, 0.6777664484748975, 0.9230293581398822, -0.10472762161945295, 0.12825624432800992, 0.29315302248545055, 0.4525250296303278], [-0.9511099991908597, -0.8194758294353309, -0.5053826507536447, -0.2323833603951205, -0.026074686414032735, 0.0, 0.38117830884745674, 0.649845748568377, 0.8630183949509493, 0.04554366399937643, 0.46323831540035526, 0.6738138880210268, 0.8573899067124465, -0.0030612356495842573, 0.37845211535368684, 0.6516917620608644, 0.896954671725849, -0.13080230803348564, 0.10218155791397722, 0.26707833607141773, 0.4264503432162953], [-1.3322883080383159, -1.200654138282788, -0.8865609596011014, -0.6135616692425774, -0.4072529952614895, -0.38117830884745674, 0.0, 0.2686674397209202, 0.48184008610349266, -0.33563464484808025, 0.08206000655289879, 0.29263557917357, 0.47621159786499007, -0.3842395444970413, -0.00272619349377008, 0.2705134532134078, 0.5157763628783926, -0.5119806168809425, -0.27899675093347964, -0.11409997277603909, 0.04527203436883843], [-1.6009557477592367, -1.4693215780037077, -1.1552283993220218, -0.8822291089634975, -0.6759204349824097, -0.649845748568377, -0.2686674397209202, 0.0, 0.2131726463825725, -0.6043020845690006, -0.1866074331680215, 0.02396813945264995, 0.2075441581440699, -0.6529069842179611, -0.2713936332146903, 0.0018460134924874838, 0.2471089231574725, -0.7806480566018628, -0.5476641906543998, -0.3827674124969592, -0.22339540535208186], [-1.8141283941418098, -1.6824942243862804, -1.3684010457045936, -1.0954017553460704, -0.8890930813649824, -0.8630183949509493, -0.48184008610349266, -0.2131726463825725, 0.0, -0.8174747309515732, -0.39978007955059414, -0.1892045069299226, -0.00562848823850266, -0.8660796306005338, -0.4845662795972629, -0.21132663289008502, 0.033936276774899826, -0.993820702984435, -0.7608368370369725, -0.5959400588795319, -0.43656805173465413], [-0.9966536631902362, -0.8650194934347071, -0.5509263147530215, -0.27792702439449696, -0.07161835041340917, -0.04554366399937643, 0.33563464484808025, 0.6043020845690006, 0.8174747309515732, 0.0, 0.41769465140097917, 0.6282702240216503, 0.8118462427130698, -0.04860489964896071, 0.3329084513543103, 0.606148098061488, 0.8514110077264729, -0.17634597203286212, 0.05663789391460075, 0.2215346720720413, 0.38090667921691884], [-1.4143483145912148, -1.282714144835686, -0.968620966154, -0.6956216757954762, -0.4893130018143882, -0.46323831540035526, -0.08206000655289879, 0.1866074331680215, 0.39978007955059414, -0.41769465140097917, 0.0, 0.21057557262067136, 0.3941515913120912, -0.4662995510499398, -0.08478620004666892, 0.18845344666050895, 0.4337163563254938, -0.5940406234338413, -0.3610567574863783, -0.1961599793289378, -0.03678797218406036], [-1.6249238872118872, -1.4932897174563577, -1.179196538774672, -0.9061972484161471, -0.6998885744350598, -0.6738138880210268, -0.29263557917357, -0.02396813945264995, 0.1892045069299226, -0.6282702240216503, -0.21057557262067136, 0.0, 0.18357601869141998, -0.6768751236706112, -0.2953617726673403, -0.022122125960162463, 0.22314078370482246, -0.8046161960545127, -0.5716323301070498, -0.40673555194960914, -0.24736354480473177], [-1.808499905903307, -1.6768657361477783, -1.3627725574660914, -1.089773267107567, -0.8834645931264798, -0.8573899067124465, -0.47621159786499007, -0.2075441581440699, 0.00562848823850266, -0.8118462427130698, -0.3941515913120912, -0.18357601869141998, 0.0, -0.8604511423620309, -0.4789377913587603, -0.2056981446515823, 0.03956476501340244, -0.9881922147459331, -0.7552083487984695, -0.590311570641029, -0.43093956349615165], [-0.9480487635412753, -0.8164145937857468, -0.5023214151040604, -0.2293221247455364, -0.02301345076444848, 0.0030612356495842573, 0.3842395444970413, 0.6529069842179611, 0.8660796306005338, 0.04860489964896071, 0.4662995510499398, 0.6768751236706112, 0.8604511423620309, 0.0, 0.38151335100327105, 0.6547529977104487, 0.9000159073754337, -0.12774107238390145, 0.10524279356356146, 0.270139571721002, 0.4295115788658795], [-1.3295621145445464, -1.1979279447890174, -0.8838347661073311, -0.6108354757488074, -0.40452680176771943, -0.37845211535368684, 0.00272619349377008, 0.2713936332146903, 0.4845662795972629, -0.3329084513543103, 0.08478620004666892, 0.2953617726673403, 0.4789377913587603, -0.38151335100327105, 0.0, 0.2732396467071778, 0.5185025563721625, -0.5092544233871724, -0.2762705574397097, -0.11137377928226905, 0.0479982278626085], [-1.6028017612517251, -1.4711675914961952, -1.1570744128145096, -0.884075122455985, -0.6777664484748975, -0.6516917620608644, -0.2705134532134078, -0.0018460134924874838, 0.21132663289008502, -0.606148098061488, -0.18845344666050895, 0.022122125960162463, 0.2056981446515823, -0.6547529977104487, -0.2732396467071778, 0.0, 0.2452629096649849, -0.7824940700943508, -0.5495102041468871, -0.38461342598944676, -0.22524141884456936], [-1.8480646709167095, -1.7164305011611802, -1.4023373224794944, -1.12933803212097, -0.9230293581398822, -0.896954671725849, -0.5157763628783926, -0.2471089231574725, -0.033936276774899826, -0.8514110077264729, -0.4337163563254938, -0.22314078370482246, -0.03956476501340244, -0.9000159073754337, -0.5185025563721625, -0.2452629096649849, 0.0, -1.0277569797593349, -0.7947731138118722, -0.6298763356544316, -0.47050432850955404], [-0.8203076911573745, -0.6886735214018449, -0.37458034272015905, -0.10158105236163491, 0.10472762161945295, 0.13080230803348564, 0.5119806168809425, 0.7806480566018628, 0.993820702984435, 0.17634597203286212, 0.5940406234338413, 0.8046161960545127, 0.9881922147459331, 0.12774107238390145, 0.5092544233871724, 0.7824940700943508, 1.0277569797593349, 0.0, 0.23298386594746276, 0.3978806441049035, 0.557252651249781], [-1.0532915571048371, -0.921657387349308, -0.6075642086676217, -0.3345649183090976, -0.12825624432800992, -0.10218155791397722, 0.27899675093347964, 0.5476641906543998, 0.7608368370369725, -0.05663789391460075, 0.3610567574863783, 0.5716323301070498, 0.7552083487984695, -0.10524279356356146, 0.2762705574397097, 0.5495102041468871, 0.7947731138118722, -0.23298386594746276, 0.0, 0.1648967781574405, 0.32426878530231806], [-1.2181883352622775, -1.086554165506749, -0.7724609868250623, -0.49946169646653826, -0.29315302248545055, -0.26707833607141773, 0.11409997277603909, 0.3827674124969592, 0.5959400588795319, -0.2215346720720413, 0.1961599793289378, 0.40673555194960914, 0.590311570641029, -0.270139571721002, 0.11137377928226905, 0.38461342598944676, 0.6298763356544316, -0.3978806441049035, -0.1648967781574405, 0.0, 0.15937200714487748], [-1.3775603424071547, -1.2459261726516264, -0.9318329939699401, -0.6588337036114156, -0.4525250296303278, -0.4264503432162953, -0.04527203436883843, 0.22339540535208186, 0.43656805173465413, -0.38090667921691884, 0.03678797218406036, 0.24736354480473177, 0.43093956349615165, -0.4295115788658795, -0.0479982278626085, 0.22524141884456936, 0.47050432850955404, -0.557252651249781, -0.32426878530231806, -0.15937200714487748, 0.0]]]