[[[0.0, -0.30983907679534267, -0.42823701336671727, -0.2756519864023691, -0.05280906094580939, -0.3871355786397306, -0.33232571629383545, -0.28733733598931877, -0.23851528710852268, -0.18432113769361128, -0.1946658604339802, -0.21840364214985578, -0.22114872312970296, 0.030814713305841544, 0.03014314279451689, -0.04883522997352857, -0.08374469383723078, 0.24081514248686958, 0.17959715230178908, 0.08972140333314105, 0.06106237754950342], [0.30983907679534267, 0.0, -0.11839793657137491, 0.03418709039297356, 0.2570300158495334, -0.07729650184438806, -0.0224866394984929, 0.02250174080602394, 0.07132378968682002, 0.12551793910173137, 0.11517321636136249, 0.091435434645487, 0.08869035366563978, 0.3406537901011842, 0.3399822195898595, 0.26100384682181405, 0.22609438295811185, 0.5506542192822119, 0.48943622909713186, 0.3995604801284837, 0.3709014543448461], [0.42823701336671727, 0.11839793657137491, 0.0, 0.15258502696434845, 0.37542795242090804, 0.041101434726986755, 0.09591129707288192, 0.1408996773773988, 0.18972172625819492, 0.24391587567310632, 0.23357115293273747, 0.2098333712168618, 0.2070882902370146, 0.4590517266725588, 0.4583801561612341, 0.37940178339318886, 0.34449231952948667, 0.6690521558535868, 0.6078341656685066, 0.5179584166998589, 0.48929939091622077], [0.2756519864023691, -0.03418709039297356, -0.15258502696434845, 0.0, 0.22284292545655973, -0.11148359223736164, -0.05667372989146647, -0.011685349586949622, 0.03713669929384645, 0.09133084870875768, 0.08098612596838883, 0.05724834425251343, 0.05450326327266621, 0.30646669970821055, 0.30579512919688595, 0.22681675642884058, 0.19190729256513828, 0.5164671288892382, 0.4552491387041582, 0.36537338973551015, 0.3367143639518724], [0.05280906094580939, -0.2570300158495334, -0.37542795242090804, -0.22284292545655973, 0.0, -0.3343265176939212, -0.2795166553480262, -0.23452827504350934, -0.18570622616271307, -0.131512076747802, -0.1418567994881708, -0.16559458120404616, -0.1683396621838934, 0.08362377425165093, 0.08295220374032629, 0.003973830972280824, -0.030935632891421417, 0.293624203432679, 0.23240621324759847, 0.1425304642789505, 0.11387143849531281], [0.3871355786397306, 0.07729650184438806, -0.041101434726986755, 0.11148359223736164, 0.3343265176939212, 0.0, 0.05480986234589518, 0.09979824265041208, 0.1486202915312081, 0.20281444094611945, 0.19246971820575054, 0.16873193648987514, 0.16598685551002793, 0.4179502919455722, 0.4172787214342474, 0.3383003486662022, 0.3033908848024999, 0.6279507211265999, 0.5667327309415198, 0.4768569819728718, 0.4481979561892339], [0.33232571629383545, 0.0224866394984929, -0.09591129707288192, 0.05667372989146647, 0.2795166553480262, -0.05480986234589518, 0.0, 0.04498838030451686, 0.09381042918531295, 0.14800457860022423, 0.13765985585985538, 0.11392207414397997, 0.11117699316413272, 0.36314042959967696, 0.3624688590883523, 0.283490486320307, 0.2485810224566047, 0.573140858780705, 0.5119228685956245, 0.4220471196269764, 0.39338809384333884], [0.28733733598931877, -0.02250174080602394, -0.1408996773773988, 0.011685349586949622, 0.23452827504350934, -0.09979824265041208, -0.04498838030451686, 0.0, 0.04882204888079608, 0.10301619829570732, 0.09267147555533843, 0.06893369383946307, 0.06618861285961582, 0.31815204929516017, 0.3174804787838357, 0.23850210601579008, 0.20359264215208797, 0.5281524784761884, 0.4669344882911078, 0.3770587393224597, 0.34839971353882204], [0.23851528710852268, -0.07132378968682002, -0.18972172625819492, -0.03713669929384645, 0.18570622616271307, -0.1486202915312081, -0.09381042918531295, -0.04882204888079608, 0.0, 0.05419414941491128, 0.04384942667454239, 0.020111644958666984, 0.017366563978819777, 0.2693300004143644, 0.2686584299030396, 0.18968005713499397, 0.15477059327129172, 0.47933042959539224, 0.4181124394103117, 0.3282366904416638, 0.29957766465802604], [0.18432113769361128, -0.12551793910173137, -0.24391587567310632, -0.09133084870875768, 0.131512076747802, -0.20281444094611945, -0.14800457860022423, -0.10301619829570732, -0.05419414941491128, 0.0, -0.010344722740368864, -0.0340825044562443, -0.036827585436091506, 0.21513585099945295, 0.21446428048812818, 0.1354859077200828, 0.10057644385638055, 0.42513628018048083, 0.36391828999540043, 0.27404254102675235, 0.24538351524311483], [0.1946658604339802, -0.11517321636136249, -0.23357115293273747, -0.08098612596838883, 0.1418567994881708, -0.19246971820575054, -0.13765985585985538, -0.09267147555533843, -0.04384942667454239, 0.010344722740368864, 0.0, -0.023737781715875414, -0.026482862695722614, 0.22548057373982175, 0.22480900322849717, 0.14583063046045167, 0.11092116659674942, 0.4354810029208495, 0.37426301273576923, 0.28438726376712126, 0.25572823798348365], [0.21840364214985578, -0.091435434645487, -0.2098333712168618, -0.05724834425251343, 0.16559458120404616, -0.16873193648987514, -0.11392207414397997, -0.06893369383946307, -0.020111644958666984, 0.0340825044562443, 0.023737781715875414, 0.0, -0.002745080979847209, 0.24921835545569718, 0.2485467849443726, 0.16956841217632695, 0.1346589483126248, 0.45921878463672494, 0.3980007944516448, 0.3081250454829968, 0.2794660196993591], [0.22114872312970296, -0.08869035366563978, -0.2070882902370146, -0.05450326327266621, 0.1683396621838934, -0.16598685551002793, -0.11117699316413272, -0.06618861285961582, -0.017366563978819777, 0.036827585436091506, 0.026482862695722614, 0.002745080979847209, 0.0, 0.25196343643554436, 0.25129186592421976, 0.17231349315617425, 0.137404029292472, 0.46196386561657216, 0.400745875431492, 0.31087012646284384, 0.2822111006792062], [-0.030814713305841544, -0.3406537901011842, -0.4590517266725588, -0.30646669970821055, -0.08362377425165093, -0.4179502919455722, -0.36314042959967696, -0.31815204929516017, -0.2693300004143644, -0.21513585099945295, -0.22548057373982175, -0.24921835545569718, -0.25196343643554436, 0.0, -0.000671570511324649, -0.07964994327937014, -0.1145594071430724, 0.21000042918102793, 0.14878243899594762, 0.05890669002729956, 0.03024766424366189], [-0.03014314279451689, -0.3399822195898595, -0.4583801561612341, -0.30579512919688595, -0.08295220374032629, -0.4172787214342474, -0.3624688590883523, -0.3174804787838357, -0.2686584299030396, -0.21446428048812818, -0.22480900322849717, -0.2485467849443726, -0.25129186592421976, 0.000671570511324649, 0.0, -0.07897837276804545, -0.11388783663174776, 0.2106719996923525, 0.1494540095072722, 0.0595782605386242, 0.03091923475498652], [0.04883522997352857, -0.26100384682181405, -0.37940178339318886, -0.22681675642884058, -0.003973830972280824, -0.3383003486662022, -0.283490486320307, -0.23850210601579008, -0.18968005713499397, -0.1354859077200828, -0.14583063046045167, -0.16956841217632695, -0.17231349315617425, 0.07964994327937014, 0.07897837276804545, 0.0, -0.03490946386370225, 0.28965037246039804, 0.22843238227531765, 0.13855663330666965, 0.109897607523032], [0.08374469383723078, -0.22609438295811185, -0.34449231952948667, -0.19190729256513828, 0.030935632891421417, -0.3033908848024999, -0.2485810224566047, -0.20359264215208797, -0.15477059327129172, -0.10057644385638055, -0.11092116659674942, -0.1346589483126248, -0.137404029292472, 0.1145594071430724, 0.11388783663174776, 0.03490946386370225, 0.0, 0.3245598363241002, 0.26334184613902, 0.1734660971703718, 0.1448070713867343], [-0.24081514248686958, -0.5506542192822119, -0.6690521558535868, -0.5164671288892382, -0.293624203432679, -0.6279507211265999, -0.573140858780705, -0.5281524784761884, -0.47933042959539224, -0.42513628018048083, -0.4354810029208495, -0.45921878463672494, -0.46196386561657216, -0.21000042918102793, -0.2106719996923525, -0.28965037246039804, -0.3245598363241002, 0.0, -0.06121799018508035, -0.15109373915372834, -0.179752764937366], [-0.17959715230178908, -0.48943622909713186, -0.6078341656685066, -0.4552491387041582, -0.23240621324759847, -0.5667327309415198, -0.5119228685956245, -0.4669344882911078, -0.4181124394103117, -0.36391828999540043, -0.37426301273576923, -0.3980007944516448, -0.400745875431492, -0.14878243899594762, -0.1494540095072722, -0.22843238227531765, -0.26334184613902, 0.06121799018508035, 0.0, -0.08987574896864806, -0.11853477475228576], [-0.08972140333314105, -0.3995604801284837, -0.5179584166998589, -0.36537338973551015, -0.1425304642789505, -0.4768569819728718, -0.4220471196269764, -0.3770587393224597, -0.3282366904416638, -0.27404254102675235, -0.28438726376712126, -0.3081250454829968, -0.31087012646284384, -0.05890669002729956, -0.0595782605386242, -0.13855663330666965, -0.1734660971703718, 0.15109373915372834, 0.08987574896864806, 0.0, -0.02865902578363766], [-0.06106237754950342, -0.3709014543448461, -0.48929939091622077, -0.3367143639518724, -0.11387143849531281, -0.4481979561892339, -0.39338809384333884, -0.34839971353882204, -0.29957766465802604, -0.24538351524311483, -0.25572823798348365, -0.2794660196993591, -0.2822111006792062, -0.03024766424366189, -0.03091923475498652, -0.109897607523032, -0.1448070713867343, 0.179752764937366, 0.11853477475228576, 0.02865902578363766, 0.0]], [[0.0, 0.15978153956365979, 0.5151080410817032, 0.7730916627300881, 0.9174672614735561, 0.9829672857232129, 1.440265162557095, 1.719233919098975, 1.9447746355922633, 0.9827810391044379, 1.4886891864998046, 1.7982772147347206, 2.0465998535398917, 0.8959273318884072, 1.0721372280481922, 0.79220752052452, 0.6144969106230285, 0.7672476704057751, 0.9075527294957259, 0.7206299680548094, 0.5863680557024583], [-0.15978153956365979, 0.0, 0.35532650151804324, 0.6133101231664282, 0.757685721909896, 0.8231857461595534, 1.2804836229934355, 1.5594523795353146, 1.784993096028604, 0.8229994995407773, 1.3289076469361447, 1.6384956751710613, 1.8868183139762307, 0.7361457923247476, 0.9123556884845315, 0.6324259809608599, 0.4547153710593688, 0.6074661308421156, 0.7477711899320666, 0.5608484284911494, 0.42658651613879855], [-0.5151080410817032, -0.35532650151804324, 0.0, 0.25798362164838506, 0.40235922039185257, 0.46785924464150985, 0.9251571214753918, 1.2041258780172708, 1.4296665945105604, 0.4676729980227343, 0.9735811454181015, 1.2831691736530177, 1.5314918124581884, 0.3808192908067045, 0.557029186966489, 0.2770994794428167, 0.09938886954132578, 0.2521396293240724, 0.39244468841402325, 0.20552192697310595, 0.07126001462075532], [-0.7730916627300881, -0.6133101231664282, -0.25798362164838506, 0.0, 0.14437559874346767, 0.20987562299312482, 0.6671734998270068, 0.946142256368886, 1.1716829728621747, 0.2096893763743493, 0.7155975237697166, 1.0251855520046325, 1.2735081908098034, 0.1228356691583195, 0.29904556531810383, 0.01911585779443162, -0.15859475210705923, -0.0058439923243126515, 0.13446106676563827, -0.05246169467527908, -0.18672360702762972], [-0.9174672614735561, -0.757685721909896, -0.40235922039185257, -0.14437559874346767, 0.0, 0.06550002424965724, 0.5227979010835394, 0.801766657625419, 1.0273073741187082, 0.06531377763088173, 0.5712219250262488, 0.8808099532611645, 1.1291325920663358, -0.02153992958514813, 0.15466996657463628, -0.12525974094903602, -0.3029703508505269, -0.15021959106778032, -0.009914531977829426, -0.1968372934187467, -0.3310992057710973], [-0.9829672857232129, -0.8231857461595534, -0.46785924464150985, -0.20987562299312482, -0.06550002424965724, 0.0, 0.45729787683388173, 0.7362666333757617, 0.9618073498690505, -0.00018624661877553108, 0.5057219007765916, 0.8153099290115076, 1.0636325678166785, -0.08703995383480534, 0.0891699423249791, -0.1907597651986933, -0.3684703751001841, -0.2157196153174376, -0.07541455622748668, -0.26233731766840407, -0.39659923002075426], [-1.440265162557095, -1.2804836229934355, -0.9251571214753918, -0.6671734998270068, -0.5227979010835394, -0.45729787683388173, 0.0, 0.27896875654187997, 0.5045094730351687, -0.4574841234526573, 0.048424023942709594, 0.3580120521776258, 0.6063346909827969, -0.5443378306686872, -0.3681279345089029, -0.6480576420325751, -0.8257682519340658, -0.6730174921513195, -0.5327124330613686, -0.7196351945022859, -0.8538971068546364], [-1.719233919098975, -1.5594523795353146, -1.2041258780172708, -0.946142256368886, -0.801766657625419, -0.7362666333757617, -0.27896875654187997, 0.0, 0.22554071649328872, -0.7364528799945372, -0.23054473259917035, 0.07904329563574593, 0.3273659344409171, -0.8233065872105668, -0.6470966910507827, -0.9270263985744549, -1.1047370084759462, -0.9519862486931993, -0.8116811896032479, -0.9986039510441662, -1.1328658633965165], [-1.9447746355922633, -1.784993096028604, -1.4296665945105604, -1.1716829728621747, -1.0273073741187082, -0.9618073498690505, -0.5045094730351687, -0.22554071649328872, 0.0, -0.9619935964878259, -0.4560854490924589, -0.14649742085754278, 0.10182521794762836, -1.0488473037038561, -0.8726374075440715, -1.1525671150677437, -1.3302777249692344, -1.1775269651864877, -1.037221906096537, -1.224144667537454, -1.3584065798898053], [-0.9827810391044379, -0.8229994995407773, -0.4676729980227343, -0.2096893763743493, -0.06531377763088173, 0.00018624661877553108, 0.4574841234526573, 0.7364528799945372, 0.9619935964878259, 0.0, 0.5059081473953672, 0.8154961756302831, 1.0638188144354548, -0.08685370721602982, 0.08935618894375458, -0.19057351857991772, -0.36828412848140857, -0.21553336869866205, -0.07522830960871113, -0.26215107104962854, -0.396412983401979], [-1.4886891864998046, -1.3289076469361447, -0.9735811454181015, -0.7155975237697166, -0.5712219250262488, -0.5057219007765916, -0.048424023942709594, 0.23054473259917035, 0.4560854490924589, -0.5059081473953672, 0.0, 0.30958802823491616, 0.5579106670400873, -0.5927618546113969, -0.4165519584516123, -0.6964816659752848, -0.8741922758767751, -0.7214415160940283, -0.5811364570040783, -0.7680592184449958, -0.9023211307973459], [-1.7982772147347206, -1.6384956751710613, -1.2831691736530177, -1.0251855520046325, -0.8808099532611645, -0.8153099290115076, -0.3580120521776258, -0.07904329563574593, 0.14649742085754278, -0.8154961756302831, -0.30958802823491616, 0.0, 0.24832263880517128, -0.902349882846313, -0.7261399866865286, -1.0060696942102012, -1.1837803041116919, -1.0310295443289454, -0.8907244852389941, -1.0776472466799119, -1.211909159032262], [-2.0465998535398917, -1.8868183139762307, -1.5314918124581884, -1.2735081908098034, -1.1291325920663358, -1.0636325678166785, -0.6063346909827969, -0.3273659344409171, -0.10182521794762836, -1.0638188144354548, -0.5579106670400873, -0.24832263880517128, 0.0, -1.1506725216514848, -0.9744626254916998, -1.254392333015372, -1.4321029429168626, -1.2793521831341161, -1.1390471240441657, -1.3259698854850828, -1.460231797837433], [-0.8959273318884072, -0.7361457923247476, -0.3808192908067045, -0.1228356691583195, 0.02153992958514813, 0.08703995383480534, 0.5443378306686872, 0.8233065872105668, 1.0488473037038561, 0.08685370721602982, 0.5927618546113969, 0.902349882846313, 1.1506725216514848, 0.0, 0.1762098961597844, -0.1037198113638879, -0.28143042126537887, -0.12867966148263218, 0.011625397607318707, -0.17529736383359862, -0.30955927618594914], [-1.0721372280481922, -0.9123556884845315, -0.557029186966489, -0.29904556531810383, -0.15466996657463628, -0.0891699423249791, 0.3681279345089029, 0.6470966910507827, 0.8726374075440715, -0.08935618894375458, 0.4165519584516123, 0.7261399866865286, 0.9744626254916998, -0.1762098961597844, 0.0, -0.2799297075236724, -0.4576403174251629, -0.30488955764241676, -0.16458449855246574, -0.3515072599933831, -0.48576917234573364], [-0.79220752052452, -0.6324259809608599, -0.2770994794428167, -0.01911585779443162, 0.12525974094903602, 0.1907597651986933, 0.6480576420325751, 0.9270263985744549, 1.1525671150677437, 0.19057351857991772, 0.6964816659752848, 1.0060696942102012, 1.254392333015372, 0.1037198113638879, 0.2799297075236724, 0.0, -0.17771060990149087, -0.024959850118744246, 0.11534520897120659, -0.0715775524697107, -0.2058394648220613], [-0.6144969106230285, -0.4547153710593688, -0.09938886954132578, 0.15859475210705923, 0.3029703508505269, 0.3684703751001841, 0.8257682519340658, 1.1047370084759462, 1.3302777249692344, 0.36828412848140857, 0.8741922758767751, 1.1837803041116919, 1.4321029429168626, 0.28143042126537887, 0.4576403174251629, 0.17771060990149087, 0.0, 0.15275075978274663, 0.2930558188726976, 0.10613305743178027, -0.028128854920570427], [-0.7672476704057751, -0.6074661308421156, -0.2521396293240724, 0.0058439923243126515, 0.15021959106778032, 0.2157196153174376, 0.6730174921513195, 0.9519862486931993, 1.1775269651864877, 0.21553336869866205, 0.7214415160940283, 1.0310295443289454, 1.2793521831341161, 0.12867966148263218, 0.30488955764241676, 0.024959850118744246, -0.15275075978274663, 0.0, 0.140305059089951, -0.046617702350966427, -0.18087961470331712], [-0.9075527294957259, -0.7477711899320666, -0.39244468841402325, -0.13446106676563827, 0.009914531977829426, 0.07541455622748668, 0.5327124330613686, 0.8116811896032479, 1.037221906096537, 0.07522830960871113, 0.5811364570040783, 0.8907244852389941, 1.1390471240441657, -0.011625397607318707, 0.16458449855246574, -0.11534520897120659, -0.2930558188726976, -0.140305059089951, 0.0, -0.1869227614409173, -0.3211846737932679], [-0.7206299680548094, -0.5608484284911494, -0.20552192697310595, 0.05246169467527908, 0.1968372934187467, 0.26233731766840407, 0.7196351945022859, 0.9986039510441662, 1.224144667537454, 0.26215107104962854, 0.7680592184449958, 1.0776472466799119, 1.3259698854850828, 0.17529736383359862, 0.3515072599933831, 0.0715775524697107, -0.10613305743178027, 0.046617702350966427, 0.1869227614409173, 0.0, -0.13426191235235063], [-0.5863680557024583, -0.42658651613879855, -0.07126001462075532, 0.18672360702762972, 0.3310992057710973, 0.39659923002075426, 0.8538971068546364, 1.1328658633965165, 1.3584065798898053, 0.396412983401979, 0.9023211307973459, 1.211909159032262, 1.460231797837433, 0.30955927618594914, 0.48576917234573364, 0.2058394648220613, 0.028128854920570427, 0.18087961470331712, 0.3211846737932679, 0.13426191235235063, 0.0]]]