[[[0.0, -0.35697649455497443, -0.45665635065991517, -0.39316114736927305, -0.18093441069725885, -0.37509568699543633, -0.4448759556455801, -0.4758036543368509, -0.469326871540972, -0.15893680166368962, -0.17599273032200977, -0.22995858822464835, -0.24043774527051084, 0.06613766681586013, 0.05660234483861311, -0.029130291604900892, -0.04924839502351293, 0.3074558629663597, 0.29916833303358487, 0.20760571285420476, 0.15384884373590016], [0.35697649455497443, 0.0, -0.09967985610494097, -0.03618465281429851, 0.17604208385771566, -0.018119192440461784, -0.0878994610906056, -0.11882715978187652, -0.11235037698599737, 0.1980396928912849, 0.18098376423296464, 0.12701790633032609, 0.11653874928446357, 0.42311416137083424, 0.4135788393935874, 0.3278462029500735, 0.30772809953146146, 0.6644323575213342, 0.6561448275885593, 0.5645822074091793, 0.5108253382908746], [0.45665635065991517, 0.09967985610494097, 0.0, 0.06349520329064245, 0.27572193996265654, 0.08156066366447917, 0.011780395014335327, -0.019147303676935536, -0.012670520881056411, 0.29771954899622566, 0.28066362033790565, 0.22669776243526688, 0.21621860538940438, 0.5227940174757756, 0.5132586954985285, 0.4275260590550144, 0.40740795563640225, 0.764112213626275, 0.7558246836935001, 0.6642620635141201, 0.6105051943958155], [0.39316114736927305, 0.03618465281429851, -0.06349520329064245, 0.0, 0.21222673667201408, 0.018065460373836727, -0.051714808276307124, -0.08264250696757802, -0.07616572417169888, 0.23422434570558334, 0.2171684170472632, 0.16320255914462453, 0.15272340209876212, 0.4592988141851329, 0.44976349220788586, 0.36403085576437205, 0.34391275234575985, 0.7006170103356325, 0.6923294804028584, 0.6007668602234777, 0.5470099911051733], [0.18093441069725885, -0.17604208385771566, -0.27572193996265654, -0.21222673667201408, 0.0, -0.1941612762981774, -0.2639415449483213, -0.29486924363959216, -0.288392460843713, 0.02199760903356916, 0.0049416803752490085, -0.04902417752738961, -0.05950333457325207, 0.2470720775131188, 0.23753675553587175, 0.15180411909235791, 0.13168601567374585, 0.48839027366361853, 0.4801027437308437, 0.38854012355146345, 0.334783254433159], [0.37509568699543633, 0.018119192440461784, -0.08156066366447917, -0.018065460373836727, 0.1941612762981774, 0.0, -0.06978026865014385, -0.10070796734141474, -0.09423118454553556, 0.21615888533174651, 0.19910295667342648, 0.1451370987707878, 0.13465794172492537, 0.44123335381129647, 0.43169803183404926, 0.34596539539053517, 0.32584729197192325, 0.682551549961796, 0.6742640200290215, 0.5827013998496411, 0.5289445307313364], [0.4448759556455801, 0.0878994610906056, -0.011780395014335327, 0.051714808276307124, 0.2639415449483213, 0.06978026865014385, 0.0, -0.030927698691270863, -0.024450915895391726, 0.28593915398189035, 0.2688832253235702, 0.21491736742093162, 0.20443821037506918, 0.5110136224614403, 0.5014783004841932, 0.41574566404067914, 0.39562756062206694, 0.7523318186119401, 0.744044288679165, 0.6524816684997851, 0.5987247993814804], [0.4758036543368509, 0.11882715978187652, 0.019147303676935536, 0.08264250696757802, 0.29486924363959216, 0.10070796734141474, 0.030927698691270863, 0.0, 0.006476782795879119, 0.31686685267316134, 0.2998109240148411, 0.24584506611220264, 0.23536590906634, 0.541941321152711, 0.5324059991754644, 0.44667336273194974, 0.42655525931333804, 0.7832595173032106, 0.7749719873704359, 0.6834093671910556, 0.629652498072751], [0.469326871540972, 0.11235037698599737, 0.012670520881056411, 0.07616572417169888, 0.288392460843713, 0.09423118454553556, 0.024450915895391726, -0.006476782795879119, 0.0, 0.3103900698772821, 0.29333414121896195, 0.23936828331632348, 0.22888912627046104, 0.5354645383568317, 0.5259292163795849, 0.4401965799360709, 0.4200784765174588, 0.7767827345073315, 0.7684952045745567, 0.6769325843951768, 0.6231757152768721], [0.15893680166368962, -0.1980396928912849, -0.29771954899622566, -0.23422434570558334, -0.02199760903356916, -0.21615888533174651, -0.28593915398189035, -0.31686685267316134, -0.3103900698772821, 0.0, -0.017055928658320132, -0.07102178656095877, -0.08150094360682124, 0.22507446847954973, 0.21553914650230277, 0.12980651005878874, 0.1096884066401767, 0.4663926646300495, 0.4581051346972744, 0.36654251451789444, 0.31278564539958986], [0.17599273032200977, -0.18098376423296464, -0.28066362033790565, -0.2171684170472632, -0.0049416803752490085, -0.19910295667342648, -0.2688832253235702, -0.2998109240148411, -0.29333414121896195, 0.017055928658320132, 0.0, -0.053965857902638616, -0.0644450149485011, 0.2421303971378698, 0.23259507516062283, 0.14686243871710894, 0.12674433529849685, 0.4834485932883694, 0.47516106335559477, 0.3835984431762145, 0.3298415740579099], [0.22995858822464835, -0.12701790633032609, -0.22669776243526688, -0.16320255914462453, 0.04902417752738961, -0.1451370987707878, -0.21491736742093162, -0.24584506611220264, -0.23936828331632348, 0.07102178656095877, 0.053965857902638616, 0.0, -0.010479157045862482, 0.2960962550405085, 0.28656093306326147, 0.20082829661974755, 0.1807101932011355, 0.5374144511910081, 0.5291269212582336, 0.437564301078853, 0.38380743196054856], [0.24043774527051084, -0.11653874928446357, -0.21621860538940438, -0.15272340209876212, 0.05950333457325207, -0.13465794172492537, -0.20443821037506918, -0.23536590906634, -0.22888912627046104, 0.08150094360682124, 0.0644450149485011, 0.010479157045862482, 0.0, 0.30657541208637096, 0.29704009010912397, 0.2113074536656099, 0.19118935024699787, 0.5478936082368704, 0.5396060783040959, 0.4480434581247154, 0.3942865890064109], [-0.06613766681586013, -0.42311416137083424, -0.5227940174757756, -0.4592988141851329, -0.2470720775131188, -0.44123335381129647, -0.5110136224614403, -0.541941321152711, -0.5354645383568317, -0.22507446847954973, -0.2421303971378698, -0.2960962550405085, -0.30657541208637096, 0.0, -0.00953532197724702, -0.09526795842076095, -0.11538606183937303, 0.24131819615049957, 0.23303066621772486, 0.14146804603834462, 0.08771117692004], [-0.05660234483861311, -0.4135788393935874, -0.5132586954985285, -0.44976349220788586, -0.23753675553587175, -0.43169803183404926, -0.5014783004841932, -0.5324059991754644, -0.5259292163795849, -0.21553914650230277, -0.23259507516062283, -0.28656093306326147, -0.29704009010912397, 0.00953532197724702, 0.0, -0.08573263644351396, -0.10585073986212605, 0.25085351812774653, 0.2425659881949719, 0.15100336801559158, 0.09724649889728704], [0.029130291604900892, -0.3278462029500735, -0.4275260590550144, -0.36403085576437205, -0.15180411909235791, -0.34596539539053517, -0.41574566404067914, -0.44667336273194974, -0.4401965799360709, -0.12980651005878874, -0.14686243871710894, -0.20082829661974755, -0.2113074536656099, 0.09526795842076095, 0.08573263644351396, 0.0, -0.020118103418612046, 0.33658615457126045, 0.3282986246384857, 0.23673600445910567, 0.18297913534080107], [0.04924839502351293, -0.30772809953146146, -0.40740795563640225, -0.34391275234575985, -0.13168601567374585, -0.32584729197192325, -0.39562756062206694, -0.42655525931333804, -0.4200784765174588, -0.1096884066401767, -0.12674433529849685, -0.1807101932011355, -0.19118935024699787, 0.11538606183937303, 0.10585073986212605, 0.020118103418612046, 0.0, 0.3567042579898726, 0.3484167280570977, 0.25685410787771756, 0.2030972387594131], [-0.3074558629663597, -0.6644323575213342, -0.764112213626275, -0.7006170103356325, -0.48839027366361853, -0.682551549961796, -0.7523318186119401, -0.7832595173032106, -0.7767827345073315, -0.4663926646300495, -0.4834485932883694, -0.5374144511910081, -0.5478936082368704, -0.24131819615049957, -0.25085351812774653, -0.33658615457126045, -0.3567042579898726, 0.0, -0.008287529932774785, -0.09985015011215508, -0.15360701923045955], [-0.29916833303358487, -0.6561448275885593, -0.7558246836935001, -0.6923294804028584, -0.4801027437308437, -0.6742640200290215, -0.744044288679165, -0.7749719873704359, -0.7684952045745567, -0.4581051346972744, -0.47516106335559477, -0.5291269212582336, -0.5396060783040959, -0.23303066621772486, -0.2425659881949719, -0.3282986246384857, -0.3484167280570977, 0.008287529932774785, 0.0, -0.0915626201793802, -0.14531948929768482], [-0.20760571285420476, -0.5645822074091793, -0.6642620635141201, -0.6007668602234777, -0.38854012355146345, -0.5827013998496411, -0.6524816684997851, -0.6834093671910556, -0.6769325843951768, -0.36654251451789444, -0.3835984431762145, -0.437564301078853, -0.4480434581247154, -0.14146804603834462, -0.15100336801559158, -0.23673600445910567, -0.25685410787771756, 0.09985015011215508, 0.0915626201793802, 0.0, -0.053756869118304546], [-0.15384884373590016, -0.5108253382908746, -0.6105051943958155, -0.5470099911051733, -0.334783254433159, -0.5289445307313364, -0.5987247993814804, -0.629652498072751, -0.6231757152768721, -0.31278564539958986, -0.3298415740579099, -0.38380743196054856, -0.3942865890064109, -0.08771117692004, -0.09724649889728704, -0.18297913534080107, -0.2030972387594131, 0.15360701923045955, 0.14531948929768482, 0.053756869118304546, 0.0]], [[0.0, 0.3165907393029551, 0.6816154288533625, 0.9787223598463975, 1.065144106977442, 0.9633845839449652, 1.2967552871016699, 1.1895976227011225, 1.0245758213630636, 0.9871276170380219, 1.3174879710526874, 1.1515921504431657, 0.9536206431024802, 0.9652550702402074, 1.2938047799557213, 1.1324693212031585, 0.9217711564763529, 0.9072527345381539, 1.1818293982397607, 1.0876296836533716, 0.9199185060662372], [-0.3165907393029551, 0.0, 0.3650246895504072, 0.6621316205434424, 0.7485533676744877, 0.64679384464201, 0.9801645477987144, 0.8730068833981671, 0.7079850820601081, 0.670536877735067, 1.0008972317497322, 0.8350014111402104, 0.6370299037995255, 0.6486643309372521, 0.9772140406527664, 0.8158785819002035, 0.6051804171733978, 0.5906619952351982, 0.8652386589368054, 0.7710389443504164, 0.603327766763282], [-0.6816154288533625, -0.3650246895504072, 0.0, 0.29710693099303515, 0.3835286781240801, 0.28176915509160283, 0.6151398582483075, 0.5079821938477597, 0.3429603925097009, 0.3055121881846595, 0.6358725421993251, 0.4699767215898033, 0.27200521424911783, 0.28363964138684505, 0.6121893511023592, 0.45085389234979617, 0.24015572762299073, 0.22563730568479148, 0.5002139693863988, 0.4060142548000094, 0.23830307721287503], [-0.9787223598463975, -0.6621316205434424, -0.29710693099303515, 0.0, 0.08642174713104481, -0.015337775901432276, 0.3180329272552722, 0.2108752628547246, 0.04585346151666579, 0.008405257191624304, 0.33876561120629006, 0.17286979059676802, -0.025101716743917292, -0.013467289606190225, 0.31508242010932386, 0.15374696135676105, -0.05695120337004455, -0.07146962530824369, 0.2031070383933634, 0.10890732380697417, -0.05880385378016025], [-1.065144106977442, -0.7485533676744877, -0.3835286781240801, -0.08642174713104481, 0.0, -0.1017595230324771, 0.2316111801242273, 0.12445351572367977, -0.04056828561437901, -0.07801648993942051, 0.2523438640752451, 0.08644804346572321, -0.11152346387496218, -0.09988903673723508, 0.22866067297827913, 0.06732521422571619, -0.14337295050108934, -0.15789137243928847, 0.11668529126231869, 0.022485576675929354, -0.14522560091120507], [-0.9633845839449652, -0.64679384464201, -0.28176915509160283, 0.015337775901432276, 0.1017595230324771, 0.0, 0.33337070315670436, 0.22621303875615698, 0.061191237418098086, 0.023743033093056583, 0.35410338710772216, 0.1882075664982002, -0.009763940842485013, 0.001870486295242055, 0.3304201960107563, 0.1690847372581933, -0.04161342746861228, -0.0561318494068114, 0.21844481429479573, 0.1242450997084064, -0.04346607787872798], [-1.2967552871016699, -0.9801645477987144, -0.6151398582483075, -0.3180329272552722, -0.2316111801242273, -0.33337070315670436, 0.0, -0.10715766440054754, -0.27217946573860635, -0.30962767006364783, 0.020732683951017815, -0.1451631366585042, -0.34313464399918947, -0.3315002168614624, -0.0029505071459481613, -0.1642859658985112, -0.3749841306253169, -0.3895025525635156, -0.1149258888619087, -0.20912560344829806, -0.3768367810354324], [-1.1895976227011225, -0.8730068833981671, -0.5079821938477597, -0.2108752628547246, -0.12445351572367977, -0.22621303875615698, 0.10715766440054754, 0.0, -0.1650218013380588, -0.2024700056631003, 0.12789034835156535, -0.03800547225795665, -0.23597697959864192, -0.224342552460915, 0.10420715725459936, -0.05712830149796362, -0.26782646622476913, -0.2823448881629684, -0.0077682244613611505, -0.10196793904775048, -0.2696791166348849], [-1.0245758213630636, -0.7079850820601081, -0.3429603925097009, -0.04585346151666579, 0.04056828561437901, -0.061191237418098086, 0.27217946573860635, 0.1650218013380588, 0.0, -0.037448204325041486, 0.29291214968962426, 0.12701632908010216, -0.07095517826058309, -0.05932075112285602, 0.2692289585926583, 0.1078934998400952, -0.10280466488671029, -0.11732308682490947, 0.15725357687669766, 0.06305386229030839, -0.10465731529682605], [-0.9871276170380219, -0.670536877735067, -0.3055121881846595, -0.008405257191624304, 0.07801648993942051, -0.023743033093056583, 0.30962767006364783, 0.2024700056631003, 0.037448204325041486, 0.0, 0.3303603540146658, 0.1644645334051437, -0.03350697393554159, -0.021872546797814522, 0.3066771629176996, 0.14534170416513675, -0.06535646056166883, -0.07987488249986799, 0.19470178120173923, 0.10050206661534983, -0.06720911097178456], [-1.3174879710526874, -1.0008972317497322, -0.6358725421993251, -0.33876561120629006, -0.2523438640752451, -0.35410338710772216, -0.020732683951017815, -0.12789034835156535, -0.29291214968962426, -0.3303603540146658, 0.0, -0.16589582060952207, -0.3638673279502073, -0.35223290081248027, -0.023683191096965987, -0.18501864984952907, -0.3957168145763346, -0.41023523651453375, -0.13565857281292648, -0.22985828739931577, -0.39756946498645], [-1.1515921504431657, -0.8350014111402104, -0.4699767215898033, -0.17286979059676802, -0.08644804346572321, -0.1882075664982002, 0.1451631366585042, 0.03800547225795665, -0.12701632908010216, -0.1644645334051437, 0.16589582060952207, 0.0, -0.19797150734068533, -0.18633708020295828, 0.142212629512556, -0.019122829240006987, -0.22982099396681263, -0.24433941590501168, 0.030237247796595503, -0.06396246678979382, -0.23167364437692814], [-0.9536206431024802, -0.6370299037995255, -0.27200521424911783, 0.025101716743917292, 0.11152346387496218, 0.009763940842485013, 0.34313464399918947, 0.23597697959864192, 0.07095517826058309, 0.03350697393554159, 0.3638673279502073, 0.19797150734068533, 0.0, 0.01163442713772707, 0.3401841368532414, 0.1788486781006783, -0.03184948662612725, -0.04636790856432639, 0.22820875513728078, 0.13400904055089147, -0.03370213703624295], [-0.9652550702402074, -0.6486643309372521, -0.28363964138684505, 0.013467289606190225, 0.09988903673723508, -0.001870486295242055, 0.3315002168614624, 0.224342552460915, 0.05932075112285602, 0.021872546797814522, 0.35223290081248027, 0.18633708020295828, -0.01163442713772707, 0.0, 0.3285497097155142, 0.16721425096295126, -0.04348391376385434, -0.05800233570205344, 0.21657432799955367, 0.12237461341316438, -0.04533656417397002], [-1.2938047799557213, -0.9772140406527664, -0.6121893511023592, -0.31508242010932386, -0.22866067297827913, -0.3304201960107563, 0.0029505071459481613, -0.10420715725459936, -0.2692289585926583, -0.3066771629176996, 0.023683191096965987, -0.142212629512556, -0.3401841368532414, -0.3285497097155142, 0.0, -0.16133545875256303, -0.3720336234793687, -0.3865520454175676, -0.11197538171596053, -0.20617509630234987, -0.37388627388948437], [-1.1324693212031585, -0.8158785819002035, -0.45085389234979617, -0.15374696135676105, -0.06732521422571619, -0.1690847372581933, 0.1642859658985112, 0.05712830149796362, -0.1078934998400952, -0.14534170416513675, 0.18501864984952907, 0.019122829240006987, -0.1788486781006783, -0.16721425096295126, 0.16133545875256303, 0.0, -0.2106981647268055, -0.2252165866650046, 0.049360077036602494, -0.044839637549786836, -0.21255081513692123], [-0.9217711564763529, -0.6051804171733978, -0.24015572762299073, 0.05695120337004455, 0.14337295050108934, 0.04161342746861228, 0.3749841306253169, 0.26782646622476913, 0.10280466488671029, 0.06535646056166883, 0.3957168145763346, 0.22982099396681263, 0.03184948662612725, 0.04348391376385434, 0.3720336234793687, 0.2106981647268055, 0.0, -0.014518421938199128, 0.260058241763408, 0.16585852717701868, -0.0018526504101157055], [-0.9072527345381539, -0.5906619952351982, -0.22563730568479148, 0.07146962530824369, 0.15789137243928847, 0.0561318494068114, 0.3895025525635156, 0.2823448881629684, 0.11732308682490947, 0.07987488249986799, 0.41023523651453375, 0.24433941590501168, 0.04636790856432639, 0.05800233570205344, 0.3865520454175676, 0.2252165866650046, 0.014518421938199128, 0.0, 0.2745766637016071, 0.1803769491152179, 0.012665771528083427], [-1.1818293982397607, -0.8652386589368054, -0.5002139693863988, -0.2031070383933634, -0.11668529126231869, -0.21844481429479573, 0.1149258888619087, 0.0077682244613611505, -0.15725357687669766, -0.19470178120173923, 0.13565857281292648, -0.030237247796595503, -0.22820875513728078, -0.21657432799955367, 0.11197538171596053, -0.049360077036602494, -0.260058241763408, -0.2745766637016071, 0.0, -0.09419971458638933, -0.26191089217352365], [-1.0876296836533716, -0.7710389443504164, -0.4060142548000094, -0.10890732380697417, -0.022485576675929354, -0.1242450997084064, 0.20912560344829806, 0.10196793904775048, -0.06305386229030839, -0.10050206661534983, 0.22985828739931577, 0.06396246678979382, -0.13400904055089147, -0.12237461341316438, 0.20617509630234987, 0.044839637549786836, -0.16585852717701868, -0.1803769491152179, 0.09419971458638933, 0.0, -0.16771117758713433], [-0.9199185060662372, -0.603327766763282, -0.23830307721287503, 0.05880385378016025, 0.14522560091120507, 0.04346607787872798, 0.3768367810354324, 0.2696791166348849, 0.10465731529682605, 0.06720911097178456, 0.39756946498645, 0.23167364437692814, 0.03370213703624295, 0.04533656417397002, 0.37388627388948437, 0.21255081513692123, 0.0018526504101157055, -0.012665771528083427, 0.26191089217352365, 0.16771117758713433, 0.0]]]