[[[0.0, -0.405149648813389, -0.48051071164770964, -0.4954818319623299, -0.42975026436552005, -0.29887290740628003, -0.4067103905401549, -0.4589009415658509, -0.44589745015856663, -0.08600800623315642, -0.183280252776926, -0.2358686701945788, -0.21480416468067862, 0.13383701385407873, 0.045976231766483355, -0.03936251113969005, -0.0325121951876804, 0.3847531906975377, 0.28408256897461687, 0.1864804690097762, 0.15366551341355342], [0.405149648813389, 0.0, -0.07536106283432048, -0.09033218314894093, -0.024600615552130774, 0.10627674140710877, -0.0015607417267658593, -0.05375129275246188, -0.04074780134517761, 0.31914164258023264, 0.22186939603646305, 0.1692809786188102, 0.19034548413271046, 0.5389866626674675, 0.4511258805798724, 0.3657871376736989, 0.37263745362570866, 0.7899028395109263, 0.6892322177880057, 0.591630117823165, 0.5588151622269425], [0.48051071164770964, 0.07536106283432048, 0.0, -0.014971120314620405, 0.050760447282189716, 0.1816378042414292, 0.07380032110755465, 0.021609770081858604, 0.03461326148914288, 0.3945027054145531, 0.2972304588707835, 0.24464204145313068, 0.265706546967031, 0.6143477255017882, 0.5264869434141929, 0.44114820050801934, 0.4479985164600291, 0.8652639023452471, 0.7645932806223267, 0.6669911806574857, 0.6341762250612628], [0.4954818319623299, 0.09033218314894093, 0.014971120314620405, 0.0, 0.06573156759681015, 0.19660892455604972, 0.08877144142217502, 0.03658089039647903, 0.04958438180376328, 0.4094738257291733, 0.3122015791854038, 0.2596131617677512, 0.28067766728165133, 0.6293188458164088, 0.5414580637288133, 0.4561193208226401, 0.4629696367746494, 0.8802350226598677, 0.7795644009369469, 0.6819623009721062, 0.6491473453758833], [0.42975026436552005, 0.024600615552130774, -0.050760447282189716, -0.06573156759681015, 0.0, 0.13087735695923958, 0.023039873825364918, -0.029150677200331102, -0.016147185793046838, 0.3437422581323635, 0.24647001158859375, 0.19388159417094109, 0.21494609968484127, 0.5635872782195984, 0.47572649613200324, 0.3903877532258297, 0.39723806917783927, 0.8145034550630577, 0.7138328333401366, 0.6162307333752962, 0.5834157777790734], [0.29887290740628003, -0.10627674140710877, -0.1816378042414292, -0.19660892455604972, -0.13087735695923958, 0.0, -0.10783748313387469, -0.1600280341595707, -0.14702454275228638, 0.2128649011731239, 0.11559265462935418, 0.06300423721170144, 0.08406874272560166, 0.43270992126035906, 0.3448491391727635, 0.2595103962665901, 0.26636071221859975, 0.6836260981038178, 0.582955476380897, 0.4853533764160564, 0.4525384208198337], [0.4067103905401549, 0.0015607417267658593, -0.07380032110755465, -0.08877144142217502, -0.023039873825364918, 0.10783748313387469, 0.0, -0.05219055102569599, -0.03918705961841176, 0.3207023843069984, 0.22343013776322887, 0.1708417203455761, 0.19190622585947636, 0.5405474043942335, 0.4526866223066381, 0.3673478794004648, 0.37419819535247456, 0.7914635812376928, 0.690792959514772, 0.5931908595499312, 0.5603759039537084], [0.4589009415658509, 0.05375129275246188, -0.021609770081858604, -0.03658089039647903, 0.029150677200331102, 0.1600280341595707, 0.05219055102569599, 0.0, 0.013003491407284266, 0.3728929353326944, 0.2756206887889247, 0.22303227137127216, 0.24409677688517242, 0.5927379554199298, 0.5048771733323343, 0.4195384304261609, 0.4263887463781705, 0.8436541322633889, 0.7429835105404677, 0.6453814105756269, 0.6125664549794045], [0.44589745015856663, 0.04074780134517761, -0.03461326148914288, -0.04958438180376328, 0.016147185793046838, 0.14702454275228638, 0.03918705961841176, -0.013003491407284266, 0.0, 0.35988944392541017, 0.2626171973816406, 0.2100287799639878, 0.2310932854778882, 0.5797344640126455, 0.49187368192505004, 0.4065349390188765, 0.41338525497088624, 0.8306506408561043, 0.7299800191331837, 0.6323779191683429, 0.59956296357212], [0.08600800623315642, -0.31914164258023264, -0.3945027054145531, -0.4094738257291733, -0.3437422581323635, -0.2128649011731239, -0.3207023843069984, -0.3728929353326944, -0.35988944392541017, 0.0, -0.09727224654376958, -0.14986066396142234, -0.12879615844752215, 0.2198450200872352, 0.13198423799963985, 0.04664549509346639, 0.053495811045476065, 0.47076119693069407, 0.37009057520777355, 0.2724884752429325, 0.23967351964670988], [0.183280252776926, -0.22186939603646305, -0.2972304588707835, -0.3122015791854038, -0.24647001158859375, -0.11559265462935418, -0.22343013776322887, -0.2756206887889247, -0.2626171973816406, 0.09727224654376958, 0.0, -0.052588417417652716, -0.03152391190375252, 0.31711726663100476, 0.22925648454340947, 0.14391774163723603, 0.15076805758924564, 0.5680334434744636, 0.46736282175154287, 0.3697607217867024, 0.33694576619047967], [0.2358686701945788, -0.1692809786188102, -0.24464204145313068, -0.2596131617677512, -0.19388159417094109, -0.06300423721170144, -0.1708417203455761, -0.22303227137127216, -0.2100287799639878, 0.14986066396142234, 0.052588417417652716, 0.0, 0.02106450551390022, 0.3697056840486576, 0.28184490196106204, 0.1965061590548888, 0.2033564750068984, 0.6206218608921165, 0.5199512391691957, 0.4223491392043549, 0.38953418360813247], [0.21480416468067862, -0.19034548413271046, -0.265706546967031, -0.28067766728165133, -0.21494609968484127, -0.08406874272560166, -0.19190622585947636, -0.24409677688517242, -0.2310932854778882, 0.12879615844752215, 0.03152391190375252, -0.02106450551390022, 0.0, 0.34864117853475735, 0.260780396447162, 0.17544165354098853, 0.1822919694929982, 0.5995573553782164, 0.4988867336552956, 0.40128463369045475, 0.36846967809423214], [-0.13383701385407873, -0.5389866626674675, -0.6143477255017882, -0.6293188458164088, -0.5635872782195984, -0.43270992126035906, -0.5405474043942335, -0.5927379554199298, -0.5797344640126455, -0.2198450200872352, -0.31711726663100476, -0.3697056840486576, -0.34864117853475735, 0.0, -0.08786078208759535, -0.17319952499376878, -0.1663492090417591, 0.250916176843459, 0.1502455551205381, 0.05264345515569747, 0.019828499559474744], [-0.045976231766483355, -0.4511258805798724, -0.5264869434141929, -0.5414580637288133, -0.47572649613200324, -0.3448491391727635, -0.4526866223066381, -0.5048771733323343, -0.49187368192505004, -0.13198423799963985, -0.22925648454340947, -0.28184490196106204, -0.260780396447162, 0.08786078208759535, 0.0, -0.08533874290617342, -0.07848842695416375, 0.3387769589310544, 0.2381063372081336, 0.14050423724329283, 0.10768928164707013], [0.03936251113969005, -0.3657871376736989, -0.44114820050801934, -0.4561193208226401, -0.3903877532258297, -0.2595103962665901, -0.3673478794004648, -0.4195384304261609, -0.4065349390188765, -0.04664549509346639, -0.14391774163723603, -0.1965061590548888, -0.17544165354098853, 0.17319952499376878, 0.08533874290617342, 0.0, 0.006850315952009665, 0.4241157018372277, 0.32344508011430684, 0.2258429801494663, 0.19302802455324353], [0.0325121951876804, -0.37263745362570866, -0.4479985164600291, -0.4629696367746494, -0.39723806917783927, -0.26636071221859975, -0.37419819535247456, -0.4263887463781705, -0.41338525497088624, -0.053495811045476065, -0.15076805758924564, -0.2033564750068984, -0.1822919694929982, 0.1663492090417591, 0.07848842695416375, -0.006850315952009665, 0.0, 0.4172653858852183, 0.3165947641622972, 0.21899266419745658, 0.1861777086012339], [-0.3847531906975377, -0.7899028395109263, -0.8652639023452471, -0.8802350226598677, -0.8145034550630577, -0.6836260981038178, -0.7914635812376928, -0.8436541322633889, -0.8306506408561043, -0.47076119693069407, -0.5680334434744636, -0.6206218608921165, -0.5995573553782164, -0.250916176843459, -0.3387769589310544, -0.4241157018372277, -0.4172653858852183, 0.0, -0.10067062172292086, -0.1982727216877616, -0.23108767728398422], [-0.28408256897461687, -0.6892322177880057, -0.7645932806223267, -0.7795644009369469, -0.7138328333401366, -0.582955476380897, -0.690792959514772, -0.7429835105404677, -0.7299800191331837, -0.37009057520777355, -0.46736282175154287, -0.5199512391691957, -0.4988867336552956, -0.1502455551205381, -0.2381063372081336, -0.32344508011430684, -0.3165947641622972, 0.10067062172292086, 0.0, -0.09760209996484066, -0.13041705556106345], [-0.1864804690097762, -0.591630117823165, -0.6669911806574857, -0.6819623009721062, -0.6162307333752962, -0.4853533764160564, -0.5931908595499312, -0.6453814105756269, -0.6323779191683429, -0.2724884752429325, -0.3697607217867024, -0.4223491392043549, -0.40128463369045475, -0.05264345515569747, -0.14050423724329283, -0.2258429801494663, -0.21899266419745658, 0.1982727216877616, 0.09760209996484066, 0.0, -0.032814955596222724], [-0.15366551341355342, -0.5588151622269425, -0.6341762250612628, -0.6491473453758833, -0.5834157777790734, -0.4525384208198337, -0.5603759039537084, -0.6125664549794045, -0.59956296357212, -0.23967351964670988, -0.33694576619047967, -0.38953418360813247, -0.36846967809423214, -0.019828499559474744, -0.10768928164707013, -0.19302802455324353, -0.1861777086012339, 0.23108767728398422, 0.13041705556106345, 0.032814955596222724, 0.0]], [[0.0, 0.3703212011106536, 0.769270386713528, 1.0856105363236608, 1.298645157320295, 0.985910217045772, 1.3122133629705635, 1.15914943597459, 1.0122983009083988, 0.9958124033778732, 1.3330477090594075, 1.1002907461259763, 0.9087642987033973, 0.9779149691985328, 1.3025974853385935, 1.0584223094077136, 0.8632325850709677, 0.9277366428798723, 1.19281602893787, 1.0311581537359706, 0.8673203502471958], [-0.3703212011106536, 0.0, 0.39894918560287446, 0.7152893352130075, 0.9283239562096418, 0.6155890159351187, 0.9418921618599101, 0.7888282348639362, 0.6419770997977452, 0.6254912022672194, 0.9627265079487534, 0.7299695450153226, 0.5384430975927438, 0.6075937680878793, 0.9322762842279397, 0.6881011082970606, 0.49291138396031386, 0.5574154417692188, 0.8224948278272162, 0.6608369526253172, 0.4969991491365427], [-0.769270386713528, -0.39894918560287446, 0.0, 0.31634014961013324, 0.5293747706067675, 0.2166398303322442, 0.5429429762570357, 0.389879049261062, 0.2430279141948709, 0.2265420166643451, 0.5637773223458783, 0.3310203594124483, 0.13949391198986938, 0.20864458248500506, 0.5333270986250658, 0.2891519226941861, 0.09396219835743973, 0.15846625616634472, 0.42354564222434227, 0.2618877670224428, 0.09804996353366834], [-1.0856105363236608, -0.7152893352130075, -0.31634014961013324, 0.0, 0.21303462099663417, -0.09970031927788911, 0.2266028266469024, 0.07353889965092866, -0.07331223541526234, -0.08979813294578803, 0.24743717273574525, 0.014680209802315079, -0.17684623762026383, -0.10769556712512822, 0.2169869490149323, -0.027188226915947224, -0.22237795125269358, -0.1578738934437885, 0.10720549261420881, -0.05445238258769037, -0.218290186076465], [-1.298645157320295, -0.9283239562096418, -0.5293747706067675, -0.21303462099663417, 0.0, -0.31273494027452314, 0.013568205650268355, -0.1394957213457054, -0.2863468564118965, -0.30283275394242204, 0.034402551739111206, -0.19835441119431907, -0.38988085861689803, -0.3207301881217621, 0.003952328018298255, -0.24022284791258117, -0.43541257224932756, -0.3709085144404227, -0.10582912838242521, -0.2674870035843244, -0.43132480707309895], [-0.985910217045772, -0.6155890159351187, -0.2166398303322442, 0.09970031927788911, 0.31273494027452314, 0.0, 0.3263031459247914, 0.17323921892881775, 0.026388083862626713, 0.009902186332101019, 0.34713749201363425, 0.11438052908020407, -0.07714591834237487, -0.007995247847239146, 0.31668726829282123, 0.07251209236194182, -0.12267763197480454, -0.058173574165899515, 0.20690581189209792, 0.045247936690198685, -0.11858986679857587], [-1.3122133629705635, -0.9418921618599101, -0.5429429762570357, -0.2266028266469024, -0.013568205650268355, -0.3263031459247914, 0.0, -0.15306392699597376, -0.2999150620621646, -0.3164009595926905, 0.020834346088842843, -0.21192261684458732, -0.40344906426716626, -0.3342983937720306, -0.009615877631970115, -0.2537910535628496, -0.448980777899596, -0.3844767200906911, -0.11939733403269356, -0.2810552092345929, -0.4448930127233674], [-1.15914943597459, -0.7888282348639362, -0.389879049261062, -0.07353889965092866, 0.1394957213457054, -0.17323921892881775, 0.15306392699597376, 0.0, -0.146851135066191, -0.1633370325967167, 0.1738982730848166, -0.05885868984861358, -0.2503851372711925, -0.1812344667760568, 0.14344804936400363, -0.1007271265668759, -0.2959168509036222, -0.2314127930947171, 0.0336665929632802, -0.12799128223861903, -0.2918290857273935], [-1.0122983009083988, -0.6419770997977452, -0.2430279141948709, 0.07331223541526234, 0.2863468564118965, -0.026388083862626713, 0.2999150620621646, 0.146851135066191, 0.0, -0.016485897530525706, 0.3207494081510076, 0.08799244521757743, -0.10353400220500156, -0.03438333170986587, 0.2902991844301947, 0.04612400849931511, -0.1490657158374313, -0.08456165802852621, 0.1805177280294712, 0.018859852827571966, -0.14497795066120264], [-0.9958124033778732, -0.6254912022672194, -0.2265420166643451, 0.08979813294578803, 0.30283275394242204, -0.009902186332101019, 0.3164009595926905, 0.1633370325967167, 0.016485897530525706, 0.0, 0.3372353056815333, 0.10447834274810314, -0.08704810467447587, -0.017897434179340168, 0.30678508196072035, 0.06260990602984083, -0.1325798183069056, -0.06807576049800051, 0.19700362555999684, 0.03534575035809768, -0.12849205313067685], [-1.3330477090594075, -0.9627265079487534, -0.5637773223458783, -0.24743717273574525, -0.034402551739111206, -0.34713749201363425, -0.020834346088842843, -0.1738982730848166, -0.3207494081510076, -0.3372353056815333, 0.0, -0.23275696293343032, -0.42428341035600936, -0.35513273986087346, -0.030450223720812963, -0.2746253996516924, -0.4698151239884388, -0.40531106617953383, -0.14023168012153645, -0.3018895553234356, -0.4657273588122103], [-1.1002907461259763, -0.7299695450153226, -0.3310203594124483, -0.014680209802315079, 0.19835441119431907, -0.11438052908020407, 0.21192261684458732, 0.05885868984861358, -0.08799244521757743, -0.10447834274810314, 0.23275696293343032, 0.0, -0.19152644742257902, -0.12237577692744334, 0.20230673921261733, -0.04186843671826228, -0.23705816105500865, -0.17255410324610362, 0.09252528281189377, -0.06913259239000545, -0.23297039587878], [-0.9087642987033973, -0.5384430975927438, -0.13949391198986938, 0.17684623762026383, 0.38988085861689803, 0.07714591834237487, 0.40344906426716626, 0.2503851372711925, 0.10353400220500156, 0.08704810467447587, 0.42428341035600936, 0.19152644742257902, 0.0, 0.06915067049513574, 0.3938331866351962, 0.14965801070431675, -0.0455317136324297, 0.018972344176475354, 0.28405173023447267, 0.12239385503257358, -0.04144394845620106], [-0.9779149691985328, -0.6075937680878793, -0.20864458248500506, 0.10769556712512822, 0.3207301881217621, 0.007995247847239146, 0.3342983937720306, 0.1812344667760568, 0.03438333170986587, 0.017897434179340168, 0.35513273986087346, 0.12237577692744334, -0.06915067049513574, 0.0, 0.32468251614006044, 0.08050734020918097, -0.11468238412756543, -0.050178326318660364, 0.21490105973933693, 0.05324318453743783, -0.11059461895133677], [-1.3025974853385935, -0.9322762842279397, -0.5333270986250658, -0.2169869490149323, -0.003952328018298255, -0.31668726829282123, 0.009615877631970115, -0.14344804936400363, -0.2902991844301947, -0.30678508196072035, 0.030450223720812963, -0.20230673921261733, -0.3938331866351962, -0.32468251614006044, 0.0, -0.24417517593087948, -0.439364900267626, -0.37486084245872076, -0.10978145640072348, -0.27143933160262257, -0.43527713509139737], [-1.0584223094077136, -0.6881011082970606, -0.2891519226941861, 0.027188226915947224, 0.24022284791258117, -0.07251209236194182, 0.2537910535628496, 0.1007271265668759, -0.04612400849931511, -0.06260990602984083, 0.2746253996516924, 0.04186843671826228, -0.14965801070431675, -0.08050734020918097, 0.24417517593087948, 0.0, -0.19518972433674645, -0.1306856665278414, 0.13439371953015603, -0.02726415567174316, -0.19110195916051773], [-0.8632325850709677, -0.49291138396031386, -0.09396219835743973, 0.22237795125269358, 0.43541257224932756, 0.12267763197480454, 0.448980777899596, 0.2959168509036222, 0.1490657158374313, 0.1325798183069056, 0.4698151239884388, 0.23705816105500865, 0.0455317136324297, 0.11468238412756543, 0.439364900267626, 0.19518972433674645, 0.0, 0.06450405780890502, 0.3295834438669025, 0.1679255686650033, 0.00408776517622866], [-0.9277366428798723, -0.5574154417692188, -0.15846625616634472, 0.1578738934437885, 0.3709085144404227, 0.058173574165899515, 0.3844767200906911, 0.2314127930947171, 0.08456165802852621, 0.06807576049800051, 0.40531106617953383, 0.17255410324610362, -0.018972344176475354, 0.050178326318660364, 0.37486084245872076, 0.1306856665278414, -0.06450405780890502, 0.0, 0.2650793860579974, 0.10342151085609817, -0.060416292632676345], [-1.19281602893787, -0.8224948278272162, -0.42354564222434227, -0.10720549261420881, 0.10582912838242521, -0.20690581189209792, 0.11939733403269356, -0.0336665929632802, -0.1805177280294712, -0.19700362555999684, 0.14023168012153645, -0.09252528281189377, -0.28405173023447267, -0.21490105973933693, 0.10978145640072348, -0.13439371953015603, -0.3295834438669025, -0.2650793860579974, 0.0, -0.1616578752018992, -0.32549567869067375], [-1.0311581537359706, -0.6608369526253172, -0.2618877670224428, 0.05445238258769037, 0.2674870035843244, -0.045247936690198685, 0.2810552092345929, 0.12799128223861903, -0.018859852827571966, -0.03534575035809768, 0.3018895553234356, 0.06913259239000545, -0.12239385503257358, -0.05324318453743783, 0.27143933160262257, 0.02726415567174316, -0.1679255686650033, -0.10342151085609817, 0.1616578752018992, 0.0, -0.16383780348877458], [-0.8673203502471958, -0.4969991491365427, -0.09804996353366834, 0.218290186076465, 0.43132480707309895, 0.11858986679857587, 0.4448930127233674, 0.2918290857273935, 0.14497795066120264, 0.12849205313067685, 0.4657273588122103, 0.23297039587878, 0.04144394845620106, 0.11059461895133677, 0.43527713509139737, 0.19110195916051773, -0.00408776517622866, 0.060416292632676345, 0.32549567869067375, 0.16383780348877458, 0.0]]]