[[[0.0, -0.45170591556150547, -0.7339364865531993, -0.8993686477169749, -1.0570146117099493, -0.30125732703231195, -0.41303760184559335, -0.47498848689515605, -0.5270911030191245, -0.0023547735075338445, 0.04231234305859303, 0.04973723334956429, 0.061219203659398064, 0.25298078886703046, 0.3751830224631513, 0.4450601177983383, 0.5037291787777085, 0.474238072672041, 0.6895893463228391, 0.851404818986215, 0.9949323793999311], [0.45170591556150547, 0.0, -0.2822305709916942, -0.4476627321554693, -0.6053086961484437, 0.15044858852919377, 0.03866831371591236, -0.023282571333650713, -0.07538518745761917, 0.44935114205397186, 0.4940182586200986, 0.5014431489110699, 0.5129251192209036, 0.7046867044285358, 0.826888938024657, 0.8967660333598441, 0.9554350943392141, 0.9259439882335464, 1.1412952618843446, 1.3031107345477204, 1.4466382949614356], [0.7339364865531993, 0.2822305709916942, 0.0, -0.1654321611637752, -0.32307812515674944, 0.43267915952088787, 0.3208988847076064, 0.2589479996580434, 0.20684538353407497, 0.7315817130456657, 0.7762488296117931, 0.7836737199027639, 0.795155690212598, 0.9869172754202298, 1.109119509016351, 1.1789966043515379, 1.2376656653309082, 1.2081745592252409, 1.4235258328760383, 1.5853413055394157, 1.7288688659531295], [0.8993686477169749, 0.4476627321554693, 0.1654321611637752, 0.0, -0.15764596399297442, 0.5981113206846629, 0.4863310458713817, 0.4243801608218187, 0.3722775446978501, 0.8970138742094411, 0.9416809907755683, 0.949105881066539, 0.9605878513763731, 1.1523494365840055, 1.2745516701801258, 1.3444287655153133, 1.4030978264946834, 1.3736067203890157, 1.5889579940398146, 1.750773466703191, 1.8943010271169058], [1.0570146117099493, 0.6053086961484437, 0.32307812515674944, 0.15764596399297442, 0.0, 0.7557572846776371, 0.6439770098643559, 0.5820261248147929, 0.5299235086908248, 1.0546598382024157, 1.099326954768542, 1.106751845059514, 1.1182338153693472, 1.3099954005769794, 1.4321976341731004, 1.5020747295082872, 1.5607437904876573, 1.5312526843819902, 1.7466039580327886, 1.9084194306961648, 2.0519469911098787], [0.30125732703231195, -0.15044858852919377, -0.43267915952088787, -0.5981113206846629, -0.7557572846776371, 0.0, -0.11178027481328144, -0.1737311598628444, -0.22583377598681312, 0.29890255352477785, 0.34356967009090483, 0.3509945603818761, 0.3624765306917098, 0.5542381158993425, 0.6764403494954634, 0.7463174448306501, 0.80498650581002, 0.7754953997043523, 0.9908466733551505, 1.1526621460185262, 1.2961897064322423], [0.41303760184559335, -0.03866831371591236, -0.3208988847076064, -0.4863310458713817, -0.6439770098643559, 0.11178027481328144, 0.0, -0.06195088504956308, -0.11405350117353157, 0.41068282833805936, 0.45534994490418634, 0.4627748351951576, 0.4742568055049912, 0.6660183907126236, 0.7882206243087448, 0.8580977196439313, 0.9167667806233015, 0.8872756745176342, 1.102626948168432, 1.2644424208318084, 1.407969981245524], [0.47498848689515605, 0.023282571333650713, -0.2589479996580434, -0.4243801608218187, -0.5820261248147929, 0.1737311598628444, 0.06195088504956308, 0.0, -0.052102616123968486, 0.47263371338762233, 0.5173008299537496, 0.5247257202447206, 0.5362076905545544, 0.7279692757621866, 0.8501715093583077, 0.9200486046934944, 0.978717665672865, 0.9492265595671975, 1.1645778332179957, 1.3263933058813708, 1.4699208662950876], [0.5270911030191245, 0.07538518745761917, -0.20684538353407497, -0.3722775446978501, -0.5299235086908248, 0.22583377598681312, 0.11405350117353157, 0.052102616123968486, 0.0, 0.524736329511591, 0.5694034460777178, 0.5768283363686892, 0.5883103066785228, 0.7800718918861557, 0.902274125482276, 0.972151220817463, 1.0308202817968337, 1.001329175691165, 1.2166804493419638, 1.3784959220053392, 1.5220234824190553], [0.0023547735075338445, -0.44935114205397186, -0.7315817130456657, -0.8970138742094411, -1.0546598382024157, -0.29890255352477785, -0.41068282833805936, -0.47263371338762233, -0.524736329511591, 0.0, 0.04466711656612688, 0.052092006857098125, 0.06357397716693192, 0.2553355623745644, 0.3775377959706852, 0.44741489130587225, 0.5060839522852421, 0.4765928461795747, 0.691944119830373, 0.8537595924937488, 0.9972871529074644], [-0.04231234305859303, -0.4940182586200986, -0.7762488296117931, -0.9416809907755683, -1.099326954768542, -0.34356967009090483, -0.45534994490418634, -0.5173008299537496, -0.5694034460777178, -0.04466711656612688, 0.0, 0.007424890290971261, 0.01890686060080503, 0.21066844580843747, 0.3328706794045582, 0.4027477747397453, 0.46141683571911535, 0.43192572961344794, 0.647277003264246, 0.8090924759276221, 0.9526200363413382], [-0.04973723334956429, -0.5014431489110699, -0.7836737199027639, -0.949105881066539, -1.106751845059514, -0.3509945603818761, -0.4627748351951576, -0.5247257202447206, -0.5768283363686892, -0.052092006857098125, -0.007424890290971261, 0.0, 0.01148197030983377, 0.20324355551746615, 0.3254457891135869, 0.3953228844487739, 0.45399194542814425, 0.4245008393224765, 0.6398521129732747, 0.8016675856366509, 0.9451951460503666], [-0.061219203659398064, -0.5129251192209036, -0.795155690212598, -0.9605878513763731, -1.1182338153693472, -0.3624765306917098, -0.4742568055049912, -0.5362076905545544, -0.5883103066785228, -0.06357397716693192, -0.01890686060080503, -0.01148197030983377, 0.0, 0.19176158520763248, 0.3139638188037532, 0.38384091413894017, 0.44250997511831053, 0.4130188690126429, 0.6283701426634409, 0.7901856153268167, 0.9337131757405329], [-0.25298078886703046, -0.7046867044285358, -0.9869172754202298, -1.1523494365840055, -1.3099954005769794, -0.5542381158993425, -0.6660183907126236, -0.7279692757621866, -0.7800718918861557, -0.2553355623745644, -0.21066844580843747, -0.20324355551746615, -0.19176158520763248, 0.0, 0.1222022335961209, 0.19207932893130789, 0.25074838991067805, 0.22125728380501036, 0.4366085574558087, 0.5984240301191841, 0.7419515905329003], [-0.3751830224631513, -0.826888938024657, -1.109119509016351, -1.2745516701801258, -1.4321976341731004, -0.6764403494954634, -0.7882206243087448, -0.8501715093583077, -0.902274125482276, -0.3775377959706852, -0.3328706794045582, -0.3254457891135869, -0.3139638188037532, -0.1222022335961209, 0.0, 0.06987709533518699, 0.1285461563145572, 0.0990550502088895, 0.31440632385968786, 0.4762217965230633, 0.6197493569367796], [-0.4450601177983383, -0.8967660333598441, -1.1789966043515379, -1.3444287655153133, -1.5020747295082872, -0.7463174448306501, -0.8580977196439313, -0.9200486046934944, -0.972151220817463, -0.44741489130587225, -0.4027477747397453, -0.3953228844487739, -0.38384091413894017, -0.19207932893130789, -0.06987709533518699, 0.0, 0.05866906097937018, 0.029177954873702495, 0.2445292285245009, 0.4063447011878764, 0.5498722616015926], [-0.5037291787777085, -0.9554350943392141, -1.2376656653309082, -1.4030978264946834, -1.5607437904876573, -0.80498650581002, -0.9167667806233015, -0.978717665672865, -1.0308202817968337, -0.5060839522852421, -0.46141683571911535, -0.45399194542814425, -0.44250997511831053, -0.25074838991067805, -0.1285461563145572, -0.05866906097937018, 0.0, -0.029491106105667665, 0.18586016754513066, 0.3476756402085065, 0.4912032006222225], [-0.474238072672041, -0.9259439882335464, -1.2081745592252409, -1.3736067203890157, -1.5312526843819902, -0.7754953997043523, -0.8872756745176342, -0.9492265595671975, -1.001329175691165, -0.4765928461795747, -0.43192572961344794, -0.4245008393224765, -0.4130188690126429, -0.22125728380501036, -0.0990550502088895, -0.029177954873702495, 0.029491106105667665, 0.0, 0.21535127365079834, 0.37716674631417413, 0.5206943067278903], [-0.6895893463228391, -1.1412952618843446, -1.4235258328760383, -1.5889579940398146, -1.7466039580327886, -0.9908466733551505, -1.102626948168432, -1.1645778332179957, -1.2166804493419638, -0.691944119830373, -0.647277003264246, -0.6398521129732747, -0.6283701426634409, -0.4366085574558087, -0.31440632385968786, -0.2445292285245009, -0.18586016754513066, -0.21535127365079834, 0.0, 0.16181547266337581, 0.30534303307709165], [-0.851404818986215, -1.3031107345477204, -1.5853413055394157, -1.750773466703191, -1.9084194306961648, -1.1526621460185262, -1.2644424208318084, -1.3263933058813708, -1.3784959220053392, -0.8537595924937488, -0.8090924759276221, -0.8016675856366509, -0.7901856153268167, -0.5984240301191841, -0.4762217965230633, -0.4063447011878764, -0.3476756402085065, -0.37716674631417413, -0.16181547266337581, 0.0, 0.14352756041371603], [-0.9949323793999311, -1.4466382949614356, -1.7288688659531295, -1.8943010271169058, -2.0519469911098787, -1.2961897064322423, -1.407969981245524, -1.4699208662950876, -1.5220234824190553, -0.9972871529074644, -0.9526200363413382, -0.9451951460503666, -0.9337131757405329, -0.7419515905329003, -0.6197493569367796, -0.5498722616015926, -0.4912032006222225, -0.5206943067278903, -0.30534303307709165, -0.14352756041371603, 0.0]], [[0.0, 0.24705555502451376, 0.5610112838252591, 0.828373093548334, 1.1183827629757246, 1.0221703926201204, 1.4786136304170838, 1.8055011529910974, 2.0557300460868104, 0.9999043848095028, 1.5377291409438316, 1.8633475752440196, 2.1490733178813564, 0.8873015065987108, 1.3478158053872562, 1.651374026780593, 1.9120602937057263, 0.7220373188138199, 0.9772409107150385, 1.1424777019932777, 1.3198800110271827], [-0.24705555502451376, 0.0, 0.3139557288007449, 0.5813175385238201, 0.8713272079512113, 0.7751148375956065, 1.2315580753925701, 1.5584455979665832, 1.8086744910622956, 0.7528488297849885, 1.2906735859193186, 1.6162920202195072, 1.9020177628568422, 0.6402459515741964, 1.1007602503627418, 1.4043184717560795, 1.6650047386812117, 0.47498176378930596, 0.7301853556905248, 0.8954221469687635, 1.0728244560026696], [-0.5610112838252591, -0.3139557288007449, 0.0, 0.2673618097230749, 0.5573714791504658, 0.4611591087948614, 0.9176023465918248, 1.2444898691658384, 1.4947187622615514, 0.4388931009842434, 0.976717857118574, 1.3023362914187622, 1.5880620340560978, 0.3262902227734516, 0.7868045215619976, 1.0903627429553344, 1.3510490098804664, 0.16102603498856102, 0.41622962688977977, 0.5814664181680185, 0.7588687272019243], [-0.828373093548334, -0.5813175385238201, -0.2673618097230749, 0.0, 0.2900096694273909, 0.19379729907178672, 0.6502405368687502, 0.9771280594427639, 1.2273569525384769, 0.1715312912611687, 0.7093560473954992, 1.0349744816956876, 1.3207002243330217, 0.05892841305037681, 0.5194427118389224, 0.8230009332322595, 1.0836872001573916, -0.10633577473451383, 0.14886781716670483, 0.31410460844494376, 0.4915069174788494], [-1.1183827629757246, -0.8713272079512113, -0.5573714791504658, -0.2900096694273909, 0.0, -0.09621237035560432, 0.36023086744135946, 0.6871183900153724, 0.9373472831110857, -0.11847837816622236, 0.41934637796810825, 0.7449648122682961, 1.0306905549056316, -0.2310812563770142, 0.22943304241153153, 0.5329912638048686, 0.793677530730001, -0.39634544416190465, -0.1411418522606861, 0.024094939017552837, 0.20149724805145872], [-1.0221703926201204, -0.7751148375956065, -0.4611591087948614, -0.19379729907178672, 0.09621237035560432, 0.0, 0.45644323779696366, 0.7833307603709769, 1.0335596534666904, -0.02226600781061804, 0.5155587483237126, 0.8411771826239005, 1.1269029252612355, -0.1348688860214099, 0.3256454127671357, 0.6292036341604728, 0.8898899010856053, -0.30013307380630044, -0.04492948190508181, 0.12030730937315713, 0.29770961840706284], [-1.4786136304170838, -1.2315580753925701, -0.9176023465918248, -0.6502405368687502, -0.36023086744135946, -0.45644323779696366, 0.0, 0.32688752257401327, 0.5771164156697265, -0.47870924560758177, 0.059115510526748745, 0.3847339448269369, 0.6704596874642721, -0.5913121238183734, -0.130797825029828, 0.1727603963635092, 0.4334466632886415, -0.756576311603264, -0.5013727197020453, -0.33613592842380674, -0.15873361938990072], [-1.8055011529910974, -1.5584455979665832, -1.2444898691658384, -0.9771280594427639, -0.6871183900153724, -0.7833307603709769, -0.32688752257401327, 0.0, 0.25022889309571344, -0.8055967681815949, -0.2677720120472645, 0.05784642225292356, 0.3435721648902588, -0.9181996463923867, -0.45768534760384116, -0.15412712621050403, 0.1065591407146283, -1.083463834177277, -0.8282602422760589, -0.6630234509978199, -0.4856211419639138], [-2.0557300460868104, -1.8086744910622956, -1.4947187622615514, -1.2273569525384769, -0.9373472831110857, -1.0335596534666904, -0.5771164156697265, -0.25022889309571344, 0.0, -1.0558256612773078, -0.518000905142978, -0.1923824708427898, 0.0933432717945455, -1.1684285394881004, -0.7079142406995548, -0.40435601930621734, -0.14366975238108512, -1.3336927272729904, -1.0784891353717716, -0.9132523440935336, -0.7358500350596274], [-0.9999043848095028, -0.7528488297849885, -0.4388931009842434, -0.1715312912611687, 0.11847837816622236, 0.02226600781061804, 0.47870924560758177, 0.8055967681815949, 1.0558256612773078, 0.0, 0.5378247561343303, 0.8634431904345183, 1.1491689330718535, -0.11260287821079185, 0.34791142057775365, 0.6514696419710908, 0.9121559088962229, -0.27786706599568256, -0.02266347409446376, 0.14257331718377517, 0.31997562621768094], [-1.5377291409438316, -1.2906735859193186, -0.976717857118574, -0.7093560473954992, -0.41934637796810825, -0.5155587483237126, -0.059115510526748745, 0.2677720120472645, 0.518000905142978, -0.5378247561343303, 0.0, 0.325618434300188, 0.6113441769375234, -0.6504276343451224, -0.18991333555657675, 0.11364488583676045, 0.37433115276189255, -0.815691822130013, -0.5604882302287942, -0.39525143895055537, -0.21784912991664943], [-1.8633475752440196, -1.6162920202195072, -1.3023362914187622, -1.0349744816956876, -0.7449648122682961, -0.8411771826239005, -0.3847339448269369, -0.05784642225292356, 0.1923824708427898, -0.8634431904345183, -0.325618434300188, 0.0, 0.2857257426373353, -0.9760460686453104, -0.515531769856765, -0.21197354846342764, 0.048712718461704704, -1.141310256430201, -0.8861066645289821, -0.7208698732507431, -0.5434675642168374], [-2.1490733178813564, -1.9020177628568422, -1.5880620340560978, -1.3207002243330217, -1.0306905549056316, -1.1269029252612355, -0.6704596874642721, -0.3435721648902588, -0.0933432717945455, -1.1491689330718535, -0.6113441769375234, -0.2857257426373353, 0.0, -1.2617718112826453, -0.8012575124941003, -0.49769929110076283, -0.2370130241756307, -1.4270359990675365, -1.1718324071663182, -1.0065956158880782, -0.8291933068541725], [-0.8873015065987108, -0.6402459515741964, -0.3262902227734516, -0.05892841305037681, 0.2310812563770142, 0.1348688860214099, 0.5913121238183734, 0.9181996463923867, 1.1684285394881004, 0.11260287821079185, 0.6504276343451224, 0.9760460686453104, 1.2617718112826453, 0.0, 0.46051429878854555, 0.7640725201818825, 1.0247587871070147, -0.1652641877848906, 0.08993940411632806, 0.25517619539456715, 0.4325785044284729], [-1.3478158053872562, -1.1007602503627418, -0.7868045215619976, -0.5194427118389224, -0.22943304241153153, -0.3256454127671357, 0.130797825029828, 0.45768534760384116, 0.7079142406995548, -0.34791142057775365, 0.18991333555657675, 0.515531769856765, 0.8012575124941003, -0.46051429878854555, 0.0, 0.30355822139333705, 0.5642444883184699, -0.6257784865734358, -0.3705748946722175, -0.20533810339397862, -0.0279357943600727], [-1.651374026780593, -1.4043184717560795, -1.0903627429553344, -0.8230009332322595, -0.5329912638048686, -0.6292036341604728, -0.1727603963635092, 0.15412712621050403, 0.40435601930621734, -0.6514696419710908, -0.11364488583676045, 0.21197354846342764, 0.49769929110076283, -0.7640725201818825, -0.30355822139333705, 0.0, 0.26068626692513236, -0.9293367079667731, -0.6741331160655547, -0.5088963247873156, -0.33149401575341003], [-1.9120602937057263, -1.6650047386812117, -1.3510490098804664, -1.0836872001573916, -0.793677530730001, -0.8898899010856053, -0.4334466632886415, -0.1065591407146283, 0.14366975238108512, -0.9121559088962229, -0.37433115276189255, -0.048712718461704704, 0.2370130241756307, -1.0247587871070147, -0.5642444883184699, -0.26068626692513236, 0.0, -1.1900229748919053, -0.9348193829906868, -0.769582591712448, -0.592180282678542], [-0.7220373188138199, -0.47498176378930596, -0.16102603498856102, 0.10633577473451383, 0.39634544416190465, 0.30013307380630044, 0.756576311603264, 1.083463834177277, 1.3336927272729904, 0.27786706599568256, 0.815691822130013, 1.141310256430201, 1.4270359990675365, 0.1652641877848906, 0.6257784865734358, 0.9293367079667731, 1.1900229748919053, 0.0, 0.2552035919012186, 0.42044038317945764, 0.5978426922133635], [-0.9772409107150385, -0.7301853556905248, -0.41622962688977977, -0.14886781716670483, 0.1411418522606861, 0.04492948190508181, 0.5013727197020453, 0.8282602422760589, 1.0784891353717716, 0.02266347409446376, 0.5604882302287942, 0.8861066645289821, 1.1718324071663182, -0.08993940411632806, 0.3705748946722175, 0.6741331160655547, 0.9348193829906868, -0.2552035919012186, 0.0, 0.16523679127823904, 0.3426391003121448], [-1.1424777019932777, -0.8954221469687635, -0.5814664181680185, -0.31410460844494376, -0.024094939017552837, -0.12030730937315713, 0.33613592842380674, 0.6630234509978199, 0.9132523440935336, -0.14257331718377517, 0.39525143895055537, 0.7208698732507431, 1.0065956158880782, -0.25517619539456715, 0.20533810339397862, 0.5088963247873156, 0.769582591712448, -0.42044038317945764, -0.16523679127823904, 0.0, 0.17740230903390575], [-1.3198800110271827, -1.0728244560026696, -0.7588687272019243, -0.4915069174788494, -0.20149724805145872, -0.29770961840706284, 0.15873361938990072, 0.4856211419639138, 0.7358500350596274, -0.31997562621768094, 0.21784912991664943, 0.5434675642168374, 0.8291933068541725, -0.4325785044284729, 0.0279357943600727, 0.33149401575341003, 0.592180282678542, -0.5978426922133635, -0.3426391003121448, -0.17740230903390575, 0.0]]]