[[[0.0, -0.3577832017543385, -0.4062897987395918, -0.28627741283633584, -0.13833823614569604, -0.25031762396559987, -0.24416263294782525, -0.18186656359402073, -0.0888641440812364, -0.010206774087920058, 0.03703222907838155, -0.013919788948085812, -0.011565379628459146, 0.22919271708365835, 0.2486577061922113, 0.09956153705122409, 0.05357187589825394, 0.48561940410827115, 0.45954668229331747, 0.3047345651704612, 0.22901552066126638], [0.3577832017543385, 0.0, -0.04850659698525368, 0.07150578891800252, 0.21944496560864238, 0.10746557778873843, 0.1136205688065131, 0.1759166381603176, 0.26891905767310187, 0.3475764276664185, 0.3948154308327198, 0.3438634128062524, 0.34621782212587915, 0.5869759188379965, 0.6064409079465496, 0.4573447388055624, 0.41135507765259227, 0.8434026058626093, 0.8173298840476558, 0.662517766924799, 0.5867987224156046], [0.4062897987395918, 0.04850659698525368, 0.0, 0.12001238590325619, 0.26795156259389596, 0.1559721747739921, 0.16212716579176678, 0.2244232351455714, 0.31742565465835554, 0.39608302465167194, 0.4433220278179736, 0.39237000979150616, 0.3947244191111331, 0.63548251582325, 0.6549475049318028, 0.5058513357908161, 0.45986167463784605, 0.8919092028478633, 0.8658364810329091, 0.7110243639100537, 0.6353053194008584], [0.28627741283633584, -0.07150578891800252, -0.12001238590325619, 0.0, 0.14793917669063983, 0.035959788870735955, 0.04211477988851064, 0.10441084924231508, 0.19741326875509946, 0.2760706387484157, 0.3233096419147175, 0.27235762388825, 0.27471203320787674, 0.5154701299199942, 0.5349351190285471, 0.38583894988756007, 0.33984928873458986, 0.7718968169446068, 0.7458240951296531, 0.5910119780067974, 0.5152929334976022], [0.13833823614569604, -0.21944496560864238, -0.26795156259389596, -0.14793917669063983, 0.0, -0.11197938781990385, -0.10582439680212925, -0.04352832744832466, 0.04947409206445959, 0.12813146205777592, 0.17537046522407748, 0.12441844719761017, 0.1267728565172368, 0.36753095322935436, 0.38699594233790713, 0.23789977319692013, 0.1919101120439498, 0.6239576402539669, 0.5978849184390136, 0.44307280131615706, 0.3673537568069624], [0.25031762396559987, -0.10746557778873843, -0.1559721747739921, -0.035959788870735955, 0.11197938781990385, 0.0, 0.006154991017774689, 0.06845106037157915, 0.16145347988436354, 0.24011084987767986, 0.28734985304398136, 0.236397835017514, 0.23875224433714076, 0.47951034104925816, 0.4989753301578109, 0.3498791610168241, 0.30388949986385383, 0.7359370280738711, 0.7098643062589177, 0.555052189136061, 0.47933314462686627], [0.24416263294782525, -0.1136205688065131, -0.16212716579176678, -0.04211477988851064, 0.10582439680212925, -0.006154991017774689, 0.0, 0.062296069353804474, 0.15529848886658887, 0.23395585885990514, 0.2811948620262067, 0.23024284399973946, 0.232597253319366, 0.47335535003148366, 0.4928203391400364, 0.34372416999904937, 0.29773450884607916, 0.7297820370560965, 0.7037093152411431, 0.5488971981182865, 0.4731781536090915], [0.18186656359402073, -0.1759166381603176, -0.2244232351455714, -0.10441084924231508, 0.04352832744832466, -0.06845106037157915, -0.062296069353804474, 0.0, 0.0930024195127843, 0.17165978950610072, 0.21889879267240225, 0.16794677464593488, 0.17030118396556151, 0.41105928067767905, 0.43052426978623176, 0.2814281006452446, 0.2354384394922747, 0.6674859677022914, 0.6414132458873378, 0.48660112876448197, 0.4108820842552868], [0.0888641440812364, -0.26891905767310187, -0.31742565465835554, -0.19741326875509946, -0.04947409206445959, -0.16145347988436354, -0.15529848886658887, -0.0930024195127843, 0.0, 0.07865736999331632, 0.12589637315961794, 0.07494435513315058, 0.07729876445277728, 0.31805686116489473, 0.3375218502734476, 0.18842568113246044, 0.14243601997949035, 0.5744835481895076, 0.5484108263745539, 0.3935987092516976, 0.31787966474250273], [0.010206774087920058, -0.3475764276664185, -0.39608302465167194, -0.2760706387484157, -0.12813146205777592, -0.24011084987767986, -0.23395585885990514, -0.17165978950610072, -0.07865736999331632, 0.0, 0.04723900316630159, -0.003713014860165753, -0.0013586055405390906, 0.23939949117157838, 0.2588644802801313, 0.10976831113914409, 0.06377864998617402, 0.4958261781961914, 0.4697534563812376, 0.3149413392583813, 0.2392222947491864], [-0.03703222907838155, -0.3948154308327198, -0.4433220278179736, -0.3233096419147175, -0.17537046522407748, -0.28734985304398136, -0.2811948620262067, -0.21889879267240225, -0.12589637315961794, -0.04723900316630159, 0.0, -0.05095201802646737, -0.04859760870684068, 0.1921604880052767, 0.21162547711382956, 0.06252930797284248, 0.01653964681987239, 0.44858717502988943, 0.42251445321493586, 0.2677023360920797, 0.19198329158288474], [0.013919788948085812, -0.3438634128062524, -0.39237000979150616, -0.27235762388825, -0.12441844719761017, -0.236397835017514, -0.23024284399973946, -0.16794677464593488, -0.07494435513315058, 0.003713014860165753, 0.05095201802646737, 0.0, 0.0023544093196266676, 0.24311250603174397, 0.26257749514029705, 0.11348132599930988, 0.06749166484633974, 0.4995391930563568, 0.4734664712414032, 0.31865435411854715, 0.24293530960935214], [0.011565379628459146, -0.34621782212587915, -0.3947244191111331, -0.27471203320787674, -0.1267728565172368, -0.23875224433714076, -0.232597253319366, -0.17030118396556151, -0.07729876445277728, 0.0013586055405390906, 0.04859760870684068, -0.0023544093196266676, 0.0, 0.24075809671211743, 0.2602230858206703, 0.11112691667968325, 0.06513725552671307, 0.49718478373673025, 0.4711120619217767, 0.31629994479892054, 0.24058090028972537], [-0.22919271708365835, -0.5869759188379965, -0.63548251582325, -0.5154701299199942, -0.36753095322935436, -0.47951034104925816, -0.47335535003148366, -0.41105928067767905, -0.31805686116489473, -0.23939949117157838, -0.1921604880052767, -0.24311250603174397, -0.24075809671211743, 0.0, 0.019464989108552835, -0.1296311800324343, -0.1756208411854044, 0.2564266870246128, 0.23035396520965898, 0.07554184808680296, -0.00017719642239199748], [-0.2486577061922113, -0.6064409079465496, -0.6549475049318028, -0.5349351190285471, -0.38699594233790713, -0.4989753301578109, -0.4928203391400364, -0.43052426978623176, -0.3375218502734476, -0.2588644802801313, -0.21162547711382956, -0.26257749514029705, -0.2602230858206703, -0.019464989108552835, 0.0, -0.14909616914098703, -0.19508583029395724, 0.23696169791606003, 0.21088897610110632, 0.05607685897825014, -0.01964218553094484], [-0.09956153705122409, -0.4573447388055624, -0.5058513357908161, -0.38583894988756007, -0.23789977319692013, -0.3498791610168241, -0.34372416999904937, -0.2814281006452446, -0.18842568113246044, -0.10976831113914409, -0.06252930797284248, -0.11348132599930988, -0.11112691667968325, 0.1296311800324343, 0.14909616914098703, 0.0, -0.045989661152970124, 0.3860578670570469, 0.3599851452420934, 0.20517302811923724, 0.12945398361004232], [-0.05357187589825394, -0.41135507765259227, -0.45986167463784605, -0.33984928873458986, -0.1919101120439498, -0.30388949986385383, -0.29773450884607916, -0.2354384394922747, -0.14243601997949035, -0.06377864998617402, -0.01653964681987239, -0.06749166484633974, -0.06513725552671307, 0.1756208411854044, 0.19508583029395724, 0.045989661152970124, 0.0, 0.43204752821001713, 0.4059748063950635, 0.2511626892722075, 0.17544364476301236], [-0.48561940410827115, -0.8434026058626093, -0.8919092028478633, -0.7718968169446068, -0.6239576402539669, -0.7359370280738711, -0.7297820370560965, -0.6674859677022914, -0.5744835481895076, -0.4958261781961914, -0.44858717502988943, -0.4995391930563568, -0.49718478373673025, -0.2564266870246128, -0.23696169791606003, -0.3860578670570469, -0.43204752821001713, 0.0, -0.026072721814953636, -0.1808848389378098, -0.25660388344700485], [-0.45954668229331747, -0.8173298840476558, -0.8658364810329091, -0.7458240951296531, -0.5978849184390136, -0.7098643062589177, -0.7037093152411431, -0.6414132458873378, -0.5484108263745539, -0.4697534563812376, -0.42251445321493586, -0.4734664712414032, -0.4711120619217767, -0.23035396520965898, -0.21088897610110632, -0.3599851452420934, -0.4059748063950635, 0.026072721814953636, 0.0, -0.15481211712285609, -0.23053116163205115], [-0.3047345651704612, -0.662517766924799, -0.7110243639100537, -0.5910119780067974, -0.44307280131615706, -0.555052189136061, -0.5488971981182865, -0.48660112876448197, -0.3935987092516976, -0.3149413392583813, -0.2677023360920797, -0.31865435411854715, -0.31629994479892054, -0.07554184808680296, -0.05607685897825014, -0.20517302811923724, -0.2511626892722075, 0.1808848389378098, 0.15481211712285609, 0.0, -0.07571904450919496], [-0.22901552066126638, -0.5867987224156046, -0.6353053194008584, -0.5152929334976022, -0.3673537568069624, -0.47933314462686627, -0.4731781536090915, -0.4108820842552868, -0.31787966474250273, -0.2392222947491864, -0.19198329158288474, -0.24293530960935214, -0.24058090028972537, 0.00017719642239199748, 0.01964218553094484, -0.12945398361004232, -0.17544364476301236, 0.25660388344700485, 0.23053116163205115, 0.07571904450919496, 0.0]], [[0.0, 0.3450497215010367, 0.7908560115643306, 1.1356580573021333, 1.3361711107223289, 1.0709420840592534, 1.4274517486626594, 1.609461861327954, 1.7335921713376725, 0.9997493303246837, 1.3340779942761734, 1.2563528479853285, 1.2064427187256848, 0.8809117238082674, 1.169072047112535, 0.8948249414812359, 0.7132805468426829, 0.7357428868234658, 0.9520061723399099, 0.7680564564446801, 0.6229454725620653], [-0.3450497215010367, 0.0, 0.44580629006329386, 0.7906083358010967, 0.9911213892212923, 0.7258923625582169, 1.0824020271616235, 1.264412139826918, 1.3885424498366365, 0.6546996088236468, 0.9890282727751369, 0.9113031264842917, 0.8613929972246477, 0.5358620023072312, 0.8240223256114985, 0.5497752199801994, 0.36823082534164625, 0.39069316532242915, 0.6069564508388735, 0.4230067349436433, 0.2778957510610287], [-0.7908560115643306, -0.44580629006329386, 0.0, 0.34480204573780276, 0.5453150991579986, 0.28008607249492296, 0.636595737098329, 0.8186058497636233, 0.9427361597733429, 0.20889331876035272, 0.5432219827118423, 0.4654968364209979, 0.41558670716135376, 0.09005571224393712, 0.3782160355482045, 0.10396892991690543, -0.07757546472164784, -0.05511312474086497, 0.16115016077557917, -0.02279955511965077, -0.16791053900226516], [-1.1356580573021333, -0.7906083358010967, -0.34480204573780276, 0.0, 0.20051305342019574, -0.06471597324287977, 0.2917936913605265, 0.47380380402582084, 0.5979341140355399, -0.13590872697745, 0.19841993697404, 0.12069479068319497, 0.07078466142355105, -0.2547463334938655, 0.03341398981040171, -0.2408331158208972, -0.4223775104594506, -0.3999151704786675, -0.18365188496222346, -0.36760160085745336, -0.5127125847400679], [-1.3361711107223289, -0.9911213892212923, -0.5453150991579986, -0.20051305342019574, 0.0, -0.26522902666307546, 0.0912806379403307, 0.2732907506056252, 0.3974210606153445, -0.33642178039764575, -0.0020931164461557663, -0.0798182627370008, -0.12972839199664468, -0.45525938691406104, -0.16709906360979396, -0.44134616924109304, -0.6228905638796463, -0.6004282238988634, -0.3841649383824193, -0.5681146542776492, -0.7132256381602632], [-1.0709420840592534, -0.7258923625582169, -0.28008607249492296, 0.06471597324287977, 0.26522902666307546, 0.0, 0.35650966460340633, 0.5385197772687008, 0.6626500872784195, -0.07119275373457022, 0.26313591021691957, 0.18541076392607456, 0.13550063466643075, -0.19003036025098566, 0.09812996305328149, -0.17611714257801747, -0.3576615372165708, -0.33519919723578795, -0.1189359117193436, -0.3028856276145738, -0.4479966114971878], [-1.4274517486626594, -1.0824020271616235, -0.636595737098329, -0.2917936913605265, -0.0912806379403307, -0.35650966460340633, 0.0, 0.18201011266529454, 0.3061404226750134, -0.4277024183379765, -0.09337375438648643, -0.17109890067733147, -0.22100902993697538, -0.5465400248543921, -0.25837970155012474, -0.5326268071814235, -0.7141712018199767, -0.6917088618391939, -0.47544557632274975, -0.6593952922179797, -0.8045062761005943], [-1.609461861327954, -1.264412139826918, -0.8186058497636233, -0.47380380402582084, -0.2732907506056252, -0.5385197772687008, -0.18201011266529454, 0.0, 0.12413031000971902, -0.6097125310032709, -0.2753838670517809, -0.353109013342626, -0.40301914260226984, -0.7285501375196869, -0.44038981421541906, -0.7146369198467183, -0.8961813144852713, -0.8737189745044884, -0.6574556889880442, -0.841405404883274, -0.9865163887658884], [-1.7335921713376725, -1.3885424498366365, -0.9427361597733429, -0.5979341140355399, -0.3974210606153445, -0.6626500872784195, -0.3061404226750134, -0.12413031000971902, 0.0, -0.7338428410129897, -0.39951417706149994, -0.4772393233523449, -0.527149452611989, -0.8526804475294055, -0.5645201242251383, -0.8387672298564374, -1.0203116244949906, -0.9978492845142078, -0.7815859989977632, -0.9655357148929931, -1.110646698775608], [-0.9997493303246837, -0.6546996088236468, -0.20889331876035272, 0.13590872697745, 0.33642178039764575, 0.07119275373457022, 0.4277024183379765, 0.6097125310032709, 0.7338428410129897, 0.0, 0.33432866395149013, 0.256603517660645, 0.2066933884010011, -0.11883760651641552, 0.16932271678785174, -0.10492438884344718, -0.2864687834820004, -0.2640064435012176, -0.047743157984773396, -0.23169287388000342, -0.3768038577626182], [-1.3340779942761734, -0.9890282727751369, -0.5432219827118423, -0.19841993697404, 0.0020931164461557663, -0.26313591021691957, 0.09337375438648643, 0.2753838670517809, 0.39951417706149994, -0.33432866395149013, 0.0, -0.07772514629084502, -0.1276352755504889, -0.45316627046790536, -0.16500594716363817, -0.43925305279493715, -0.6207974474334905, -0.5983351074527078, -0.3820718219362634, -0.5660215378314936, -0.7111325217141083], [-1.2563528479853285, -0.9113031264842917, -0.4654968364209979, -0.12069479068319497, 0.0798182627370008, -0.18541076392607456, 0.17109890067733147, 0.353109013342626, 0.4772393233523449, -0.256603517660645, 0.07772514629084502, 0.0, -0.049910129259643894, -0.3754411241770604, -0.08728080087279322, -0.3615279065040921, -0.5430723011426454, -0.5206099611618628, -0.30434667564541823, -0.4882963915406487, -0.633407375423263], [-1.2064427187256848, -0.8613929972246477, -0.41558670716135376, -0.07078466142355105, 0.12972839199664468, -0.13550063466643075, 0.22100902993697538, 0.40301914260226984, 0.527149452611989, -0.2066933884010011, 0.1276352755504889, 0.049910129259643894, 0.0, -0.32553099491741655, -0.037370671613149276, -0.31161777724444817, -0.49316217188300143, -0.4706998319022187, -0.25443654638577434, -0.4383862622810045, -0.5834972461636188], [-0.8809117238082674, -0.5358620023072312, -0.09005571224393712, 0.2547463334938655, 0.45525938691406104, 0.19003036025098566, 0.5465400248543921, 0.7285501375196869, 0.8526804475294055, 0.11883760651641552, 0.45316627046790536, 0.3754411241770604, 0.32553099491741655, 0.0, 0.28816032330426716, 0.0139132176729683, -0.16763117696558497, -0.14516883698480204, 0.0710944485316421, -0.11285526736358788, -0.2579662512462024], [-1.169072047112535, -0.8240223256114985, -0.3782160355482045, -0.03341398981040171, 0.16709906360979396, -0.09812996305328149, 0.25837970155012474, 0.44038981421541906, 0.5645201242251383, -0.16932271678785174, 0.16500594716363817, 0.08728080087279322, 0.037370671613149276, -0.28816032330426716, 0.0, -0.2742471056312989, -0.455791500269852, -0.4333291602890692, -0.2170658747726252, -0.4010155906678552, -0.5461265745504698], [-0.8948249414812359, -0.5497752199801994, -0.10396892991690543, 0.2408331158208972, 0.44134616924109304, 0.17611714257801747, 0.5326268071814235, 0.7146369198467183, 0.8387672298564374, 0.10492438884344718, 0.43925305279493715, 0.3615279065040921, 0.31161777724444817, -0.0139132176729683, 0.2742471056312989, 0.0, -0.18154439463855332, -0.15908205465777037, 0.0571812308586738, -0.1267684850365562, -0.2718794689191708], [-0.7132805468426829, -0.36823082534164625, 0.07757546472164784, 0.4223775104594506, 0.6228905638796463, 0.3576615372165708, 0.7141712018199767, 0.8961813144852713, 1.0203116244949906, 0.2864687834820004, 0.6207974474334905, 0.5430723011426454, 0.49316217188300143, 0.16763117696558497, 0.455791500269852, 0.18154439463855332, 0.0, 0.02246233998078286, 0.23872562549722712, 0.05477590960199708, -0.09033507428061735], [-0.7357428868234658, -0.39069316532242915, 0.05511312474086497, 0.3999151704786675, 0.6004282238988634, 0.33519919723578795, 0.6917088618391939, 0.8737189745044884, 0.9978492845142078, 0.2640064435012176, 0.5983351074527078, 0.5206099611618628, 0.4706998319022187, 0.14516883698480204, 0.4333291602890692, 0.15908205465777037, -0.02246233998078286, 0.0, 0.21626328551644414, 0.03231356962121422, -0.11279741426140025], [-0.9520061723399099, -0.6069564508388735, -0.16115016077557917, 0.18365188496222346, 0.3841649383824193, 0.1189359117193436, 0.47544557632274975, 0.6574556889880442, 0.7815859989977632, 0.047743157984773396, 0.3820718219362634, 0.30434667564541823, 0.25443654638577434, -0.0710944485316421, 0.2170658747726252, -0.0571812308586738, -0.23872562549722712, -0.21626328551644414, 0.0, -0.18394971589522988, -0.3290606997778445], [-0.7680564564446801, -0.4230067349436433, 0.02279955511965077, 0.36760160085745336, 0.5681146542776492, 0.3028856276145738, 0.6593952922179797, 0.841405404883274, 0.9655357148929931, 0.23169287388000342, 0.5660215378314936, 0.4882963915406487, 0.4383862622810045, 0.11285526736358788, 0.4010155906678552, 0.1267684850365562, -0.05477590960199708, -0.03231356962121422, 0.18394971589522988, 0.0, -0.14511098388261442], [-0.6229454725620653, -0.2778957510610287, 0.16791053900226516, 0.5127125847400679, 0.7132256381602632, 0.4479966114971878, 0.8045062761005943, 0.9865163887658884, 1.110646698775608, 0.3768038577626182, 0.7111325217141083, 0.633407375423263, 0.5834972461636188, 0.2579662512462024, 0.5461265745504698, 0.2718794689191708, 0.09033507428061735, 0.11279741426140025, 0.3290606997778445, 0.14511098388261442, 0.0]]]