[[[0.0, -0.3682871492724583, -0.4478735466924339, -0.3957586557508828, -0.28580714928007767, -0.43521677238016443, -0.4068757277566259, -0.3099903988630225, -0.20249714151551085, -0.1638445161441022, -0.12170149356650901, -0.1586227175540574, -0.1748672958640081, 0.09614296201090773, 0.12397501067501177, 0.0386502732411467, -0.009411132745615454, 0.334595444461419, 0.34810316974165656, 0.2559843013729592, 0.1885845874990446], [0.3682871492724583, 0.0, -0.07958639741997567, -0.027471506478424616, 0.08247999999238059, -0.06692962310770646, -0.03858857848416744, 0.058296750409435626, 0.1657900077569474, 0.20444263312835603, 0.24658565570594926, 0.20966443171840077, 0.1934198534084501, 0.46443011128336587, 0.4922621599474699, 0.406937422513605, 0.3588760165268428, 0.7028825937338772, 0.716390319014115, 0.6242714506454173, 0.5568717367715028], [0.4478735466924339, 0.07958639741997567, 0.0, 0.05211489094155104, 0.16206639741235626, 0.012656774312269178, 0.04099781893580821, 0.13788314782941127, 0.245376405176923, 0.28402903054833173, 0.3261720531259247, 0.2892508291383766, 0.2730062508284257, 0.5440165087033415, 0.5718485573674458, 0.4865238199335806, 0.43846241394681856, 0.7824689911538527, 0.7959767164340906, 0.7038578480653931, 0.6364581341914782], [0.3957586557508828, 0.027471506478424616, -0.05211489094155104, 0.0, 0.10995150647080515, -0.03945811662928185, -0.011117072005742818, 0.08576825688786027, 0.19326151423537197, 0.2319141396067806, 0.2740571621843738, 0.23713593819682532, 0.2208913598868747, 0.4919016177617903, 0.5197336664258941, 0.43440892899202943, 0.3863475230052674, 0.730354100212302, 0.7438618254925394, 0.6517429571238419, 0.5843432432499274], [0.28580714928007767, -0.08247999999238059, -0.16206639741235626, -0.10995150647080515, 0.0, -0.14940962310008699, -0.12106857847654799, -0.024183249582944932, 0.0833100077645668, 0.12196263313597541, 0.16410565571356858, 0.12718443172602018, 0.11093985341606954, 0.3819501112909853, 0.40978215995508954, 0.3244574225212243, 0.2763960165344622, 0.6204025937414965, 0.6339103190217339, 0.5417914506530369, 0.4743917367791221], [0.43521677238016443, 0.06692962310770646, -0.012656774312269178, 0.03945811662928185, 0.14940962310008699, 0.0, 0.028341044623539022, 0.12522637351714214, 0.23271963086465383, 0.2713722562360624, 0.31351527881365554, 0.2765940548261072, 0.2603494765161566, 0.5313597343910721, 0.5591917830551764, 0.47386704562131127, 0.42580563963454926, 0.769812216841584, 0.7833199421218212, 0.6912010737531236, 0.6238013598792091], [0.4068757277566259, 0.03858857848416744, -0.04099781893580821, 0.011117072005742818, 0.12106857847654799, -0.028341044623539022, 0.0, 0.0968853288936031, 0.20437858624111485, 0.2430312116125234, 0.2851742341901166, 0.24825301020256813, 0.2320084318926176, 0.5030186897675332, 0.5308507384316372, 0.4455260009977724, 0.39746459501101006, 0.7414711722180446, 0.7549788974982821, 0.6628600291295846, 0.5954603152556701], [0.3099903988630225, -0.058296750409435626, -0.13788314782941127, -0.08576825688786027, 0.024183249582944932, -0.12522637351714214, -0.0968853288936031, 0.0, 0.10749325734751167, 0.14614588271892037, 0.18828890529651357, 0.1513676813089652, 0.13512310299901442, 0.4061333608739304, 0.4339654095380343, 0.348640672104169, 0.3005792661174072, 0.6445858433244416, 0.6580935686046787, 0.565974700235982, 0.49857498636206704], [0.20249714151551085, -0.1657900077569474, -0.245376405176923, -0.19326151423537197, -0.0833100077645668, -0.23271963086465383, -0.20437858624111485, -0.10749325734751167, 0.0, 0.038652625371408664, 0.08079564794900178, 0.04387442396145343, 0.027629845651502737, 0.29864010352641857, 0.3264721521905225, 0.2411474147566576, 0.19308600876989548, 0.5370925859769295, 0.5506003112571672, 0.45848144288847, 0.39108172901455546], [0.1638445161441022, -0.20444263312835603, -0.28402903054833173, -0.2319141396067806, -0.12196263313597541, -0.2713722562360624, -0.2430312116125234, -0.14614588271892037, -0.038652625371408664, 0.0, 0.042143022577593135, 0.005221798590044774, -0.011022779719905909, 0.2599874781550099, 0.28781952681911394, 0.20249478938524892, 0.15443338339848675, 0.49843996060552115, 0.5119476858857588, 0.4198288175170618, 0.35242910364314667], [0.12170149356650901, -0.24658565570594926, -0.3261720531259247, -0.2740571621843738, -0.16410565571356858, -0.31351527881365554, -0.2851742341901166, -0.18828890529651357, -0.08079564794900178, -0.042143022577593135, 0.0, -0.03692122398754835, -0.05316580229749905, 0.21784445557741677, 0.24567650424152082, 0.16035176680765573, 0.11229036082089357, 0.45629693802792837, 0.4698046633081654, 0.3776857949394683, 0.3102860810655536], [0.1586227175540574, -0.20966443171840077, -0.2892508291383766, -0.23713593819682532, -0.12718443172602018, -0.2765940548261072, -0.24825301020256813, -0.1513676813089652, -0.04387442396145343, -0.005221798590044774, 0.03692122398754835, 0.0, -0.01624457830995069, 0.25476567956496515, 0.2825977282290692, 0.19727299079520422, 0.149211584808442, 0.4932181620154764, 0.506725887295714, 0.4146070189270166, 0.3472073050531019], [0.1748672958640081, -0.1934198534084501, -0.2730062508284257, -0.2208913598868747, -0.11093985341606954, -0.2603494765161566, -0.2320084318926176, -0.13512310299901442, -0.027629845651502737, 0.011022779719905909, 0.05316580229749905, 0.01624457830995069, 0.0, 0.2710102578749158, 0.29884230653901994, 0.21351756910515488, 0.16545616311839265, 0.5094627403254272, 0.5229704656056644, 0.4308515972369673, 0.36345188336305256], [-0.09614296201090773, -0.46443011128336587, -0.5440165087033415, -0.4919016177617903, -0.3819501112909853, -0.5313597343910721, -0.5030186897675332, -0.4061333608739304, -0.29864010352641857, -0.2599874781550099, -0.21784445557741677, -0.25476567956496515, -0.2710102578749158, 0.0, 0.02783204866410406, -0.057492688769761, -0.10555409475652315, 0.23845248245051134, 0.2519602077307486, 0.15984133936205144, 0.0924416254881368], [-0.12397501067501177, -0.4922621599474699, -0.5718485573674458, -0.5197336664258941, -0.40978215995508954, -0.5591917830551764, -0.5308507384316372, -0.4339654095380343, -0.3264721521905225, -0.28781952681911394, -0.24567650424152082, -0.2825977282290692, -0.29884230653901994, -0.02783204866410406, 0.0, -0.08532473743386508, -0.13338614342062718, 0.21062043378640724, 0.2241281590666446, 0.13200929069794728, 0.06460957682403272], [-0.0386502732411467, -0.406937422513605, -0.4865238199335806, -0.43440892899202943, -0.3244574225212243, -0.47386704562131127, -0.4455260009977724, -0.348640672104169, -0.2411474147566576, -0.20249478938524892, -0.16035176680765573, -0.19727299079520422, -0.21351756910515488, 0.057492688769761, 0.08532473743386508, 0.0, -0.04806140598676215, 0.29594517122027236, 0.30945289650050983, 0.2173340281318124, 0.14993431425789783], [0.009411132745615454, -0.3588760165268428, -0.43846241394681856, -0.3863475230052674, -0.2763960165344622, -0.42580563963454926, -0.39746459501101006, -0.3005792661174072, -0.19308600876989548, -0.15443338339848675, -0.11229036082089357, -0.149211584808442, -0.16545616311839265, 0.10555409475652315, 0.13338614342062718, 0.04806140598676215, 0.0, 0.34400657720703465, 0.35751430248727195, 0.26539543411857464, 0.19799572024466003], [-0.334595444461419, -0.7028825937338772, -0.7824689911538527, -0.730354100212302, -0.6204025937414965, -0.769812216841584, -0.7414711722180446, -0.6445858433244416, -0.5370925859769295, -0.49843996060552115, -0.45629693802792837, -0.4932181620154764, -0.5094627403254272, -0.23845248245051134, -0.21062043378640724, -0.29594517122027236, -0.34400657720703465, 0.0, 0.01350772528023741, -0.07861114308845987, -0.14601085696237448], [-0.34810316974165656, -0.716390319014115, -0.7959767164340906, -0.7438618254925394, -0.6339103190217339, -0.7833199421218212, -0.7549788974982821, -0.6580935686046787, -0.5506003112571672, -0.5119476858857588, -0.4698046633081654, -0.506725887295714, -0.5229704656056644, -0.2519602077307486, -0.2241281590666446, -0.30945289650050983, -0.35751430248727195, -0.01350772528023741, 0.0, -0.0921188683686973, -0.15951858224261192], [-0.2559843013729592, -0.6242714506454173, -0.7038578480653931, -0.6517429571238419, -0.5417914506530369, -0.6912010737531236, -0.6628600291295846, -0.565974700235982, -0.45848144288847, -0.4198288175170618, -0.3776857949394683, -0.4146070189270166, -0.4308515972369673, -0.15984133936205144, -0.13200929069794728, -0.2173340281318124, -0.26539543411857464, 0.07861114308845987, 0.0921188683686973, 0.0, -0.06739971387391465], [-0.1885845874990446, -0.5568717367715028, -0.6364581341914782, -0.5843432432499274, -0.4743917367791221, -0.6238013598792091, -0.5954603152556701, -0.49857498636206704, -0.39108172901455546, -0.35242910364314667, -0.3102860810655536, -0.3472073050531019, -0.36345188336305256, -0.0924416254881368, -0.06460957682403272, -0.14993431425789783, -0.19799572024466003, 0.14601085696237448, 0.15951858224261192, 0.06739971387391465, 0.0]], [[0.0, 0.29666284471582527, 0.6649051157618311, 0.9756154840993838, 1.1754776410791856, 1.0486325092085842, 1.4448772129089837, 1.6211082656587956, 1.7326659172877785, 0.9861692351599912, 1.2831921371265997, 1.072590300150137, 0.9253321446676763, 0.9172573692372965, 1.1545493586277829, 0.868603488185643, 0.7087263107626649, 0.8423183745448756, 0.9948674279942671, 0.8053082758445914, 0.6756724111672573], [-0.29666284471582527, 0.0, 0.3682422710460061, 0.6789526393835582, 0.8788147963633604, 0.7519696644927588, 1.1482143681931587, 1.3244454209429701, 1.436003072571954, 0.6895063904441661, 0.9865292924107747, 0.7759274554343122, 0.6286692999518513, 0.620594524521471, 0.8578865139119571, 0.5719406434698182, 0.4120634660468398, 0.5456555298290504, 0.6982045832784414, 0.5086454311287663, 0.37900956645143197], [-0.6649051157618311, -0.3682422710460061, 0.0, 0.31071036833755283, 0.5105725253173545, 0.38372739344675316, 0.7799720971471525, 0.9562031498969639, 1.0677608015259474, 0.3212641193981601, 0.6182870213647689, 0.4076851843883062, 0.2604270289058451, 0.2523522534754652, 0.48964424286595154, 0.20369837242381222, 0.043821195000833965, 0.1774132587830444, 0.3299623122324357, 0.14040316008276027, 0.010767295405426138], [-0.9756154840993838, -0.6789526393835582, -0.31071036833755283, 0.0, 0.1998621569798021, 0.07301702510920043, 0.46926172880959965, 0.6454927815594115, 0.7570504331883954, 0.010553751060607368, 0.30757665302721615, 0.09697481605075346, -0.05028333943170748, -0.05835811486208759, 0.17893387452839896, -0.10701199591374042, -0.2668891733367187, -0.13329710955450824, 0.019251943894882953, -0.17030720825479254, -0.29994307293212663], [-1.1754776410791856, -0.8788147963633604, -0.5105725253173545, -0.1998621569798021, 0.0, -0.12684513187060154, 0.26939957182979773, 0.44563062457960945, 0.5571882762085929, -0.18930840591919462, 0.10771449604741411, -0.10288734092904844, -0.2501454964115095, -0.2582202718418896, -0.02092828245140296, -0.3068741528935423, -0.4667513303165207, -0.33315926653431044, -0.18061021308491895, -0.37016936523459437, -0.4998052299119282], [-1.0486325092085842, -0.7519696644927588, -0.38372739344675316, -0.07301702510920043, 0.12684513187060154, 0.0, 0.3962447037003993, 0.572475756450211, 0.6840334080791943, -0.06246327404859306, 0.2345596279180157, 0.023957790941553116, -0.12330036454090788, -0.131375139971288, 0.10591684941919859, -0.18002902102294085, -0.3399061984459191, -0.20631413466370874, -0.05376508121431749, -0.24332423336399284, -0.37296009804132707], [-1.4448772129089837, -1.1482143681931587, -0.7799720971471525, -0.46926172880959965, -0.26939957182979773, -0.3962447037003993, 0.0, 0.17623105274981157, 0.2877887043787951, -0.45870797774899247, -0.1616850757823837, -0.3722869127588463, -0.5195450682413074, -0.5276198436716872, -0.29032785428120084, -0.5762737247233403, -0.7361509021463186, -0.6025588383641083, -0.45000978491471677, -0.6395689370643922, -0.7692048017417266], [-1.6211082656587956, -1.3244454209429701, -0.9562031498969639, -0.6454927815594115, -0.44563062457960945, -0.572475756450211, -0.17623105274981157, 0.0, 0.1115576516289835, -0.6349390304988041, -0.3379161285321954, -0.548517965508658, -0.6957761209911192, -0.7038508964214988, -0.4665589070310125, -0.7525047774731519, -0.9123819548961305, -0.7787898911139198, -0.6262408376645285, -0.8157999898142039, -0.9454358544915381], [-1.7326659172877785, -1.436003072571954, -1.0677608015259474, -0.7570504331883954, -0.5571882762085929, -0.6840334080791943, -0.2877887043787951, -0.1115576516289835, 0.0, -0.7464966821277877, -0.44947378016117895, -0.6600756171376416, -0.8073337726201028, -0.8154085480504825, -0.5781165586599962, -0.864062429102135, -1.023939606525114, -0.890347542742903, -0.7377984892935119, -0.9273576414431878, -1.0569935061205213], [-0.9861692351599912, -0.6895063904441661, -0.3212641193981601, -0.010553751060607368, 0.18930840591919462, 0.06246327404859306, 0.45870797774899247, 0.6349390304988041, 0.7464966821277877, 0.0, 0.2970229019666088, 0.08642106499014615, -0.06083709049231487, -0.06891186592269494, 0.1683801234677917, -0.1175657469743478, -0.2774429243973262, -0.1438508606151156, 0.008698192834275593, -0.18086095931539986, -0.310496823992734], [-1.2831921371265997, -0.9865292924107747, -0.6182870213647689, -0.30757665302721615, -0.10771449604741411, -0.2345596279180157, 0.1616850757823837, 0.3379161285321954, 0.44947378016117895, -0.2970229019666088, 0.0, -0.21060183697646248, -0.35785999245892364, -0.3659347678893039, -0.12864277849881706, -0.41458864894095654, -0.5744658263639351, -0.44087376258172434, -0.28832470913233327, -0.4778838612820085, -0.6075197259593427], [-1.072590300150137, -0.7759274554343122, -0.4076851843883062, -0.09697481605075346, 0.10288734092904844, -0.023957790941553116, 0.3722869127588463, 0.548517965508658, 0.6600756171376416, -0.08642106499014615, 0.21060183697646248, 0.0, -0.14725815548246093, -0.15533293091284114, 0.0819590584776455, -0.20398681196449392, -0.3638639893874722, -0.23027192560526175, -0.07772287215587059, -0.267282024305546, -0.39691788898287994], [-0.9253321446676763, -0.6286692999518513, -0.2604270289058451, 0.05028333943170748, 0.2501454964115095, 0.12330036454090788, 0.5195450682413074, 0.6957761209911192, 0.8073337726201028, 0.06083709049231487, 0.35785999245892364, 0.14725815548246093, 0.0, -0.008074775430380102, 0.22921721396010658, -0.05672865648203291, -0.21660583390501123, -0.0830137701228008, 0.06953528332659047, -0.12002386882308498, -0.24965973350041903], [-0.9172573692372965, -0.620594524521471, -0.2523522534754652, 0.05835811486208759, 0.2582202718418896, 0.131375139971288, 0.5276198436716872, 0.7038508964214988, 0.8154085480504825, 0.06891186592269494, 0.3659347678893039, 0.15533293091284114, 0.008074775430380102, 0.0, 0.23729198939048665, -0.04865388105165284, -0.2085310584746312, -0.07493899469242067, 0.07761005875697057, -0.1119490933927049, -0.24158495807003888], [-1.1545493586277829, -0.8578865139119571, -0.48964424286595154, -0.17893387452839896, 0.02092828245140296, -0.10591684941919859, 0.29032785428120084, 0.4665589070310125, 0.5781165586599962, -0.1683801234677917, 0.12864277849881706, -0.0819590584776455, -0.22921721396010658, -0.23729198939048665, 0.0, -0.28594587044213954, -0.445823047865118, -0.31223098408290734, -0.15968193063351607, -0.3492410827831914, -0.4788769474605255], [-0.868603488185643, -0.5719406434698182, -0.20369837242381222, 0.10701199591374042, 0.3068741528935423, 0.18002902102294085, 0.5762737247233403, 0.7525047774731519, 0.864062429102135, 0.1175657469743478, 0.41458864894095654, 0.20398681196449392, 0.05672865648203291, 0.04865388105165284, 0.28594587044213954, 0.0, -0.1598771774229783, -0.026285113640767844, 0.12626393980862338, -0.06329521234105204, -0.1929310770183862], [-0.7087263107626649, -0.4120634660468398, -0.043821195000833965, 0.2668891733367187, 0.4667513303165207, 0.3399061984459191, 0.7361509021463186, 0.9123819548961305, 1.023939606525114, 0.2774429243973262, 0.5744658263639351, 0.3638639893874722, 0.21660583390501123, 0.2085310584746312, 0.445823047865118, 0.1598771774229783, 0.0, 0.13359206378221053, 0.28614111723160174, 0.09658196508192629, -0.033053899595407804], [-0.8423183745448756, -0.5456555298290504, -0.1774132587830444, 0.13329710955450824, 0.33315926653431044, 0.20631413466370874, 0.6025588383641083, 0.7787898911139198, 0.890347542742903, 0.1438508606151156, 0.44087376258172434, 0.23027192560526175, 0.0830137701228008, 0.07493899469242067, 0.31223098408290734, 0.026285113640767844, -0.13359206378221053, 0.0, 0.15254905344939126, -0.03701009870028418, -0.16664596337761825], [-0.9948674279942671, -0.6982045832784414, -0.3299623122324357, -0.019251943894882953, 0.18061021308491895, 0.05376508121431749, 0.45000978491471677, 0.6262408376645285, 0.7377984892935119, -0.008698192834275593, 0.28832470913233327, 0.07772287215587059, -0.06953528332659047, -0.07761005875697057, 0.15968193063351607, -0.12626393980862338, -0.28614111723160174, -0.15254905344939126, 0.0, -0.1895591521496755, -0.3191950168270095], [-0.8053082758445914, -0.5086454311287663, -0.14040316008276027, 0.17030720825479254, 0.37016936523459437, 0.24332423336399284, 0.6395689370643922, 0.8157999898142039, 0.9273576414431878, 0.18086095931539986, 0.4778838612820085, 0.267282024305546, 0.12002386882308498, 0.1119490933927049, 0.3492410827831914, 0.06329521234105204, -0.09658196508192629, 0.03701009870028418, 0.1895591521496755, 0.0, -0.12963586467733407], [-0.6756724111672573, -0.37900956645143197, -0.010767295405426138, 0.29994307293212663, 0.4998052299119282, 0.37296009804132707, 0.7692048017417266, 0.9454358544915381, 1.0569935061205213, 0.310496823992734, 0.6075197259593427, 0.39691788898287994, 0.24965973350041903, 0.24158495807003888, 0.4788769474605255, 0.1929310770183862, 0.033053899595407804, 0.16664596337761825, 0.3191950168270095, 0.12963586467733407, 0.0]]]