[[[0.0, -0.31414320825340925, -0.3510041582995359, -0.20862977265560148, -0.02515587834611912, -0.2799386006131763, -0.31837922541101576, -0.32763549083049753, -0.3138689682660991, -0.07135280596738527, -0.0757298969388292, -0.08372974592970105, -0.0776543341109189, 0.1549308735391124, 0.1260471185045611, 0.03915652475774954, 0.007348965817228873, 0.36883291168861065, 0.28884193614871123, 0.17811203108081008, 0.1397010972350987], [0.31414320825340925, 0.0, -0.03686095004612663, 0.10551343559780768, 0.28898732990729015, 0.03420460764023293, -0.004236017157606545, -0.013492282577088318, 0.0002742399873102338, 0.24279040228602408, 0.23841331131458013, 0.2304134623237081, 0.23648887414249029, 0.46907408179252164, 0.44019032675797026, 0.3532997330111587, 0.3214921740706382, 0.6829761199420196, 0.6029851444021204, 0.49225523933421933, 0.45384430548850796], [0.3510041582995359, 0.03686095004612663, 0.0, 0.1423743856439344, 0.32584827995341675, 0.07106555768635954, 0.03262493288852008, 0.023368667469038314, 0.03713519003343687, 0.2796513523321507, 0.2752742613607067, 0.2672744123698346, 0.2733498241886172, 0.5059350318386484, 0.4770512768040968, 0.3901606830572855, 0.3583531241167647, 0.7198370699881464, 0.6398460944482469, 0.529116189380346, 0.49070525553463445], [0.20862977265560148, -0.10551343559780768, -0.1423743856439344, 0.0, 0.1834738943094822, -0.07130882795757483, -0.10974945275541433, -0.11900571817489607, -0.10523919561049754, 0.13727696668821618, 0.13289987571677225, 0.12490002672590035, 0.13097543854468252, 0.36356064619471395, 0.3346768911601625, 0.2477862974133511, 0.21597873847283036, 0.5774626843442122, 0.4974717088043129, 0.3867418037364115, 0.3483308698907001], [0.02515587834611912, -0.28898732990729015, -0.32584827995341675, -0.1834738943094822, 0.0, -0.25478272226705717, -0.2932233470648967, -0.3024796124843784, -0.28871308991998, -0.04619692762126614, -0.05057401859271006, -0.058573867583581955, -0.05249845576479978, 0.1800867518852316, 0.15120299685068017, 0.06431240310386867, 0.03250484416334799, 0.39398879003472964, 0.3139978144948303, 0.2032679094269292, 0.16485697558121779], [0.2799386006131763, -0.03420460764023293, -0.07106555768635954, 0.07130882795757483, 0.25478272226705717, 0.0, -0.03844062479783947, -0.047696890217321236, -0.03393036765292267, 0.20858579464579094, 0.2042087036743471, 0.19620885468347515, 0.2022842665022574, 0.4348694741522885, 0.4059857191177374, 0.319095125370926, 0.28728756643040526, 0.6487715123017869, 0.5687805367618878, 0.4580506316939864, 0.419639697848275], [0.31837922541101576, 0.004236017157606545, -0.03262493288852008, 0.10974945275541433, 0.2932233470648967, 0.03844062479783947, 0.0, -0.00925626541948177, 0.0045102571449167775, 0.24702641944363052, 0.2426493284721866, 0.23464947948131465, 0.24072489130009686, 0.4733100989501282, 0.44442634391557706, 0.3575357501687653, 0.3257281912282445, 0.6872121370996263, 0.6072211615597269, 0.49649125649182574, 0.45808032264611453], [0.32763549083049753, 0.013492282577088318, -0.023368667469038314, 0.11900571817489607, 0.3024796124843784, 0.047696890217321236, 0.00925626541948177, 0.0, 0.013766522564398545, 0.2562826848631123, 0.25190559389166833, 0.24390574490079645, 0.24998115671957855, 0.48256636436960987, 0.4536826093350587, 0.3667920155882472, 0.33498445664772647, 0.6964684025191081, 0.6164774269792092, 0.5057475219113075, 0.4673365880655961], [0.3138689682660991, -0.0002742399873102338, -0.03713519003343687, 0.10523919561049754, 0.28871308991998, 0.03393036765292267, -0.0045102571449167775, -0.013766522564398545, 0.0, 0.24251616229871378, 0.23813907132726983, 0.2301392223363979, 0.23621463415518007, 0.4687998418052113, 0.4399160867706602, 0.3530254930238484, 0.3212179340833278, 0.6827018799547092, 0.6027109044148101, 0.49198099934690903, 0.4535700655011976], [0.07135280596738527, -0.24279040228602408, -0.2796513523321507, -0.13727696668821618, 0.04619692762126614, -0.20858579464579094, -0.24702641944363052, -0.2562826848631123, -0.24251616229871378, 0.0, -0.004377090971443929, -0.012376939962315807, -0.00630152814353363, 0.22628367950649778, 0.19739992447194624, 0.11050933072513489, 0.07870177178461414, 0.4401857176559958, 0.3601947421160964, 0.24946483704819541, 0.2110539032024839], [0.0757298969388292, -0.23841331131458013, -0.2752742613607067, -0.13289987571677225, 0.05057401859271006, -0.2042087036743471, -0.2426493284721866, -0.25190559389166833, -0.23813907132726983, 0.004377090971443929, 0.0, -0.007999848990871876, -0.0019244371720896951, 0.23066077047794156, 0.20177701544339022, 0.11488642169657873, 0.08307886275605803, 0.4445628086274396, 0.36457183308754054, 0.2538419280196393, 0.21543099417392778], [0.08372974592970105, -0.2304134623237081, -0.2672744123698346, -0.12490002672590035, 0.058573867583581955, -0.19620885468347515, -0.23464947948131465, -0.24390574490079645, -0.2301392223363979, 0.012376939962315807, 0.007999848990871876, 0.0, 0.00607541181878218, 0.23866061946881353, 0.2097768644342622, 0.12288627068745064, 0.09107871174692991, 0.4525626576183117, 0.37257168207841235, 0.261841777010511, 0.22343084316479966], [0.0776543341109189, -0.23648887414249029, -0.2733498241886172, -0.13097543854468252, 0.05249845576479978, -0.2022842665022574, -0.24072489130009686, -0.24998115671957855, -0.23621463415518007, 0.00630152814353363, 0.0019244371720896951, -0.00607541181878218, 0.0, 0.2325852076500313, 0.20370145261548, 0.11681085886866845, 0.08500329992814777, 0.44648724579952925, 0.3664962702596302, 0.255766365191729, 0.21735543134601762], [-0.1549308735391124, -0.46907408179252164, -0.5059350318386484, -0.36356064619471395, -0.1800867518852316, -0.4348694741522885, -0.4733100989501282, -0.48256636436960987, -0.4687998418052113, -0.22628367950649778, -0.23066077047794156, -0.23866061946881353, -0.2325852076500313, 0.0, -0.028883755034551276, -0.11577434878136288, -0.1475819077218835, 0.21390203814949807, 0.13391106260959895, 0.023181157541697705, -0.015229776304013733], [-0.1260471185045611, -0.44019032675797026, -0.4770512768040968, -0.3346768911601625, -0.15120299685068017, -0.4059857191177374, -0.44442634391557706, -0.4536826093350587, -0.4399160867706602, -0.19739992447194624, -0.20177701544339022, -0.2097768644342622, -0.20370145261548, 0.028883755034551276, 0.0, -0.08689059374681156, -0.11869815268733226, 0.2427857931840495, 0.16279481764415013, 0.052064912576248984, 0.01365397873053756], [-0.03915652475774954, -0.3532997330111587, -0.3901606830572855, -0.2477862974133511, -0.06431240310386867, -0.319095125370926, -0.3575357501687653, -0.3667920155882472, -0.3530254930238484, -0.11050933072513489, -0.11488642169657873, -0.12288627068745064, -0.11681085886866845, 0.11577434878136288, 0.08689059374681156, 0.0, -0.03180755894052069, 0.3296763869308608, 0.2496854113909618, 0.13895550632306056, 0.10054457247734909], [-0.007348965817228873, -0.3214921740706382, -0.3583531241167647, -0.21597873847283036, -0.03250484416334799, -0.28728756643040526, -0.3257281912282445, -0.33498445664772647, -0.3212179340833278, -0.07870177178461414, -0.08307886275605803, -0.09107871174692991, -0.08500329992814777, 0.1475819077218835, 0.11869815268733226, 0.03180755894052069, 0.0, 0.36148394587138155, 0.28149297033148246, 0.1707630652635812, 0.13235213141786978], [-0.36883291168861065, -0.6829761199420196, -0.7198370699881464, -0.5774626843442122, -0.39398879003472964, -0.6487715123017869, -0.6872121370996263, -0.6964684025191081, -0.6827018799547092, -0.4401857176559958, -0.4445628086274396, -0.4525626576183117, -0.44648724579952925, -0.21390203814949807, -0.2427857931840495, -0.3296763869308608, -0.36148394587138155, 0.0, -0.07999097553989919, -0.19072088060780043, -0.22913181445351183], [-0.28884193614871123, -0.6029851444021204, -0.6398460944482469, -0.4974717088043129, -0.3139978144948303, -0.5687805367618878, -0.6072211615597269, -0.6164774269792092, -0.6027109044148101, -0.3601947421160964, -0.36457183308754054, -0.37257168207841235, -0.3664962702596302, -0.13391106260959895, -0.16279481764415013, -0.2496854113909618, -0.28149297033148246, 0.07999097553989919, 0.0, -0.11072990506790122, -0.14914083891361263], [-0.17811203108081008, -0.49225523933421933, -0.529116189380346, -0.3867418037364115, -0.2032679094269292, -0.4580506316939864, -0.49649125649182574, -0.5057475219113075, -0.49198099934690903, -0.24946483704819541, -0.2538419280196393, -0.261841777010511, -0.255766365191729, -0.023181157541697705, -0.052064912576248984, -0.13895550632306056, -0.1707630652635812, 0.19072088060780043, 0.11072990506790122, 0.0, -0.03841093384571144], [-0.1397010972350987, -0.45384430548850796, -0.49070525553463445, -0.3483308698907001, -0.16485697558121779, -0.419639697848275, -0.45808032264611453, -0.4673365880655961, -0.4535700655011976, -0.2110539032024839, -0.21543099417392778, -0.22343084316479966, -0.21735543134601762, 0.015229776304013733, -0.01365397873053756, -0.10054457247734909, -0.13235213141786978, 0.22913181445351183, 0.14914083891361263, 0.03841093384571144, 0.0]], [[0.0, 0.21938151046076484, 0.5654880474257635, 0.8063964063379899, 0.9478018403081669, 1.00496030261702, 1.4655038696332836, 1.7470947663043932, 1.9718394238482009, 0.9973047944767628, 1.4832255610300407, 1.8104497398476471, 2.06311578225238, 0.8995689149955356, 1.1378740113332355, 0.8764265645254389, 0.682650152643306, 0.757551873633592, 0.9387237076374714, 0.7858792021210566, 0.6433072868999089], [-0.21938151046076484, 0.0, 0.34610653696499843, 0.5870148958772254, 0.7284203298474026, 0.785578792156255, 1.2461223591725195, 1.527713255843628, 1.752457913387436, 0.7779232840159984, 1.2638440505692763, 1.5910682293868823, 1.8437342717916154, 0.6801874045347702, 0.9184925008724708, 0.6570450540646736, 0.4632686421825412, 0.538170363172827, 0.7193421971767066, 0.5664976916602918, 0.4239257764391441], [-0.5654880474257635, -0.34610653696499843, 0.0, 0.24090835891222695, 0.38231379288240386, 0.43947225519125643, 0.9000158222075204, 1.181606718878629, 1.4063513764224382, 0.4318167470509997, 0.9177375136042776, 1.2449616924218838, 1.4976277348266163, 0.3340808675697719, 0.5723859639074723, 0.31093851709967524, 0.11716210521754288, 0.1920638262078285, 0.37323566021170757, 0.22039115469529336, 0.07781923947414543], [-0.8063964063379899, -0.5870148958772254, -0.24090835891222695, 0.0, 0.14140543397017702, 0.19856389627902946, 0.6591074632952933, 0.9406983599664026, 1.1654430175102117, 0.19090838813877284, 0.6768291546920507, 1.0040533335096569, 1.256719375914389, 0.09317250865754496, 0.33147760499524515, 0.07003015818744841, -0.12374625369468399, -0.04884453270439839, 0.1323273012994808, -0.02051720421693354, -0.16308911943808138], [-0.9478018403081669, -0.7284203298474026, -0.38231379288240386, -0.14140543397017702, 0.0, 0.057158462308852395, 0.5177020293251166, 0.7992929259962254, 1.0240375835400344, 0.04950295416859576, 0.5354237207218738, 0.8626478995394798, 1.1153139419442124, -0.048232925312632055, 0.1900721710250682, -0.07137527578272856, -0.2651516876648611, -0.1902499666745754, -0.00907813267069622, -0.1619226381871105, -0.3044945534082583], [-1.00496030261702, -0.785578792156255, -0.43947225519125643, -0.19856389627902946, -0.057158462308852395, 0.0, 0.46054356701626387, 0.7421344636873729, 0.9668791212311817, -0.007655508140256632, 0.47826525841302164, 0.8054894372306274, 1.0581554796353594, -0.10539138762148444, 0.13291370871621583, -0.12853373809158095, -0.3223101499737133, -0.24740842898342788, -0.06623659497954865, -0.219081100495963, -0.36165301571711084], [-1.4655038696332836, -1.2461223591725195, -0.9000158222075204, -0.6591074632952933, -0.5177020293251166, -0.46054356701626387, 0.0, 0.28159089667110887, 0.5063355542149179, -0.4681990751565206, 0.017721691396757538, 0.3449458702143637, 0.597611912619096, -0.5659349546377483, -0.3276298583000481, -0.5890773051078448, -0.7828537169899775, -0.7079519959996918, -0.5267801619958129, -0.6796246675122269, -0.8221965827333748], [-1.7470947663043932, -1.527713255843628, -1.181606718878629, -0.9406983599664026, -0.7992929259962254, -0.7421344636873729, -0.28159089667110887, 0.0, 0.2247446575438089, -0.7497899718276294, -0.2638692052743513, 0.06335497354325467, 0.316021015947987, -0.8475258513088579, -0.6092207549711569, -0.8706682017789538, -1.064444613661086, -0.9895428926708005, -0.8083710586669216, -0.9612155641833359, -1.1037874794044844], [-1.9718394238482009, -1.752457913387436, -1.4063513764224382, -1.1654430175102117, -1.0240375835400344, -0.9668791212311817, -0.5063355542149179, -0.2247446575438089, 0.0, -0.9745346293714383, -0.4886138628181603, -0.16138968400055426, 0.09127635840417801, -1.0722705088526665, -0.8339654125149661, -1.095412859322763, -1.289189271204895, -1.2142875502146098, -1.0331157162107303, -1.1859602217271448, -1.3285321369482928], [-0.9973047944767628, -0.7779232840159984, -0.4318167470509997, -0.19090838813877284, -0.04950295416859576, 0.007655508140256632, 0.4681990751565206, 0.7497899718276294, 0.9745346293714383, 0.0, 0.48592076655327804, 0.8131449453708846, 1.0658109877756166, -0.09773587948122783, 0.1405692168564725, -0.12087822995132438, -0.31465464183345676, -0.23975292084317118, -0.058581086839291995, -0.2114255923557064, -0.3539975075768541], [-1.4832255610300407, -1.2638440505692763, -0.9177375136042776, -0.6768291546920507, -0.5354237207218738, -0.47826525841302164, -0.017721691396757538, 0.2638692052743513, 0.4886138628181603, -0.48592076655327804, 0.0, 0.327224178817606, 0.5798902212223385, -0.5836566460345061, -0.3453515496968057, -0.6067989965046023, -0.800575408386735, -0.7256736873964491, -0.5445018533925701, -0.6973463589089844, -0.8399182741301324], [-1.8104497398476471, -1.5910682293868823, -1.2449616924218838, -1.0040533335096569, -0.8626478995394798, -0.8054894372306274, -0.3449458702143637, -0.06335497354325467, 0.16138968400055426, -0.8131449453708846, -0.327224178817606, 0.0, 0.25266604240473234, -0.9108808248521114, -0.6725757285144117, -0.9340231753222088, -1.1277995872043411, -1.0528978662140553, -0.8717260322101765, -1.0245705377265906, -1.1671424529477388], [-2.06311578225238, -1.8437342717916154, -1.4976277348266163, -1.256719375914389, -1.1153139419442124, -1.0581554796353594, -0.597611912619096, -0.316021015947987, -0.09127635840417801, -1.0658109877756166, -0.5798902212223385, -0.25266604240473234, 0.0, -1.1635468672568443, -0.9252417709191443, -1.1866892177269412, -1.3804656296090736, -1.3055639086187876, -1.1243920746149088, -1.2772365801313224, -1.419808495352471], [-0.8995689149955356, -0.6801874045347702, -0.3340808675697719, -0.09317250865754496, 0.048232925312632055, 0.10539138762148444, 0.5659349546377483, 0.8475258513088579, 1.0722705088526665, 0.09773587948122783, 0.5836566460345061, 0.9108808248521114, 1.1635468672568443, 0.0, 0.23830509633770025, -0.023142350470096516, -0.21691876235222904, -0.1420170413619433, 0.039154792641935846, -0.11368971287447854, -0.2562616280956263], [-1.1378740113332355, -0.9184925008724708, -0.5723859639074723, -0.33147760499524515, -0.1900721710250682, -0.13291370871621583, 0.3276298583000481, 0.6092207549711569, 0.8339654125149661, -0.1405692168564725, 0.3453515496968057, 0.6725757285144117, 0.9252417709191443, -0.23830509633770025, 0.0, -0.2614474468077969, -0.45522385868992926, -0.38032213769964374, -0.19915030369576453, -0.3519948092121789, -0.4945667244333267], [-0.8764265645254389, -0.6570450540646736, -0.31093851709967524, -0.07003015818744841, 0.07137527578272856, 0.12853373809158095, 0.5890773051078448, 0.8706682017789538, 1.095412859322763, 0.12087822995132438, 0.6067989965046023, 0.9340231753222088, 1.1866892177269412, 0.023142350470096516, 0.2614474468077969, 0.0, -0.19377641188213246, -0.11887469089184681, 0.062297143112032376, -0.09054736240438195, -0.23311927762552972], [-0.682650152643306, -0.4632686421825412, -0.11716210521754288, 0.12374625369468399, 0.2651516876648611, 0.3223101499737133, 0.7828537169899775, 1.064444613661086, 1.289189271204895, 0.31465464183345676, 0.800575408386735, 1.1277995872043411, 1.3804656296090736, 0.21691876235222904, 0.45522385868992926, 0.19377641188213246, 0.0, 0.07490172099028562, 0.25607355499416484, 0.10322904947775047, -0.03934286574339738], [-0.757551873633592, -0.538170363172827, -0.1920638262078285, 0.04884453270439839, 0.1902499666745754, 0.24740842898342788, 0.7079519959996918, 0.9895428926708005, 1.2142875502146098, 0.23975292084317118, 0.7256736873964491, 1.0528978662140553, 1.3055639086187876, 0.1420170413619433, 0.38032213769964374, 0.11887469089184681, -0.07490172099028562, 0.0, 0.18117183400387915, 0.028327328487464845, -0.11424458673368304], [-0.9387237076374714, -0.7193421971767066, -0.37323566021170757, -0.1323273012994808, 0.00907813267069622, 0.06623659497954865, 0.5267801619958129, 0.8083710586669216, 1.0331157162107303, 0.058581086839291995, 0.5445018533925701, 0.8717260322101765, 1.1243920746149088, -0.039154792641935846, 0.19915030369576453, -0.062297143112032376, -0.25607355499416484, -0.18117183400387915, 0.0, -0.15284450551641426, -0.29541642073756214], [-0.7858792021210566, -0.5664976916602918, -0.22039115469529336, 0.02051720421693354, 0.1619226381871105, 0.219081100495963, 0.6796246675122269, 0.9612155641833359, 1.1859602217271448, 0.2114255923557064, 0.6973463589089844, 1.0245705377265906, 1.2772365801313224, 0.11368971287447854, 0.3519948092121789, 0.09054736240438195, -0.10322904947775047, -0.028327328487464845, 0.15284450551641426, 0.0, -0.14257191522114787], [-0.6433072868999089, -0.4239257764391441, -0.07781923947414543, 0.16308911943808138, 0.3044945534082583, 0.36165301571711084, 0.8221965827333748, 1.1037874794044844, 1.3285321369482928, 0.3539975075768541, 0.8399182741301324, 1.1671424529477388, 1.419808495352471, 0.2562616280956263, 0.4945667244333267, 0.23311927762552972, 0.03934286574339738, 0.11424458673368304, 0.29541642073756214, 0.14257191522114787, 0.0]]]