[[[0.0, -0.20854243295742278, -0.22999006278995515, -0.05638023230603233, 0.1437929818011545, -0.27318378715677066, -0.27598581259916993, -0.25624754564578905, -0.22273722649868477, -0.10176663566706277, -0.1027957570127086, -0.08513553551347071, -0.07722452238464311, 0.07017652897176661, 0.07267876727210752, 0.07297898338243303, 0.07585182058202677, 0.23303905078385545, 0.20239684740835265, 0.15086895960866817, 0.11191981184196008], [0.20854243295742278, 0.0, -0.021447629832532428, 0.15216220065139047, 0.3523354147585773, -0.06464135419934797, -0.06744337964174721, -0.04770511268836618, -0.014194793541261972, 0.10677579729035996, 0.10574667594471418, 0.12340689744395208, 0.13131791057277964, 0.2787189619291894, 0.28122120022953023, 0.28152141633985583, 0.28439425353944964, 0.44158148374127804, 0.41093928036577543, 0.3594113925660908, 0.3204622447993828], [0.22999006278995515, 0.021447629832532428, 0.0, 0.17360983048392284, 0.3737830445911095, -0.04319372436681554, -0.04599574980921475, -0.02625748285583374, 0.007252836291270448, 0.12822342712289247, 0.12719430577724666, 0.1448545272764845, 0.152765540405312, 0.3001665917617219, 0.30266883006206274, 0.3029690461723883, 0.3058418833719819, 0.4630291135738105, 0.4323869101983076, 0.38085902239862335, 0.34190987463191513], [0.05638023230603233, -0.15216220065139047, -0.17360983048392284, 0.0, 0.20017321410718691, -0.21680355485073835, -0.21960558029313768, -0.19986731333975652, -0.16635699419265243, -0.04538640336103041, -0.046415524706676224, -0.028755303207438354, -0.020844290078610783, 0.12655676127779894, 0.12905899957813985, 0.1293592156884654, 0.13223205288805917, 0.2894192830898878, 0.2587770797143849, 0.20724919191470056, 0.16830004414799243], [-0.1437929818011545, -0.3523354147585773, -0.3737830445911095, -0.20017321410718691, 0.0, -0.41697676895792557, -0.4197787944003244, -0.4000405274469434, -0.3665302082998393, -0.24555961746821725, -0.2465887388138631, -0.2289285173146251, -0.22101750418579758, -0.07361645282938788, -0.07111421452904694, -0.07081399841872141, -0.06794116121912765, 0.08924606898270099, 0.058603865607198234, 0.007075977807513695, -0.031873169959194404], [0.27318378715677066, 0.06464135419934797, 0.04319372436681554, 0.21680355485073835, 0.41697676895792557, 0.0, -0.0028020254423992276, 0.016936241510981786, 0.05044656065808599, 0.17141715148970785, 0.1703880301440621, 0.18804825164330002, 0.19595926477212763, 0.3433603161285373, 0.3458625544288782, 0.3461627705392037, 0.34903560773879755, 0.5062228379406263, 0.47558063456512356, 0.424052746765439, 0.38510359899873076], [0.27598581259916993, 0.06744337964174721, 0.04599574980921475, 0.21960558029313768, 0.4197787944003244, 0.0028020254423992276, 0.0, 0.019738266953381024, 0.053248586100485176, 0.1742191769321072, 0.17319005558646133, 0.19085027708569932, 0.19876129021452685, 0.34616234157093656, 0.3486645798712775, 0.34896479598160296, 0.35183763318119676, 0.5090248633830252, 0.4783826600075226, 0.42685477220783824, 0.38790562444113], [0.25624754564578905, 0.04770511268836618, 0.02625748285583374, 0.19986731333975652, 0.4000405274469434, -0.016936241510981786, -0.019738266953381024, 0.0, 0.0335103191471042, 0.15448090997872618, 0.15345178863308034, 0.1711120101323182, 0.1790230232611458, 0.3264240746175556, 0.3289263129178965, 0.32922652902822186, 0.3320993662278157, 0.48928659642964456, 0.45864439305414173, 0.40711650525445714, 0.36816735748774904], [0.22273722649868477, 0.014194793541261972, -0.007252836291270448, 0.16635699419265243, 0.3665302082998393, -0.05044656065808599, -0.053248586100485176, -0.0335103191471042, 0.0, 0.12097059083162202, 0.11994146948597617, 0.13760169098521408, 0.1455127041140416, 0.2929137554704515, 0.2954159937707923, 0.29571620988111785, 0.2985890470807115, 0.4557762772825402, 0.42513407390703734, 0.373606186107353, 0.33465703834064464], [0.10176663566706277, -0.10677579729035996, -0.12822342712289247, 0.04538640336103041, 0.24555961746821725, -0.17141715148970785, -0.1742191769321072, -0.15448090997872618, -0.12097059083162202, 0.0, -0.001029121345645814, 0.016631100153592066, 0.024542113282419648, 0.17194316463882933, 0.1744454029391703, 0.1747456190494958, 0.17761845624908948, 0.3348056864509183, 0.30416348307541546, 0.2526355952757309, 0.21368644750902294], [0.1027957570127086, -0.10574667594471418, -0.12719430577724666, 0.046415524706676224, 0.2465887388138631, -0.1703880301440621, -0.17319005558646133, -0.15345178863308034, -0.11994146948597617, 0.001029121345645814, 0.0, 0.01766022149923789, 0.02557123462806545, 0.17297228598447514, 0.17547452428481608, 0.17577474039514157, 0.17864757759473535, 0.335834807796564, 0.3051926044210614, 0.2536647166213767, 0.21471556885466872], [0.08513553551347071, -0.12340689744395208, -0.1448545272764845, 0.028755303207438354, 0.2289285173146251, -0.18804825164330002, -0.19085027708569932, -0.1711120101323182, -0.13760169098521408, -0.016631100153592066, -0.01766022149923789, 0.0, 0.007911013128827572, 0.15531206448523724, 0.15781430278557818, 0.15811451889590375, 0.16098735609549744, 0.31817458629732626, 0.2875323829218235, 0.23600449512213884, 0.19705534735543068], [0.07722452238464311, -0.13131791057277964, -0.152765540405312, 0.020844290078610783, 0.22101750418579758, -0.19595926477212763, -0.19876129021452685, -0.1790230232611458, -0.1455127041140416, -0.024542113282419648, -0.02557123462806545, -0.007911013128827572, 0.0, 0.1474010513564097, 0.14990328965675062, 0.1502035057670762, 0.1530763429666699, 0.31026357316849856, 0.27962136979299584, 0.2280934819933114, 0.18914433422660312], [-0.07017652897176661, -0.2787189619291894, -0.3001665917617219, -0.12655676127779894, 0.07361645282938788, -0.3433603161285373, -0.34616234157093656, -0.3264240746175556, -0.2929137554704515, -0.17194316463882933, -0.17297228598447514, -0.15531206448523724, -0.1474010513564097, 0.0, 0.0025022383003409036, 0.0028024544106664217, 0.005675291610260157, 0.16286252181208882, 0.13222031843658608, 0.08069243063690151, 0.04174328287019346], [-0.07267876727210752, -0.28122120022953023, -0.30266883006206274, -0.12905899957813985, 0.07111421452904694, -0.3458625544288782, -0.3486645798712775, -0.3289263129178965, -0.2954159937707923, -0.1744454029391703, -0.17547452428481608, -0.15781430278557818, -0.14990328965675062, -0.0025022383003409036, 0.0, 0.000300216110325519, 0.0031730533099192525, 0.1603602835117479, 0.12971808013624517, 0.07819019233656066, 0.03924104456985256], [-0.07297898338243303, -0.28152141633985583, -0.3029690461723883, -0.1293592156884654, 0.07081399841872141, -0.3461627705392037, -0.34896479598160296, -0.32922652902822186, -0.29571620988111785, -0.1747456190494958, -0.17577474039514157, -0.15811451889590375, -0.1502035057670762, -0.0028024544106664217, -0.000300216110325519, 0.0, 0.002872837199593734, 0.16006006740142237, 0.1294178640259197, 0.07788997622623514, 0.038940828459527024], [-0.07585182058202677, -0.28439425353944964, -0.3058418833719819, -0.13223205288805917, 0.06794116121912765, -0.34903560773879755, -0.35183763318119676, -0.3320993662278157, -0.2985890470807115, -0.17761845624908948, -0.17864757759473535, -0.16098735609549744, -0.1530763429666699, -0.005675291610260157, -0.0031730533099192525, -0.002872837199593734, 0.0, 0.1571872302018286, 0.126545026826326, 0.0750171390266414, 0.0360679912599333], [-0.23303905078385545, -0.44158148374127804, -0.4630291135738105, -0.2894192830898878, -0.08924606898270099, -0.5062228379406263, -0.5090248633830252, -0.48928659642964456, -0.4557762772825402, -0.3348056864509183, -0.335834807796564, -0.31817458629732626, -0.31026357316849856, -0.16286252181208882, -0.1603602835117479, -0.16006006740142237, -0.1571872302018286, 0.0, -0.03064220337550271, -0.08217009117518721, -0.12111923894189532], [-0.20239684740835265, -0.41093928036577543, -0.4323869101983076, -0.2587770797143849, -0.058603865607198234, -0.47558063456512356, -0.4783826600075226, -0.45864439305414173, -0.42513407390703734, -0.30416348307541546, -0.3051926044210614, -0.2875323829218235, -0.27962136979299584, -0.13222031843658608, -0.12971808013624517, -0.1294178640259197, -0.126545026826326, 0.03064220337550271, 0.0, -0.05152788779968457, -0.09047703556639267], [-0.15086895960866817, -0.3594113925660908, -0.38085902239862335, -0.20724919191470056, -0.007075977807513695, -0.424052746765439, -0.42685477220783824, -0.40711650525445714, -0.373606186107353, -0.2526355952757309, -0.2536647166213767, -0.23600449512213884, -0.2280934819933114, -0.08069243063690151, -0.07819019233656066, -0.07788997622623514, -0.0750171390266414, 0.08217009117518721, 0.05152788779968457, 0.0, -0.038949147766708096], [-0.11191981184196008, -0.3204622447993828, -0.34190987463191513, -0.16830004414799243, 0.031873169959194404, -0.38510359899873076, -0.38790562444113, -0.36816735748774904, -0.33465703834064464, -0.21368644750902294, -0.21471556885466872, -0.19705534735543068, -0.18914433422660312, -0.04174328287019346, -0.03924104456985256, -0.038940828459527024, -0.0360679912599333, 0.12111923894189532, 0.09047703556639267, 0.038949147766708096, 0.0]], [[0.0, 0.15415562362259658, 0.508527086231054, 0.7483364236626722, 0.8463069737664588, 0.9666101149537802, 1.3516412037398533, 1.6051556142750474, 1.8147066017408082, 0.9946599591066548, 1.3995216602743097, 1.6636173318720429, 1.8878114949488887, 0.9439065140281457, 1.3292559997102282, 1.5846210248635435, 1.8044975450919545, 0.8405628578874912, 1.1109819430100536, 1.1611279982722857, 1.1736852420035908], [-0.15415562362259658, 0.0, 0.3543714626084574, 0.5941808000400753, 0.6921513501438622, 0.8124544913311829, 1.197485580117257, 1.4509999906524502, 1.6605509781182106, 0.8405043354840582, 1.2453660366517125, 1.5094617082494466, 1.7336558713262926, 0.7897508904055499, 1.1751003760876315, 1.4304654012409457, 1.6503419214693573, 0.6864072342648949, 0.9568263193874571, 1.0069723746496893, 1.0195296183809943], [-0.508527086231054, -0.3543714626084574, 0.0, 0.23980933743161817, 0.3377798875354047, 0.45808302872272605, 0.8431141175087994, 1.0966285280439922, 1.306179515509754, 0.48613287287560014, 0.8909945740432551, 1.1550902456409897, 1.3792844087178335, 0.4353794277970922, 0.8207289134791742, 1.076093938632489, 1.2959704588609007, 0.3320357716564372, 0.6024548567789996, 0.6526009120412317, 0.665158155772537], [-0.7483364236626722, -0.5941808000400753, -0.23980933743161817, 0.0, 0.09797055010378668, 0.21827369129110788, 0.6033047800771812, 0.8568191906123748, 1.0663701780781358, 0.24632353544398225, 0.6511852366116372, 0.9152809082093724, 1.1394750712862165, 0.19557009036547396, 0.580919576047556, 0.836284601200871, 1.0561611214292823, 0.09222643422481912, 0.3626455193473813, 0.41279157460961363, 0.42534881834091887], [-0.8463069737664588, -0.6921513501438622, -0.3377798875354047, -0.09797055010378668, 0.0, 0.12030314118732129, 0.5053342299733946, 0.7588486405085881, 0.9683996279743495, 0.1483529853401956, 0.5532146865078502, 0.8173103581055849, 1.0415045211824294, 0.0975995402616872, 0.48294902594376937, 0.7383140510970841, 0.958190571325496, -0.005744115878967492, 0.2646749692435945, 0.314821024505827, 0.32737826823713256], [-0.9666101149537802, -0.8124544913311829, -0.45808302872272605, -0.21827369129110788, -0.12030314118732129, 0.0, 0.3850310887860736, 0.6385454993212665, 0.848096486787028, 0.028049844152874263, 0.43291154532052906, 0.6970072169182641, 0.9212013799951084, -0.022703600925634074, 0.36264588475644793, 0.618010909909763, 0.8378874301381747, -0.12604725706628886, 0.14437182805627327, 0.1945178833185059, 0.20707512704981107], [-1.3516412037398533, -1.197485580117257, -0.8431141175087994, -0.6033047800771812, -0.5053342299733946, -0.3850310887860736, 0.0, 0.2535144105351932, 0.46306539800095436, -0.3569812446331992, 0.047880456534455516, 0.31197612813219044, 0.5361702912090349, -0.4077346897117075, -0.022385204029625527, 0.23297982112368967, 0.4528563413521009, -0.5110783458523622, -0.2406592607298002, -0.19051320546756773, -0.17795596173626232], [-1.6051556142750474, -1.4509999906524502, -1.0966285280439922, -0.8568191906123748, -0.7588486405085881, -0.6385454993212665, -0.2535144105351932, 0.0, 0.20955098746576117, -0.6104956551683923, -0.20563395400073753, 0.05846171759699726, 0.28265588067384184, -0.6612491002469008, -0.27589961456481854, -0.020534589411503528, 0.19934193081690776, -0.7645927563875553, -0.4941736712649931, -0.44402761600276053, -0.4314703722714555], [-1.8147066017408082, -1.6605509781182106, -1.306179515509754, -1.0663701780781358, -0.9683996279743495, -0.848096486787028, -0.46306539800095436, -0.20955098746576117, 0.0, -0.8200466426341534, -0.41518494146649865, -0.15108926986876392, 0.07310489320808064, -0.8708000877126618, -0.4854506020305797, -0.2300855768772647, -0.010209056648853387, -0.9741437438533158, -0.7037246587307544, -0.653578603468522, -0.6410213597372169], [-0.9946599591066548, -0.8405043354840582, -0.48613287287560014, -0.24632353544398225, -0.1483529853401956, -0.028049844152874263, 0.3569812446331992, 0.6104956551683923, 0.8200466426341534, 0.0, 0.40486170116765463, 0.6689573727653897, 0.8931515358422344, -0.05075344507850835, 0.3345960406035736, 0.5899610657568889, 0.8098375859853, -0.15409710121916306, 0.11632198390339904, 0.16646803916563147, 0.1790252828969368], [-1.3995216602743097, -1.2453660366517125, -0.8909945740432551, -0.6511852366116372, -0.5532146865078502, -0.43291154532052906, -0.047880456534455516, 0.20563395400073753, 0.41518494146649865, -0.40486170116765463, 0.0, 0.2640956715977349, 0.48828983467457954, -0.45561514624616284, -0.07026566056408108, 0.1850993645892341, 0.40497588481764546, -0.5589588023868179, -0.28853971726425576, -0.2383936620020232, -0.2258364182707179], [-1.6636173318720429, -1.5094617082494466, -1.1550902456409897, -0.9152809082093724, -0.8173103581055849, -0.6970072169182641, -0.31197612813219044, -0.05846171759699726, 0.15108926986876392, -0.6689573727653897, -0.2640956715977349, 0.0, 0.22419416307684453, -0.719710817843898, -0.33436133216181596, -0.07899630700850083, 0.14088021321991054, -0.8230544739845531, -0.5526353888619907, -0.5024893335997582, -0.4899320898684529], [-1.8878114949488887, -1.7336558713262926, -1.3792844087178335, -1.1394750712862165, -1.0415045211824294, -0.9212013799951084, -0.5361702912090349, -0.28265588067384184, -0.07310489320808064, -0.8931515358422344, -0.48828983467457954, -0.22419416307684453, 0.0, -0.9439049809207428, -0.5585554952386601, -0.30319047008534555, -0.08331394985693405, -1.047248637061397, -0.776829551938835, -0.7266834966766025, -0.7141262529452972], [-0.9439065140281457, -0.7897508904055499, -0.4353794277970922, -0.19557009036547396, -0.0975995402616872, 0.022703600925634074, 0.4077346897117075, 0.6612491002469008, 0.8708000877126618, 0.05075344507850835, 0.45561514624616284, 0.719710817843898, 0.9439049809207428, 0.0, 0.38534948568208205, 0.6407145108353973, 0.8605910310638086, -0.1033436561406547, 0.16707542898190741, 0.2172214842441399, 0.22977872797544527], [-1.3292559997102282, -1.1751003760876315, -0.8207289134791742, -0.580919576047556, -0.48294902594376937, -0.36264588475644793, 0.022385204029625527, 0.27589961456481854, 0.4854506020305797, -0.3345960406035736, 0.07026566056408108, 0.33436133216181596, 0.5585554952386601, -0.38534948568208205, 0.0, 0.25536502515331505, 0.4752415453817263, -0.48869314182273654, -0.21827405670017466, -0.16812800143794213, -0.1555707577066369], [-1.5846210248635435, -1.4304654012409457, -1.076093938632489, -0.836284601200871, -0.7383140510970841, -0.618010909909763, -0.23297982112368967, 0.020534589411503528, 0.2300855768772647, -0.5899610657568889, -0.1850993645892341, 0.07899630700850083, 0.30319047008534555, -0.6407145108353973, -0.25536502515331505, 0.0, 0.2198765202284113, -0.7440581669760518, -0.47363908185348974, -0.4234930265912573, -0.4109357828599519], [-1.8044975450919545, -1.6503419214693573, -1.2959704588609007, -1.0561611214292823, -0.958190571325496, -0.8378874301381747, -0.4528563413521009, -0.19934193081690776, 0.010209056648853387, -0.8098375859853, -0.40497588481764546, -0.14088021321991054, 0.08331394985693405, -0.8605910310638086, -0.4752415453817263, -0.2198765202284113, 0.0, -0.963934687204463, -0.6935156020819011, -0.6433695468196687, -0.6308123030883634], [-0.8405628578874912, -0.6864072342648949, -0.3320357716564372, -0.09222643422481912, 0.005744115878967492, 0.12604725706628886, 0.5110783458523622, 0.7645927563875553, 0.9741437438533158, 0.15409710121916306, 0.5589588023868179, 0.8230544739845531, 1.047248637061397, 0.1033436561406547, 0.48869314182273654, 0.7440581669760518, 0.963934687204463, 0.0, 0.27041908512256213, 0.32056514038479456, 0.33312238411609996], [-1.1109819430100536, -0.9568263193874571, -0.6024548567789996, -0.3626455193473813, -0.2646749692435945, -0.14437182805627327, 0.2406592607298002, 0.4941736712649931, 0.7037246587307544, -0.11632198390339904, 0.28853971726425576, 0.5526353888619907, 0.776829551938835, -0.16707542898190741, 0.21827405670017466, 0.47363908185348974, 0.6935156020819011, -0.27041908512256213, 0.0, 0.0501460552622325, 0.06270329899353788], [-1.1611279982722857, -1.0069723746496893, -0.6526009120412317, -0.41279157460961363, -0.314821024505827, -0.1945178833185059, 0.19051320546756773, 0.44402761600276053, 0.653578603468522, -0.16646803916563147, 0.2383936620020232, 0.5024893335997582, 0.7266834966766025, -0.2172214842441399, 0.16812800143794213, 0.4234930265912573, 0.6433695468196687, -0.32056514038479456, -0.0501460552622325, 0.0, 0.01255724373130536], [-1.1736852420035908, -1.0195296183809943, -0.665158155772537, -0.42534881834091887, -0.32737826823713256, -0.20707512704981107, 0.17795596173626232, 0.4314703722714555, 0.6410213597372169, -0.1790252828969368, 0.2258364182707179, 0.4899320898684529, 0.7141262529452972, -0.22977872797544527, 0.1555707577066369, 0.4109357828599519, 0.6308123030883634, -0.33312238411609996, -0.06270329899353788, -0.01255724373130536, 0.0]]]