[[[0.0, -0.29436713287715277, -0.36666874003096167, -0.2526828748263284, -0.10536291005101946, -0.2997537095284081, -0.4328674884233078, -0.5202278538552302, -0.5744177302022061, -0.046248464715160635, 0.10750412359140751, 0.20257046050673808, 0.2914004438696168, 0.17248983517633917, 0.18887526053461584, 0.06376565260349523, -0.0009059998121881763, 0.3485919112140992, 0.31706175376159096, 0.19391231526351063, 0.13806911270057942], [0.29436713287715277, 0.0, -0.07230160715380902, 0.041684258050824374, 0.18900422282613327, -0.0053865766512552, -0.13850035554615522, -0.22586072097807736, -0.28005059732505333, 0.2481186681619922, 0.4018712564685601, 0.49693759338389093, 0.5857675767467694, 0.46685696805349175, 0.48324239341176856, 0.3581327854806479, 0.2934611330649647, 0.6429590440912516, 0.6114288866387438, 0.4882794481406635, 0.432436245577732], [0.36666874003096167, 0.07230160715380902, 0.0, 0.11398586520463345, 0.26130582997994234, 0.06691503050255389, -0.06619874839234613, -0.15355911382426832, -0.20774899017124443, 0.3204202753158011, 0.47417286362236927, 0.5692392005376998, 0.6580691839005786, 0.5391585752073007, 0.5555440005655773, 0.430434392634457, 0.36576274021877353, 0.7152606512450604, 0.6837304937925528, 0.5605810552944723, 0.5047378527315413], [0.2526828748263284, -0.041684258050824374, -0.11398586520463345, 0.0, 0.14731996477530884, -0.04707083470207957, -0.18018461359697963, -0.2675449790289017, -0.3217348553758778, 0.2064344101111677, 0.3601869984177359, 0.45525333533306633, 0.5440833186959452, 0.42517271000266754, 0.4415581353609442, 0.3164485274298235, 0.25177687501414014, 0.6012747860404272, 0.5697446285879193, 0.446595190089839, 0.3907519875269078], [0.10536291005101946, -0.18900422282613327, -0.26130582997994234, -0.14731996477530884, 0.0, -0.19439079947738855, -0.3275045783722885, -0.4148649438042105, -0.4690548201511869, 0.059114445335858835, 0.21286703364242693, 0.3079333705577575, 0.3967633539206363, 0.2778527452273585, 0.29423817058563523, 0.16912856265451479, 0.10445691023883125, 0.4539548212651185, 0.42242466381261035, 0.29927522531453016, 0.24343202275159886], [0.2997537095284081, 0.0053865766512552, -0.06691503050255389, 0.04707083470207957, 0.19439079947738855, 0.0, -0.1331137788949, -0.22047414432682216, -0.2746640206737983, 0.2535052448132473, 0.4072578331198154, 0.5023241700351462, 0.5911541533980249, 0.4722435447047472, 0.4886289700630239, 0.363519362131903, 0.2988477097162197, 0.6483456207425071, 0.616815463289999, 0.49366602479191884, 0.43782282222898755], [0.4328674884233078, 0.13850035554615522, 0.06619874839234613, 0.18018461359697963, 0.3275045783722885, 0.1331137788949, 0.0, -0.08736036543192212, -0.14155024177889833, 0.38661902370814727, 0.5403716120147153, 0.635437948930046, 0.7242679322929245, 0.6053573235996468, 0.6217427489579239, 0.49663314102680345, 0.4319614886111197, 0.7814593996374071, 0.7499292421848986, 0.6267798036868184, 0.5709366011238871], [0.5202278538552302, 0.22586072097807736, 0.15355911382426832, 0.2675449790289017, 0.4148649438042105, 0.22047414432682216, 0.08736036543192212, 0.0, -0.054189876346976175, 0.4739793891400695, 0.6277319774466376, 0.7227983143619682, 0.8116282977248466, 0.6927176890315695, 0.7091031143898461, 0.5839935064587255, 0.5193218540430419, 0.868819765069329, 0.8372896076168215, 0.7141401691187409, 0.658296966555809], [0.5744177302022061, 0.28005059732505333, 0.20774899017124443, 0.3217348553758778, 0.4690548201511869, 0.2746640206737983, 0.14155024177889833, 0.054189876346976175, 0.0, 0.5281692654870457, 0.681921853793614, 0.7769881907089442, 0.8658181740718226, 0.7469075653785454, 0.7632929907368217, 0.6381833828057012, 0.573511730390018, 0.9230096414163053, 0.8914794839637973, 0.7683300454657167, 0.7124868429027856], [0.046248464715160635, -0.2481186681619922, -0.3204202753158011, -0.2064344101111677, -0.059114445335858835, -0.2535052448132473, -0.38661902370814727, -0.4739793891400695, -0.5281692654870457, 0.0, 0.15375258830656816, 0.24881892522189875, 0.3376489085847774, 0.21873829989149982, 0.23512372524977654, 0.11001411731865586, 0.045342464902972474, 0.39484037592925975, 0.36331021847675166, 0.24016077997867133, 0.18431757741574006], [-0.10750412359140751, -0.4018712564685601, -0.47417286362236927, -0.3601869984177359, -0.21286703364242693, -0.4072578331198154, -0.5403716120147153, -0.6277319774466376, -0.681921853793614, -0.15375258830656816, 0.0, 0.09506633691533056, 0.18389632027820935, 0.06498571158493167, 0.08137113694320833, -0.043738470987912254, -0.10841012340359567, 0.24108778762269165, 0.20955763017018342, 0.08640819167210319, 0.03056498910917192], [-0.20257046050673808, -0.49693759338389093, -0.5692392005376998, -0.45525333533306633, -0.3079333705577575, -0.5023241700351462, -0.635437948930046, -0.7227983143619682, -0.7769881907089442, -0.24881892522189875, -0.09506633691533056, 0.0, 0.08882998336287874, -0.030080625330398923, -0.013695199972122249, -0.13880480790324282, -0.2034764603189263, 0.14602145070736094, 0.11449129325485284, -0.00865814524322739, -0.0645013478061587], [-0.2914004438696168, -0.5857675767467694, -0.6580691839005786, -0.5440833186959452, -0.3967633539206363, -0.5911541533980249, -0.7242679322929245, -0.8116282977248466, -0.8658181740718226, -0.3376489085847774, -0.18389632027820935, -0.08882998336287874, 0.0, -0.1189106086932777, -0.10252518333500102, -0.22763479126612154, -0.29230644368180503, 0.05719146734448222, 0.025661309891974116, -0.09748812860610614, -0.15333133116903738], [-0.17248983517633917, -0.46685696805349175, -0.5391585752073007, -0.42517271000266754, -0.2778527452273585, -0.4722435447047472, -0.6053573235996468, -0.6927176890315695, -0.7469075653785454, -0.21873829989149982, -0.06498571158493167, 0.030080625330398923, 0.1189106086932777, 0.0, 0.016385425358276685, -0.10872418257284391, -0.17339583498852731, 0.17610207603775987, 0.14457191858525184, 0.021422480087171545, -0.03442072247575974], [-0.18887526053461584, -0.48324239341176856, -0.5555440005655773, -0.4415581353609442, -0.29423817058563523, -0.4886289700630239, -0.6217427489579239, -0.7091031143898461, -0.7632929907368217, -0.23512372524977654, -0.08137113694320833, 0.013695199972122249, 0.10252518333500102, -0.016385425358276685, 0.0, -0.12510960793112058, -0.189781260346804, 0.15971665067948326, 0.12818649322697515, 0.005037054728894861, -0.05080614783403645], [-0.06376565260349523, -0.3581327854806479, -0.430434392634457, -0.3164485274298235, -0.16912856265451479, -0.363519362131903, -0.49663314102680345, -0.5839935064587255, -0.6381833828057012, -0.11001411731865586, 0.043738470987912254, 0.13880480790324282, 0.22763479126612154, 0.10872418257284391, 0.12510960793112058, 0.0, -0.06467165241568341, 0.28482625861060384, 0.2532961011580957, 0.13014666266001548, 0.07430346009708418], [0.0009059998121881763, -0.2934611330649647, -0.36576274021877353, -0.25177687501414014, -0.10445691023883125, -0.2988477097162197, -0.4319614886111197, -0.5193218540430419, -0.573511730390018, -0.045342464902972474, 0.10841012340359567, 0.2034764603189263, 0.29230644368180503, 0.17339583498852731, 0.189781260346804, 0.06467165241568341, 0.0, 0.34949791102628736, 0.31796775357377904, 0.19481831507569886, 0.13897511251276762], [-0.3485919112140992, -0.6429590440912516, -0.7152606512450604, -0.6012747860404272, -0.4539548212651185, -0.6483456207425071, -0.7814593996374071, -0.868819765069329, -0.9230096414163053, -0.39484037592925975, -0.24108778762269165, -0.14602145070736094, -0.05719146734448222, -0.17610207603775987, -0.15971665067948326, -0.28482625861060384, -0.34949791102628736, 0.0, -0.031530157452508104, -0.1546795959505884, -0.21052279851351968], [-0.31706175376159096, -0.6114288866387438, -0.6837304937925528, -0.5697446285879193, -0.42242466381261035, -0.616815463289999, -0.7499292421848986, -0.8372896076168215, -0.8914794839637973, -0.36331021847675166, -0.20955763017018342, -0.11449129325485284, -0.025661309891974116, -0.14457191858525184, -0.12818649322697515, -0.2532961011580957, -0.31796775357377904, 0.031530157452508104, 0.0, -0.12314943849808026, -0.17899264106101154], [-0.19391231526351063, -0.4882794481406635, -0.5605810552944723, -0.446595190089839, -0.29927522531453016, -0.49366602479191884, -0.6267798036868184, -0.7141401691187409, -0.7683300454657167, -0.24016077997867133, -0.08640819167210319, 0.00865814524322739, 0.09748812860610614, -0.021422480087171545, -0.005037054728894861, -0.13014666266001548, -0.19481831507569886, 0.1546795959505884, 0.12314943849808026, 0.0, -0.05584320256293125], [-0.13806911270057942, -0.432436245577732, -0.5047378527315413, -0.3907519875269078, -0.24343202275159886, -0.43782282222898755, -0.5709366011238871, -0.658296966555809, -0.7124868429027856, -0.18431757741574006, -0.03056498910917192, 0.0645013478061587, 0.15333133116903738, 0.03442072247575974, 0.05080614783403645, -0.07430346009708418, -0.13897511251276762, 0.21052279851351968, 0.17899264106101154, 0.05584320256293125, 0.0]], [[0.0, 0.17627851551944304, 0.5158575260310809, 0.782725052320458, 0.9753542113234495, 1.009782989608291, 1.4798848618024372, 1.7697982727610542, 2.008984725810782, 0.9987969779101412, 1.5279182310136874, 1.8318266550289124, 2.076125172961197, 0.8767086193763503, 1.026667613944894, 0.7662397918671583, 0.6051779549126275, 0.7138796740921184, 0.8457221696685189, 0.6614876785056947, 0.5365444546280014], [-0.17627851551944304, 0.0, 0.33957901051163775, 0.6064465368010155, 0.7990756958040062, 0.8335044740888471, 1.303606346282995, 1.593519757241612, 1.832706210291339, 0.822518462390698, 1.3516397154942448, 1.655548139509468, 1.8998466574417554, 0.7004301038569072, 0.8503890984254509, 0.5899612763477157, 0.4288994393931845, 0.5376011585726754, 0.669443654149076, 0.4852091629862517, 0.3602659391085586], [-0.5158575260310809, -0.33957901051163775, 0.0, 0.26686752628937765, 0.45949668529236876, 0.4939254635772097, 0.9640273357713575, 1.253940746729974, 1.4931271997797015, 0.48293945187906057, 1.0120607049826071, 1.3159691289978313, 1.5602676469301175, 0.3608510933452696, 0.5108100879138133, 0.25038226583607803, 0.08932042888154682, 0.1980221480610376, 0.3298646436374387, 0.14563015247461406, 0.02068692859692102], [-0.782725052320458, -0.6064465368010155, -0.26686752628937765, 0.0, 0.19262915900299102, 0.2270579372878318, 0.6971598094819796, 0.987073220440596, 1.2262596734903228, 0.2160719255896827, 0.7451931786932289, 1.0491016027084532, 1.293400120640739, 0.09398356705589193, 0.24394256162443537, -0.016485260453299736, -0.17754709740783095, -0.0688453782283401, 0.0629971173480608, -0.12123737381476367, -0.24618059769245673], [-0.9753542113234495, -0.7990756958040062, -0.45949668529236876, -0.19262915900299102, 0.0, 0.03442877828484083, 0.5045306504789888, 0.7944440614376055, 1.0336305144873328, 0.023442766586691692, 0.5525640196902382, 0.8564724437054623, 1.1007709616377483, -0.09864559194709902, 0.05131340262144442, -0.2091144194562907, -0.370176256410822, -0.26147453723133096, -0.12963204165493022, -0.3138665328177547, -0.4388097566954478], [-1.009782989608291, -0.8335044740888471, -0.4939254635772097, -0.2270579372878318, -0.03442877828484083, 0.0, 0.4701018721941479, 0.7600152831527643, 0.9992017362024916, -0.010986011698149143, 0.5181352414053972, 0.8220436654206215, 1.0663421833529079, -0.13307437023193988, 0.01688462433660358, -0.24354319774113153, -0.4046050346956624, -0.2959033155161719, -0.16406081993977104, -0.34829531110259543, -0.47323853498028845], [-1.4798848618024372, -1.303606346282995, -0.9640273357713575, -0.6971598094819796, -0.5045306504789888, -0.4701018721941479, 0.0, 0.2899134109586166, 0.5290998640083437, -0.4810878838922972, 0.048033369211249365, 0.3519417932264737, 0.5962403111587603, -0.6031762424260877, -0.45321724785754436, -0.7136450699352792, -0.8747069068898103, -0.7660051877103194, -0.634162692133919, -0.8183971832967432, -0.9433404071744361], [-1.7697982727610542, -1.593519757241612, -1.253940746729974, -0.987073220440596, -0.7944440614376055, -0.7600152831527643, -0.2899134109586166, 0.0, 0.23918645304972735, -0.7710012948509134, -0.24188004174736719, 0.06202838226785719, 0.30632690020014364, -0.8930896533847041, -0.7431306588161607, -1.0035584808938962, -1.1646203178484273, -1.0559185986689363, -0.924076103092536, -1.10831059425536, -1.2332538181330532], [-2.008984725810782, -1.832706210291339, -1.4931271997797015, -1.2262596734903228, -1.0336305144873328, -0.9992017362024916, -0.5290998640083437, -0.23918645304972735, 0.0, -1.010187747900641, -0.4810664947970945, -0.17715807078187004, 0.06714044715041632, -1.1322761064344313, -0.9823171118658882, -1.2427449339436234, -1.4038067708981545, -1.2951050517186635, -1.163262556142263, -1.3474970473050871, -1.4724402711827795], [-0.9987969779101412, -0.822518462390698, -0.48293945187906057, -0.2160719255896827, -0.023442766586691692, 0.010986011698149143, 0.4810878838922972, 0.7710012948509134, 1.010187747900641, 0.0, 0.5291212531035465, 0.8330296771187707, 1.0773281950510567, -0.12208835853379074, 0.02787063603475271, -0.23255718604298242, -0.39361902299751356, -0.2849173038180227, -0.1530748082416219, -0.33730929940444637, -0.4622525232821395], [-1.5279182310136874, -1.3516397154942448, -1.0120607049826071, -0.7451931786932289, -0.5525640196902382, -0.5181352414053972, -0.048033369211249365, 0.24188004174736719, 0.4810664947970945, -0.5291212531035465, 0.0, 0.30390842401522444, 0.5482069419475105, -0.6512096116373368, -0.5012506170687938, -0.7616784391465291, -0.92274027610106, -0.8140385569215691, -0.6821960613451684, -0.8664305525079928, -0.9913737763856859], [-1.8318266550289124, -1.655548139509468, -1.3159691289978313, -1.0491016027084532, -0.8564724437054623, -0.8220436654206215, -0.3519417932264737, -0.06202838226785719, 0.17715807078187004, -0.8330296771187707, -0.30390842401522444, 0.0, 0.24429851793228646, -0.9551180356525615, -0.8051590410840178, -1.0655868631617533, -1.2266487001162847, -1.117946980936794, -0.9861044853603925, -1.170338976523217, -1.2952822004009092], [-2.076125172961197, -1.8998466574417554, -1.5602676469301175, -1.293400120640739, -1.1007709616377483, -1.0663421833529079, -0.5962403111587603, -0.30632690020014364, -0.06714044715041632, -1.0773281950510567, -0.5482069419475105, -0.24429851793228646, 0.0, -1.1994165535848476, -1.0494575590163047, -1.3098853810940392, -1.4709472180485708, -1.36224549886908, -1.2304030032926792, -1.4146374944555036, -1.539580718333197], [-0.8767086193763503, -0.7004301038569072, -0.3608510933452696, -0.09398356705589193, 0.09864559194709902, 0.13307437023193988, 0.6031762424260877, 0.8930896533847041, 1.1322761064344313, 0.12208835853379074, 0.6512096116373368, 0.9551180356525615, 1.1994165535848476, 0.0, 0.14995899456854345, -0.11046882750919174, -0.2715306644637228, -0.16282894528423209, -0.030986449707831144, -0.2152209408706556, -0.34016416474834876], [-1.026667613944894, -0.8503890984254509, -0.5108100879138133, -0.24394256162443537, -0.05131340262144442, -0.01688462433660358, 0.45321724785754436, 0.7431306588161607, 0.9823171118658882, -0.02787063603475271, 0.5012506170687938, 0.8051590410840178, 1.0494575590163047, -0.14995899456854345, 0.0, -0.260427822077735, -0.42148965903226626, -0.3127879398527753, -0.18094544427637455, -0.36517993543919913, -0.4901231593168922], [-0.7662397918671583, -0.5899612763477157, -0.25038226583607803, 0.016485260453299736, 0.2091144194562907, 0.24354319774113153, 0.7136450699352792, 1.0035584808938962, 1.2427449339436234, 0.23255718604298242, 0.7616784391465291, 1.0655868631617533, 1.3098853810940392, 0.11046882750919174, 0.260427822077735, 0.0, -0.16106183695453122, -0.05236011777504035, 0.07948237780136053, -0.10475211336146399, -0.229695337239157], [-0.6051779549126275, -0.4288994393931845, -0.08932042888154682, 0.17754709740783095, 0.370176256410822, 0.4046050346956624, 0.8747069068898103, 1.1646203178484273, 1.4038067708981545, 0.39361902299751356, 0.92274027610106, 1.2266487001162847, 1.4709472180485708, 0.2715306644637228, 0.42148965903226626, 0.16106183695453122, 0.0, 0.1087017191794909, 0.24054421475589172, 0.056309723593067275, -0.06863350028462578], [-0.7138796740921184, -0.5376011585726754, -0.1980221480610376, 0.0688453782283401, 0.26147453723133096, 0.2959033155161719, 0.7660051877103194, 1.0559185986689363, 1.2951050517186635, 0.2849173038180227, 0.8140385569215691, 1.117946980936794, 1.36224549886908, 0.16282894528423209, 0.3127879398527753, 0.05236011777504035, -0.1087017191794909, 0.0, 0.13184249557640088, -0.05239199558642357, -0.17733521946411662], [-0.8457221696685189, -0.669443654149076, -0.3298646436374387, -0.0629971173480608, 0.12963204165493022, 0.16406081993977104, 0.634162692133919, 0.924076103092536, 1.163262556142263, 0.1530748082416219, 0.6821960613451684, 0.9861044853603925, 1.2304030032926792, 0.030986449707831144, 0.18094544427637455, -0.07948237780136053, -0.24054421475589172, -0.13184249557640088, 0.0, -0.18423449116282453, -0.30917771504051744], [-0.6614876785056947, -0.4852091629862517, -0.14563015247461406, 0.12123737381476367, 0.3138665328177547, 0.34829531110259543, 0.8183971832967432, 1.10831059425536, 1.3474970473050871, 0.33730929940444637, 0.8664305525079928, 1.170338976523217, 1.4146374944555036, 0.2152209408706556, 0.36517993543919913, 0.10475211336146399, -0.056309723593067275, 0.05239199558642357, 0.18423449116282453, 0.0, -0.1249432238776931], [-0.5365444546280014, -0.3602659391085586, -0.02068692859692102, 0.24618059769245673, 0.4388097566954478, 0.47323853498028845, 0.9433404071744361, 1.2332538181330532, 1.4724402711827795, 0.4622525232821395, 0.9913737763856859, 1.2952822004009092, 1.539580718333197, 0.34016416474834876, 0.4901231593168922, 0.229695337239157, 0.06863350028462578, 0.17733521946411662, 0.30917771504051744, 0.1249432238776931, 0.0]]]