[[[0.0, -0.3168117662392023, -0.3691503601291759, -0.26859021073182626, -0.16077429296377566, -0.30902130686171075, -0.36145739777152996, -0.31125619090545953, -0.23858893609356188, -0.07203959582660764, -0.02753327638213314, -0.08213111451022721, -0.13017476289420443, 0.15809419519889142, 0.19809490451999018, 0.11175014388284506, 0.06672774281635391, 0.38534090818234207, 0.42488277317370354, 0.32371331813754944, 0.2588778266256579], [0.3168117662392023, 0.0, -0.05233859388997355, 0.04822155550737601, 0.15603747327542666, 0.007790459377491489, -0.04464563153232797, 0.0055555753337427636, 0.07822283014564042, 0.24477217041259458, 0.28927848985706905, 0.23468065172897493, 0.18663700334499783, 0.474905961438094, 0.5149066707591924, 0.4285619101220475, 0.3835395090555563, 0.7021526744215446, 0.7416945394129058, 0.6405250843767516, 0.5756895928648602], [0.3691503601291759, 0.05233859388997355, 0.0, 0.10056014939734956, 0.20837606716540016, 0.060129053267465066, 0.007692962357645595, 0.0578941692237163, 0.13056142403561397, 0.2971107643025681, 0.34161708374704264, 0.2870192456189484, 0.2389755972349714, 0.5272445553280672, 0.567245264649166, 0.48090050401202084, 0.43587810294552964, 0.754491268311518, 0.7940331333028796, 0.6928636782667253, 0.6280281867548337], [0.26859021073182626, -0.04822155550737601, -0.10056014939734956, 0.0, 0.10781591776805058, -0.0404310961298845, -0.0928671870397039, -0.04266598017363324, 0.030001274638264453, 0.19655061490521863, 0.2410569343496931, 0.18645909622159898, 0.13841544783762177, 0.42668440593071755, 0.46668511525181616, 0.3803403546146715, 0.3353179535481802, 0.6539311189141681, 0.6934729839055302, 0.5923035288693759, 0.527468037357484], [0.16077429296377566, -0.15603747327542666, -0.20837606716540016, -0.10781591776805058, 0.0, -0.14824701389793515, -0.2006831048077546, -0.1504818979416839, -0.07781464312978623, 0.08873469713716796, 0.13324101658164245, 0.07864317845354836, 0.030599530069571185, 0.3188684881626671, 0.3588691974837659, 0.2725244368466207, 0.22750203578012954, 0.5461152011461179, 0.5856570661374794, 0.48448761110132516, 0.41965211958943355], [0.30902130686171075, -0.007790459377491489, -0.060129053267465066, 0.0404310961298845, 0.14824701389793515, 0.0, -0.05243609090981943, -0.002234884043748724, 0.07043237076814891, 0.23698171103510313, 0.28148803047957743, 0.22689019235148358, 0.17884654396750624, 0.4671155020606023, 0.5071162113817009, 0.4207714507445558, 0.3757490496780648, 0.6943622150440532, 0.7339040800354145, 0.6327346249992601, 0.5678991334873686], [0.36145739777152996, 0.04464563153232797, -0.007692962357645595, 0.0928671870397039, 0.2006831048077546, 0.05243609090981943, 0.0, 0.05020120686607073, 0.12286846167796839, 0.2894178019449225, 0.3339241213893971, 0.279326283261303, 0.2312826348773258, 0.5195515929704215, 0.5595523022915201, 0.4732075416543754, 0.42818514058788404, 0.7467983059538724, 0.7863401709452339, 0.6851707159090793, 0.6203352243971882], [0.31125619090545953, -0.0055555753337427636, -0.0578941692237163, 0.04266598017363324, 0.1504818979416839, 0.002234884043748724, -0.05020120686607073, 0.0, 0.07266725481189766, 0.23921659507885173, 0.28372291452332626, 0.2291250763952322, 0.18108142801125507, 0.46935038610435087, 0.5093510954254498, 0.4230063347883046, 0.3779839337218133, 0.6965970990878015, 0.736138964079163, 0.6349695090430089, 0.570134017531117], [0.23858893609356188, -0.07822283014564042, -0.13056142403561397, -0.030001274638264453, 0.07781464312978623, -0.07043237076814891, -0.12286846167796839, -0.07266725481189766, 0.0, 0.16654934026695414, 0.21105565971142862, 0.15645782158333452, 0.10841417319935732, 0.3966831312924535, 0.43668384061355175, 0.35033907997640684, 0.30531667890991565, 0.623929844275904, 0.6634717092672657, 0.562302254231111, 0.49746676271921975], [0.07203959582660764, -0.24477217041259458, -0.2971107643025681, -0.19655061490521863, -0.08873469713716796, -0.23698171103510313, -0.2894178019449225, -0.23921659507885173, -0.16654934026695414, 0.0, 0.04450631944447449, -0.010091518683619594, -0.0581351670675968, 0.23013379102549908, 0.27013450034659775, 0.1837897397094527, 0.13876733864296154, 0.4573805040089497, 0.4969223690003114, 0.395752913964157, 0.3309174224522656], [0.02753327638213314, -0.28927848985706905, -0.34161708374704264, -0.2410569343496931, -0.13324101658164245, -0.28148803047957743, -0.3339241213893971, -0.28372291452332626, -0.21105565971142862, -0.04450631944447449, 0.0, -0.0545978381280941, -0.10264148651207132, 0.18562747158102455, 0.22562818090212333, 0.13928342026497825, 0.09426101919848705, 0.41287418456447517, 0.4524160495558369, 0.35124659451968254, 0.286411103007791], [0.08213111451022721, -0.23468065172897493, -0.2870192456189484, -0.18645909622159898, -0.07864317845354836, -0.22689019235148358, -0.279326283261303, -0.2291250763952322, -0.15645782158333452, 0.010091518683619594, 0.0545978381280941, 0.0, -0.0480436483839772, 0.24022530970911862, 0.28022601903021743, 0.19388125839307244, 0.14885885732658113, 0.46747202269256943, 0.5070138876839312, 0.4058444326477765, 0.34100894113588515], [0.13017476289420443, -0.18663700334499783, -0.2389755972349714, -0.13841544783762177, -0.030599530069571185, -0.17884654396750624, -0.2312826348773258, -0.18108142801125507, -0.10841417319935732, 0.0581351670675968, 0.10264148651207132, 0.0480436483839772, 0.0, 0.2882689580930959, 0.3282696674141946, 0.24192490677704964, 0.1969025057105583, 0.5155156710765463, 0.5550575360679082, 0.45388808103175365, 0.3890525895198625], [-0.15809419519889142, -0.474905961438094, -0.5272445553280672, -0.42668440593071755, -0.3188684881626671, -0.4671155020606023, -0.5195515929704215, -0.46935038610435087, -0.3966831312924535, -0.23013379102549908, -0.18562747158102455, -0.24022530970911862, -0.2882689580930959, 0.0, 0.0400007093210987, -0.04634405131604633, -0.09136645238253757, 0.22724671298345078, 0.26678857797481226, 0.16561912293865796, 0.10078363142676648], [-0.19809490451999018, -0.5149066707591924, -0.567245264649166, -0.46668511525181616, -0.3588691974837659, -0.5071162113817009, -0.5595523022915201, -0.5093510954254498, -0.43668384061355175, -0.27013450034659775, -0.22562818090212333, -0.28022601903021743, -0.3282696674141946, -0.0400007093210987, 0.0, -0.08634476063714498, -0.13136716170363633, 0.18724600366235195, 0.22678786865371364, 0.1256184136175592, 0.06078292210566775], [-0.11175014388284506, -0.4285619101220475, -0.48090050401202084, -0.3803403546146715, -0.2725244368466207, -0.4207714507445558, -0.4732075416543754, -0.4230063347883046, -0.35033907997640684, -0.1837897397094527, -0.13928342026497825, -0.19388125839307244, -0.24192490677704964, 0.04634405131604633, 0.08634476063714498, 0.0, -0.045022401066491274, 0.27359076429949686, 0.3131326292908586, 0.21196317425470415, 0.14712768274281277], [-0.06672774281635391, -0.3835395090555563, -0.43587810294552964, -0.3353179535481802, -0.22750203578012954, -0.3757490496780648, -0.42818514058788404, -0.3779839337218133, -0.30531667890991565, -0.13876733864296154, -0.09426101919848705, -0.14885885732658113, -0.1969025057105583, 0.09136645238253757, 0.13136716170363633, 0.045022401066491274, 0.0, 0.31861316536598827, 0.3581550303573499, 0.25698557532119554, 0.19215008380930404], [-0.38534090818234207, -0.7021526744215446, -0.754491268311518, -0.6539311189141681, -0.5461152011461179, -0.6943622150440532, -0.7467983059538724, -0.6965970990878015, -0.623929844275904, -0.4573805040089497, -0.41287418456447517, -0.46747202269256943, -0.5155156710765463, -0.22724671298345078, -0.18724600366235195, -0.27359076429949686, -0.31861316536598827, 0.0, 0.03954186499136167, -0.06162759004479274, -0.12646308155668412], [-0.42488277317370354, -0.7416945394129058, -0.7940331333028796, -0.6934729839055302, -0.5856570661374794, -0.7339040800354145, -0.7863401709452339, -0.736138964079163, -0.6634717092672657, -0.4969223690003114, -0.4524160495558369, -0.5070138876839312, -0.5550575360679082, -0.26678857797481226, -0.22678786865371364, -0.3131326292908586, -0.3581550303573499, -0.03954186499136167, 0.0, -0.10116945503615433, -0.16600494654804582], [-0.32371331813754944, -0.6405250843767516, -0.6928636782667253, -0.5923035288693759, -0.48448761110132516, -0.6327346249992601, -0.6851707159090793, -0.6349695090430089, -0.562302254231111, -0.395752913964157, -0.35124659451968254, -0.4058444326477765, -0.45388808103175365, -0.16561912293865796, -0.1256184136175592, -0.21196317425470415, -0.25698557532119554, 0.06162759004479274, 0.10116945503615433, 0.0, -0.06483549151189141], [-0.2588778266256579, -0.5756895928648602, -0.6280281867548337, -0.527468037357484, -0.41965211958943355, -0.5678991334873686, -0.6203352243971882, -0.570134017531117, -0.49746676271921975, -0.3309174224522656, -0.286411103007791, -0.34100894113588515, -0.3890525895198625, -0.10078363142676648, -0.06078292210566775, -0.14712768274281277, -0.19215008380930404, 0.12646308155668412, 0.16600494654804582, 0.06483549151189141, 0.0]], [[0.0, 0.2712675923567429, 0.6531384285010761, 0.9524623088512029, 1.1420523391996884, 1.025390151933392, 1.4731838036863465, 1.6533191595091876, 1.708417273677861, 0.9972004495539953, 1.363413677720722, 1.144049209418251, 0.9164522084189665, 0.9254147519698779, 1.19599919538513, 0.9621526638026089, 0.757226059643969, 0.8135234802293348, 1.0492253186532539, 0.9220445915340604, 0.7668029808079133], [-0.2712675923567429, 0.0, 0.381870836144333, 0.6811947164944607, 0.8707847468429457, 0.7541225595766494, 1.201916211329604, 1.3820515671524456, 1.437149681321118, 0.7259328571972522, 1.0921460853639784, 0.8727816170615088, 0.6451846160622239, 0.6541471596131352, 0.9247316030283876, 0.6908850714458655, 0.4859584672872261, 0.5422558878725922, 0.7779577262965117, 0.6507769991773178, 0.49553538845117023], [-0.6531384285010761, -0.381870836144333, 0.0, 0.2993238803501273, 0.4889139106986128, 0.3722517234323165, 0.8200453751852712, 1.0001807310081112, 1.0552788451767854, 0.3440620210529191, 0.7102752492196452, 0.4909107809171758, 0.2633137799178907, 0.2722763234688019, 0.5428607668840546, 0.30901423530153266, 0.10408763114289324, 0.160385051728259, 0.39608689015217885, 0.2689061630329846, 0.11366455230683752], [-0.9524623088512029, -0.6811947164944607, -0.2993238803501273, 0.0, 0.1895900303484855, 0.0729278430821891, 0.5207214948351437, 0.7008568506579842, 0.7559549648266587, 0.04473814070279177, 0.41095136886951805, 0.1915869005670483, -0.03601010043223665, -0.02704755688132541, 0.24353688653392724, 0.009690354951405354, -0.19523624920723406, -0.13893882862186832, 0.09676300980205157, -0.030417717317142677, -0.18565932804328983], [-1.1420523391996884, -0.8707847468429457, -0.4889139106986128, -0.1895900303484855, 0.0, -0.11666218726629644, 0.33113146448665814, 0.5112668203094985, 0.5663649344781727, -0.14485188964569382, 0.22136133852103268, 0.0019968702185627117, -0.22560013078072205, -0.21663758722981105, 0.05394685618544173, -0.17989967539708016, -0.3848262795557194, -0.32852885897035383, -0.09282702054643398, -0.22000774766562825, -0.37524935839177537], [-1.025390151933392, -0.7541225595766494, -0.3722517234323165, -0.0729278430821891, 0.11666218726629644, 0.0, 0.44779365175295427, 0.6279290075757953, 0.6830271217444692, -0.028189702379397327, 0.33802352578732914, 0.11865905748485922, -0.10893794351442572, -0.09997539996351447, 0.17060904345173825, -0.0632374881307837, -0.26816409228942323, -0.21186667170405754, 0.02383516671986252, -0.10334556039933172, -0.2585871711254789], [-1.4731838036863465, -1.201916211329604, -0.8200453751852712, -0.5207214948351437, -0.33113146448665814, -0.44779365175295427, 0.0, 0.18013535582284038, 0.23523346999151473, -0.4759833541323518, -0.10977012596562535, -0.32913459426809516, -0.55673159526738, -0.5477690517164688, -0.2771846083012164, -0.5110311398837379, -0.7159577440423779, -0.659660323457012, -0.42395848503309197, -0.551139212152286, -0.7063808228784331], [-1.6533191595091876, -1.3820515671524456, -1.0001807310081112, -0.7008568506579842, -0.5112668203094985, -0.6279290075757953, -0.18013535582284038, 0.0, 0.055098114168674384, -0.6561187099551922, -0.28990548178846565, -0.5092699500909357, -0.7368669510902208, -0.7279044075393094, -0.4573199641240566, -0.6911664957065785, -0.8960930998652178, -0.8397956792798524, -0.604093840855932, -0.7312745679751269, -0.8865161787012735], [-1.708417273677861, -1.437149681321118, -1.0552788451767854, -0.7559549648266587, -0.5663649344781727, -0.6830271217444692, -0.23523346999151473, -0.055098114168674384, 0.0, -0.7112168241238667, -0.34500359595714014, -0.5643680642596098, -0.7919650652588952, -0.7830025217079839, -0.5124180782927307, -0.7462646098752527, -0.9511912140338923, -0.8948937934485269, -0.6591919550246067, -0.786372682143801, -0.9416142928699478], [-0.9972004495539953, -0.7259328571972522, -0.3440620210529191, -0.04473814070279177, 0.14485188964569382, 0.028189702379397327, 0.4759833541323518, 0.6561187099551922, 0.7112168241238667, 0.0, 0.36621322816672647, 0.14684875986425655, -0.08074824113502842, -0.07178569758411714, 0.19879874583113546, -0.03504778575138639, -0.23997438991002576, -0.18367696932466018, 0.052024869099259845, -0.07515585801993441, -0.23039746874608152], [-1.363413677720722, -1.0921460853639784, -0.7102752492196452, -0.41095136886951805, -0.22136133852103268, -0.33802352578732914, 0.10977012596562535, 0.28990548178846565, 0.34500359595714014, -0.36621322816672647, 0.0, -0.21936446830246997, -0.4469614693017549, -0.4379989257508437, -0.16741448233559106, -0.401261013918113, -0.6061876180767524, -0.5498901974913866, -0.3141883590674666, -0.4413690861866607, -0.596610696912808], [-1.144049209418251, -0.8727816170615088, -0.4909107809171758, -0.1915869005670483, -0.0019968702185627117, -0.11865905748485922, 0.32913459426809516, 0.5092699500909357, 0.5643680642596098, -0.14684875986425655, 0.21936446830246997, 0.0, -0.22759700099928495, -0.2186344574483736, 0.05194998596687902, -0.1818965456156429, -0.3868231497742825, -0.33052572918891676, -0.09482389076499667, -0.22200461788419093, -0.3772462286103381], [-0.9164522084189665, -0.6451846160622239, -0.2633137799178907, 0.03601010043223665, 0.22560013078072205, 0.10893794351442572, 0.55673159526738, 0.7368669510902208, 0.7919650652588952, 0.08074824113502842, 0.4469614693017549, 0.22759700099928495, 0.0, 0.008962543550911245, 0.2795469869661638, 0.04570045538364199, -0.1592261487749975, -0.10292872818963174, 0.13277311023428823, 0.005592383115093975, -0.14964922761105315], [-0.9254147519698779, -0.6541471596131352, -0.2722763234688019, 0.02704755688132541, 0.21663758722981105, 0.09997539996351447, 0.5477690517164688, 0.7279044075393094, 0.7830025217079839, 0.07178569758411714, 0.4379989257508437, 0.2186344574483736, -0.008962543550911245, 0.0, 0.2705844434152527, 0.03673791183273076, -0.16818869232590872, -0.11189127174054296, 0.123810566683377, -0.0033701604358172734, -0.1586117711619644], [-1.19599919538513, -0.9247316030283876, -0.5428607668840546, -0.24353688653392724, -0.05394685618544173, -0.17060904345173825, 0.2771846083012164, 0.4573199641240566, 0.5124180782927307, -0.19879874583113546, 0.16741448233559106, -0.05194998596687902, -0.2795469869661638, -0.2705844434152527, 0.0, -0.23384653158252192, -0.4387731357411612, -0.3824757151557958, -0.14677387673187567, -0.27395460385106996, -0.4291962145772172], [-0.9621526638026089, -0.6908850714458655, -0.30901423530153266, -0.009690354951405354, 0.17989967539708016, 0.0632374881307837, 0.5110311398837379, 0.6911664957065785, 0.7462646098752527, 0.03504778575138639, 0.401261013918113, 0.1818965456156429, -0.04570045538364199, -0.03673791183273076, 0.23384653158252192, 0.0, -0.20492660415863945, -0.1486291835732738, 0.0870726548506462, -0.040108072268548026, -0.19534968299469527], [-0.757226059643969, -0.4859584672872261, -0.10408763114289324, 0.19523624920723406, 0.3848262795557194, 0.26816409228942323, 0.7159577440423779, 0.8960930998652178, 0.9511912140338923, 0.23997438991002576, 0.6061876180767524, 0.3868231497742825, 0.1592261487749975, 0.16818869232590872, 0.4387731357411612, 0.20492660415863945, 0.0, 0.05629742058536571, 0.29199925900928564, 0.16481853189009144, 0.009576921163944312], [-0.8135234802293348, -0.5422558878725922, -0.160385051728259, 0.13893882862186832, 0.32852885897035383, 0.21186667170405754, 0.659660323457012, 0.8397956792798524, 0.8948937934485269, 0.18367696932466018, 0.5498901974913866, 0.33052572918891676, 0.10292872818963174, 0.11189127174054296, 0.3824757151557958, 0.1486291835732738, -0.05629742058536571, 0.0, 0.23570183842391987, 0.10852111130472569, -0.0467204994214214], [-1.0492253186532539, -0.7779577262965117, -0.39608689015217885, -0.09676300980205157, 0.09282702054643398, -0.02383516671986252, 0.42395848503309197, 0.604093840855932, 0.6591919550246067, -0.052024869099259845, 0.3141883590674666, 0.09482389076499667, -0.13277311023428823, -0.123810566683377, 0.14677387673187567, -0.0870726548506462, -0.29199925900928564, -0.23570183842391987, 0.0, -0.12718072711919423, -0.2824223378453414], [-0.9220445915340604, -0.6507769991773178, -0.2689061630329846, 0.030417717317142677, 0.22000774766562825, 0.10334556039933172, 0.551139212152286, 0.7312745679751269, 0.786372682143801, 0.07515585801993441, 0.4413690861866607, 0.22200461788419093, -0.005592383115093975, 0.0033701604358172734, 0.27395460385106996, 0.040108072268548026, -0.16481853189009144, -0.10852111130472569, 0.12718072711919423, 0.0, -0.15524161072614714], [-0.7668029808079133, -0.49553538845117023, -0.11366455230683752, 0.18565932804328983, 0.37524935839177537, 0.2585871711254789, 0.7063808228784331, 0.8865161787012735, 0.9416142928699478, 0.23039746874608152, 0.596610696912808, 0.3772462286103381, 0.14964922761105315, 0.1586117711619644, 0.4291962145772172, 0.19534968299469527, -0.009576921163944312, 0.0467204994214214, 0.2824223378453414, 0.15524161072614714, 0.0]]]