[[[0.0, -0.3505886379770513, -0.612690383257305, -0.8396367796843391, -1.090692607740007, -0.1831729664518284, -0.0936920258594808, -0.17083603944549394, -0.23194136010953983, 0.06953424061835882, 0.15531764601032688, 2.5023375116843377e-05, -0.09097569087866658, 0.3005369026886317, 0.4261877224137788, 0.22540852102123402, 0.09449154306595195, 0.5262302576822542, 0.7429730082926385, 0.8648243949878044, 0.9913723503551735], [0.3505886379770513, 0.0, -0.26210174528025415, -0.48904814170728783, -0.740103969762956, 0.16741567152522283, 0.25689661211757026, 0.17975259853155717, 0.11864727786751132, 0.4201228785954101, 0.505906283987378, 0.3506136613521679, 0.25961294709838456, 0.6511255406656826, 0.77677636039083, 0.5759971589982851, 0.44508018104300284, 0.8768188956593057, 1.0935616462696895, 1.2154130329648554, 1.3419609883322254], [0.612690383257305, 0.26210174528025415, 0.0, -0.22694639642703363, -0.47800222448270185, 0.4295174168054769, 0.5189983573978244, 0.44185434381181127, 0.38074902314776543, 0.682224623875664, 0.7680080292676322, 0.6127154066324222, 0.5217146923786384, 0.9132272859459373, 1.038878105671084, 0.8380989042785396, 0.7071819263232573, 1.1389206409395602, 1.3556633915499439, 1.47751477824511, 1.604062733612479], [0.8396367796843391, 0.48904814170728783, 0.22694639642703363, 0.0, -0.25105582805566795, 0.6564638132325107, 0.7459447538248581, 0.6688007402388452, 0.6076954195747991, 0.909171020302698, 0.9949544256946657, 0.8396618030594558, 0.7486610888056724, 1.1401736823729705, 1.2658245020981176, 1.065045300705573, 0.9341283227502912, 1.365867037366593, 1.5826097879769783, 1.704461174672144, 1.8310091300395124], [1.090692607740007, 0.740103969762956, 0.47800222448270185, 0.25105582805566795, 0.0, 0.9075196412881789, 0.9970005818805265, 0.9198565682945129, 0.8587512476304675, 1.1602268483583662, 1.246010253750334, 1.0907176311151239, 0.9997169168613403, 1.391229510428638, 1.516880330153785, 1.316101128761241, 1.1851841508059584, 1.6169228654222605, 1.8336656160326452, 1.9555170027278115, 2.082064958095181], [0.1831729664518284, -0.16741567152522283, -0.4295174168054769, -0.6564638132325107, -0.9075196412881789, 0.0, 0.0894809405923475, 0.012336927006334349, -0.04876839365771152, 0.2527072070701871, 0.3384906124621551, 0.18319798982694516, 0.09219727557316175, 0.48370986914045977, 0.609360688865607, 0.4085814874730624, 0.2776645095177801, 0.7094032241340829, 0.9261459747444671, 1.0479973614396327, 1.1745453168070017], [0.0936920258594808, -0.25689661211757026, -0.5189983573978244, -0.7459447538248581, -0.9970005818805265, -0.0894809405923475, 0.0, -0.07714401358601314, -0.13824933425005906, 0.16322626647783964, 0.24900967186980769, 0.0937170492345976, 0.002716334980814262, 0.39422892854811237, 0.5198797482732594, 0.3191005468807148, 0.18818356892543275, 0.6199222835417347, 0.8366650341521197, 0.958516420847285, 1.0850643762146546], [0.17083603944549394, -0.17975259853155717, -0.44185434381181127, -0.6688007402388452, -0.9198565682945129, -0.012336927006334349, 0.07714401358601314, 0.0, -0.061105320664045885, 0.24037028006385278, 0.32615368545582085, 0.1708610628206108, 0.0798603485668274, 0.47137294213412567, 0.5970237618592726, 0.3962445604667281, 0.26532758251144584, 0.6970662971277483, 0.9138090477381333, 1.0356604344332982, 1.1622083898006672], [0.23194136010953983, -0.11864727786751132, -0.38074902314776543, -0.6076954195747991, -0.8587512476304675, 0.04876839365771152, 0.13824933425005906, 0.061105320664045885, 0.0, 0.30147560072789864, 0.38725900611986674, 0.23196638348465684, 0.14096566923087323, 0.5324782627981715, 0.6581290825233185, 0.45734988113077407, 0.3264329031754918, 0.7581716177917943, 0.9749143684021783, 1.0967657550973438, 1.2233137104647136], [-0.06953424061835882, -0.4201228785954101, -0.682224623875664, -0.909171020302698, -1.1602268483583662, -0.2527072070701871, -0.16322626647783964, -0.24037028006385278, -0.30147560072789864, 0.0, 0.08578340539196802, -0.06950921724324202, -0.16050993149702536, 0.23100266207027292, 0.35665348179541995, 0.1558742804028752, 0.024957302447593088, 0.4566960170638955, 0.6734387676742795, 0.7952901543694456, 0.9218381097368146], [-0.15531764601032688, -0.505906283987378, -0.7680080292676322, -0.9949544256946657, -1.246010253750334, -0.3384906124621551, -0.24900967186980769, -0.32615368545582085, -0.38725900611986674, -0.08578340539196802, 0.0, -0.15529262263521004, -0.2462933368889932, 0.14521925667830485, 0.27087007640345184, 0.07009087501090722, -0.06082610294437491, 0.37091261167192735, 0.5876553622823115, 0.7095067489774778, 0.836054704344847], [-2.5023375116843377e-05, -0.3506136613521679, -0.6127154066324222, -0.8396618030594558, -1.0907176311151239, -0.18319798982694516, -0.0937170492345976, -0.1708610628206108, -0.23196638348465684, 0.06950921724324202, 0.15529262263521004, 0.0, -0.09100071425378337, 0.3005118793135149, 0.4261626990386621, 0.22538349764611734, 0.09446651969083515, 0.5262052343071374, 0.7429479849175219, 0.8647993716126878, 0.9913473269800568], [0.09097569087866658, -0.25961294709838456, -0.5217146923786384, -0.7486610888056724, -0.9997169168613403, -0.09219727557316175, -0.002716334980814262, -0.0798603485668274, -0.14096566923087323, 0.16050993149702536, 0.2462933368889932, 0.09100071425378337, 0.0, 0.39151259356729823, 0.5171634132924451, 0.3163842118999006, 0.1854672339446185, 0.6172059485609209, 0.8339486991713052, 0.9558000858664711, 1.08234804123384], [-0.3005369026886317, -0.6511255406656826, -0.9132272859459373, -1.1401736823729705, -1.391229510428638, -0.48370986914045977, -0.39422892854811237, -0.47137294213412567, -0.5324782627981715, -0.23100266207027292, -0.14521925667830485, -0.3005118793135149, -0.39151259356729823, 0.0, 0.12565081972514705, -0.0751283816673976, -0.20604535962267975, 0.22569335499362264, 0.4424361056040068, 0.5642874922991727, 0.6908354476665421], [-0.4261877224137788, -0.77677636039083, -1.038878105671084, -1.2658245020981176, -1.516880330153785, -0.609360688865607, -0.5198797482732594, -0.5970237618592726, -0.6581290825233185, -0.35665348179541995, -0.27087007640345184, -0.4261626990386621, -0.5171634132924451, -0.12565081972514705, 0.0, -0.20077920139254465, -0.33169617934782686, 0.10004253526847552, 0.3167852858788598, 0.4386366725740258, 0.5651846279413946], [-0.22540852102123402, -0.5759971589982851, -0.8380989042785396, -1.065045300705573, -1.316101128761241, -0.4085814874730624, -0.3191005468807148, -0.3962445604667281, -0.45734988113077407, -0.1558742804028752, -0.07009087501090722, -0.22538349764611734, -0.3163842118999006, 0.0751283816673976, 0.20077920139254465, 0.0, -0.13091697795528212, 0.30082173666102024, 0.5175644872714042, 0.6394158739665704, 0.7659638293339394], [-0.09449154306595195, -0.44508018104300284, -0.7071819263232573, -0.9341283227502912, -1.1851841508059584, -0.2776645095177801, -0.18818356892543275, -0.26532758251144584, -0.3264329031754918, -0.024957302447593088, 0.06082610294437491, -0.09446651969083515, -0.1854672339446185, 0.20604535962267975, 0.33169617934782686, 0.13091697795528212, 0.0, 0.43173871461630225, 0.6484814652266864, 0.7703328519218529, 0.8968808072892216], [-0.5262302576822542, -0.8768188956593057, -1.1389206409395602, -1.365867037366593, -1.6169228654222605, -0.7094032241340829, -0.6199222835417347, -0.6970662971277483, -0.7581716177917943, -0.4566960170638955, -0.37091261167192735, -0.5262052343071374, -0.6172059485609209, -0.22569335499362264, -0.10004253526847552, -0.30082173666102024, -0.43173871461630225, 0.0, 0.21674275061038428, 0.3385941373055501, 0.46514209267291917], [-0.7429730082926385, -1.0935616462696895, -1.3556633915499439, -1.5826097879769783, -1.8336656160326452, -0.9261459747444671, -0.8366650341521197, -0.9138090477381333, -0.9749143684021783, -0.6734387676742795, -0.5876553622823115, -0.7429479849175219, -0.8339486991713052, -0.4424361056040068, -0.3167852858788598, -0.5175644872714042, -0.6484814652266864, -0.21674275061038428, 0.0, 0.1218513866951659, 0.2483993420625349], [-0.8648243949878044, -1.2154130329648554, -1.47751477824511, -1.704461174672144, -1.9555170027278115, -1.0479973614396327, -0.958516420847285, -1.0356604344332982, -1.0967657550973438, -0.7952901543694456, -0.7095067489774778, -0.8647993716126878, -0.9558000858664711, -0.5642874922991727, -0.4386366725740258, -0.6394158739665704, -0.7703328519218529, -0.3385941373055501, -0.1218513866951659, 0.0, 0.126547955367369], [-0.9913723503551735, -1.3419609883322254, -1.604062733612479, -1.8310091300395124, -2.082064958095181, -1.1745453168070017, -1.0850643762146546, -1.1622083898006672, -1.2233137104647136, -0.9218381097368146, -0.836054704344847, -0.9913473269800568, -1.08234804123384, -0.6908354476665421, -0.5651846279413946, -0.7659638293339394, -0.8968808072892216, -0.46514209267291917, -0.2483993420625349, -0.126547955367369, 0.0]], [[0.0, 0.24032348521080418, 0.6468914594443526, 0.9362610740606476, 1.0309164303851086, 1.0342931183237658, 1.1117092375462463, 0.7947694926407197, 0.6567843806964494, 0.9972822028635668, 0.9958822655935974, 0.6667474615557429, 0.5602625082644656, 0.9001867853453835, 0.9452975062505709, 0.6566802116117111, 0.5321522532041633, 0.7833273205086002, 1.0161611991394868, 1.125178038275649, 1.2777405678394236], [-0.24032348521080418, 0.0, 0.4065679742335483, 0.6959375888498434, 0.7905929451743055, 0.7939696331129619, 0.8713857523354424, 0.5544460074299155, 0.41646089548564513, 0.7569587176527628, 0.755558780382794, 0.42642397634493867, 0.3199390230536617, 0.6598633001345788, 0.7049740210397669, 0.4163567264009066, 0.29182876799335916, 0.5430038352977961, 0.7758377139286833, 0.8848545530648453, 1.0374170826286195], [-0.6468914594443526, -0.4065679742335483, 0.0, 0.2893696146162954, 0.3840249709407571, 0.38740165887941364, 0.4648177781018938, 0.1478780331963673, 0.009892921252096685, 0.3503907434192145, 0.3489908061492457, 0.019856002111390426, -0.08662895117988656, 0.25329532590103093, 0.29840604680621874, 0.009788752167358509, -0.11473920624018911, 0.1364358610642477, 0.3692697396951349, 0.47828657883129677, 0.6308491083950714], [-0.9362610740606476, -0.6959375888498434, -0.2893696146162954, 0.0, 0.09465535632446169, 0.09803204426311833, 0.17544816348559852, -0.141491581419928, -0.2794766933641986, 0.06102112880291912, 0.05962119153295043, -0.26951361250490485, -0.37599856579618196, -0.036074288715264344, 0.00903643218992351, -0.2795808624489369, -0.4041088208564843, -0.1529337535520476, 0.0799001250788396, 0.1889169642150015, 0.3414794937787759], [-1.0309164303851086, -0.7905929451743055, -0.3840249709407571, -0.09465535632446169, 0.0, 0.0033766879386565984, 0.08079280716113678, -0.2361469377443896, -0.3741320496886603, -0.03363422752154256, -0.035034164791511266, -0.3641689688293666, -0.4706539221206434, -0.1307296450397261, -0.08561892413453824, -0.3742362187733985, -0.49876417718094584, -0.2475891098765093, -0.014755231245622124, 0.09426160789053968, 0.24682413745431425], [-1.0342931183237658, -0.7939696331129619, -0.38740165887941364, -0.09803204426311833, -0.0033766879386565984, 0.0, 0.0774161192224802, -0.23952362568304625, -0.37750873762731685, -0.03701091546019915, -0.03841085273016787, -0.36754565676802337, -0.47403061005930036, -0.13410633297838262, -0.08899561207319483, -0.3776129067120553, -0.5021408651196027, -0.2509657978151659, -0.018131919184278724, 0.09088491995188312, 0.2434474495156576], [-1.1117092375462463, -0.8713857523354424, -0.4648177781018938, -0.17544816348559852, -0.08079280716113678, -0.0774161192224802, 0.0, -0.31693974490552645, -0.454924856849797, -0.1144270346826794, -0.11582697195264804, -0.44496177599050346, -0.5514467292817804, -0.21152245220086296, -0.16641173129567513, -0.45502902593453526, -0.5795569843420826, -0.328381917037646, -0.0955480384067589, 0.013468800729402888, 0.1660313302931774], [-0.7947694926407197, -0.5544460074299155, -0.1478780331963673, 0.141491581419928, 0.2361469377443896, 0.23952362568304625, 0.31693974490552645, 0.0, -0.13798511194427063, 0.20251271022284711, 0.2011127729528784, -0.12802203108497687, -0.23450698437625397, 0.10541729270466364, 0.15052801360985146, -0.13808928102900878, -0.26261723943655635, -0.011442172132119635, 0.2213917064987676, 0.33040854563492944, 0.4829710751987038], [-0.6567843806964494, -0.41646089548564513, -0.009892921252096685, 0.2794766933641986, 0.3741320496886603, 0.37750873762731685, 0.454924856849797, 0.13798511194427063, 0.0, 0.3404978221671178, 0.33909788489714904, 0.009963080859293746, -0.09652187243198325, 0.24340240464893434, 0.2885131255541221, -0.00010416908473816656, -0.12463212749228576, 0.12654293981215106, 0.35937681844303815, 0.46839365757919993, 0.6209561871429746], [-0.9972822028635668, -0.7569587176527628, -0.3503907434192145, -0.06102112880291912, 0.03363422752154256, 0.03701091546019915, 0.1144270346826794, -0.20251271022284711, -0.3404978221671178, 0.0, -0.001399937269968712, -0.33053474130782406, -0.437019694599101, -0.09709541751818347, -0.051984696612995644, -0.34060199125185586, -0.4651299496594036, -0.21395488235496674, 0.018878996275920424, 0.1278958354120823, 0.28045836497585674], [-0.9958822655935974, -0.755558780382794, -0.3489908061492457, -0.05962119153295043, 0.035034164791511266, 0.03841085273016787, 0.11582697195264804, -0.2011127729528784, -0.33909788489714904, 0.001399937269968712, 0.0, -0.32913480403785533, -0.4356197573291323, -0.09569548024821481, -0.050584759343026905, -0.33920205398188735, -0.4637300123894349, -0.21255494508499806, 0.020278933545889135, 0.12929577268205095, 0.2818583022458254], [-0.6667474615557429, -0.42642397634493867, -0.019856002111390426, 0.26951361250490485, 0.3641689688293666, 0.36754565676802337, 0.44496177599050346, 0.12802203108497687, -0.009963080859293746, 0.33053474130782406, 0.32913480403785533, 0.0, -0.10648495329127701, 0.23343932378964052, 0.27855004469482836, -0.01006724994403191, -0.13459520835157945, 0.11657985895285729, 0.34941373758374444, 0.4584305767199063, 0.6109931062836808], [-0.5602625082644656, -0.3199390230536617, 0.08662895117988656, 0.37599856579618196, 0.4706539221206434, 0.47403061005930036, 0.5514467292817804, 0.23450698437625397, 0.09652187243198325, 0.437019694599101, 0.4356197573291323, 0.10648495329127701, 0.0, 0.33992427708091744, 0.38503499798610547, 0.0964177033472451, -0.028110255060302517, 0.22306481224413433, 0.45589869087502144, 0.5649155300111831, 0.717478059574958], [-0.9001867853453835, -0.6598633001345788, -0.25329532590103093, 0.036074288715264344, 0.1307296450397261, 0.13410633297838262, 0.21152245220086296, -0.10541729270466364, -0.24340240464893434, 0.09709541751818347, 0.09569548024821481, -0.23343932378964052, -0.33992427708091744, 0.0, 0.04511072090518785, -0.24350657373367238, -0.36803453214122006, -0.11685946483678329, 0.11597441379410389, 0.2249912529302657, 0.37755378249404026], [-0.9452975062505709, -0.7049740210397669, -0.29840604680621874, -0.00903643218992351, 0.08561892413453824, 0.08899561207319483, 0.16641173129567513, -0.15052801360985146, -0.2885131255541221, 0.051984696612995644, 0.050584759343026905, -0.27855004469482836, -0.38503499798610547, -0.04511072090518785, 0.0, -0.28861729463886027, -0.41314525304640776, -0.1619701857419712, 0.07086369288891609, 0.179880532025078, 0.3324430615888524], [-0.6566802116117111, -0.4163567264009066, -0.009788752167358509, 0.2795808624489369, 0.3742362187733985, 0.3776129067120553, 0.45502902593453526, 0.13808928102900878, 0.00010416908473816656, 0.34060199125185586, 0.33920205398188735, 0.01006724994403191, -0.0964177033472451, 0.24350657373367238, 0.28861729463886027, 0.0, -0.1245279584075476, 0.12664710889688918, 0.3594809875277764, 0.4684978266639381, 0.6210603562277126], [-0.5321522532041633, -0.29182876799335916, 0.11473920624018911, 0.4041088208564843, 0.49876417718094584, 0.5021408651196027, 0.5795569843420826, 0.26261723943655635, 0.12463212749228576, 0.4651299496594036, 0.4637300123894349, 0.13459520835157945, 0.028110255060302517, 0.36803453214122006, 0.41314525304640776, 0.1245279584075476, 0.0, 0.25117506730443684, 0.4840089459353238, 0.5930257850714855, 0.7455883146352603], [-0.7833273205086002, -0.5430038352977961, -0.1364358610642477, 0.1529337535520476, 0.2475891098765093, 0.2509657978151659, 0.328381917037646, 0.011442172132119635, -0.12654293981215106, 0.21395488235496674, 0.21255494508499806, -0.11657985895285729, -0.22306481224413433, 0.11685946483678329, 0.1619701857419712, -0.12664710889688918, -0.25117506730443684, 0.0, 0.2328338786308872, 0.341850717767049, 0.4944132473308231], [-1.0161611991394868, -0.7758377139286833, -0.3692697396951349, -0.0799001250788396, 0.014755231245622124, 0.018131919184278724, 0.0955480384067589, -0.2213917064987676, -0.35937681844303815, -0.018878996275920424, -0.020278933545889135, -0.34941373758374444, -0.45589869087502144, -0.11597441379410389, -0.07086369288891609, -0.3594809875277764, -0.4840089459353238, -0.2328338786308872, 0.0, 0.10901683913616182, 0.2615793686999363], [-1.125178038275649, -0.8848545530648453, -0.47828657883129677, -0.1889169642150015, -0.09426160789053968, -0.09088491995188312, -0.013468800729402888, -0.33040854563492944, -0.46839365757919993, -0.1278958354120823, -0.12929577268205095, -0.4584305767199063, -0.5649155300111831, -0.2249912529302657, -0.179880532025078, -0.4684978266639381, -0.5930257850714855, -0.341850717767049, -0.10901683913616182, 0.0, 0.15256252956377456], [-1.2777405678394236, -1.0374170826286195, -0.6308491083950714, -0.3414794937787759, -0.24682413745431425, -0.2434474495156576, -0.1660313302931774, -0.4829710751987038, -0.6209561871429746, -0.28045836497585674, -0.2818583022458254, -0.6109931062836808, -0.717478059574958, -0.37755378249404026, -0.3324430615888524, -0.6210603562277126, -0.7455883146352603, -0.4944132473308231, -0.2615793686999363, -0.15256252956377456, 0.0]]]