[[[0.0, -0.48272488211063014, -0.7787257953108374, -1.0427370960582156, -1.309116752409011, -0.3635299580986733, -0.33913733599120705, -0.44026076394872404, -0.49998820867644456, -0.08497296209122673, -0.04924629664319393, -0.18699602051899641, -0.27261020904376615, 0.17908432844798994, 0.24214383910110793, 0.09473626977702146, -0.021657972454385832, 0.41902089385882924, 0.6184913301856597, 0.7736054491060694, 0.8918267778242697], [0.48272488211063014, 0.0, -0.2960009132002074, -0.5600122139475857, -0.826391870298381, 0.1191949240119568, 0.14358754611942304, 0.042464118161906005, -0.017263326565814457, 0.39775192001940335, 0.43347858546743623, 0.2957288615916337, 0.21011467306686402, 0.66180921055862, 0.7248687212117378, 0.5774611518876517, 0.4610669096562441, 0.901745775969459, 1.10121621229629, 1.2563303312166996, 1.3745516599349], [0.7787257953108374, 0.2960009132002074, 0.0, -0.26401130074737816, -0.5303909570981736, 0.41519583721216435, 0.4395884593196304, 0.33846503136211353, 0.27873758663439296, 0.6937528332196108, 0.7294794986676435, 0.5917297747918411, 0.5061155862670715, 0.9578101237588279, 1.0208696344119454, 0.873462065087859, 0.7570678228564519, 1.1977466891696666, 1.3972171254964976, 1.552331244416908, 1.6705525731351074], [1.0427370960582156, 0.5600122139475857, 0.26401130074737816, 0.0, -0.2663796563507953, 0.6792071379595426, 0.7035997600670091, 0.6024763321094917, 0.5427488873817711, 0.957764133966989, 0.9934907994150219, 0.8557410755392195, 0.7701268870144498, 1.2218214245062062, 1.2848809351593238, 1.1374733658352374, 1.0210791236038297, 1.4617579899170452, 1.6612284262438761, 1.8163425451642854, 1.9345638738824857], [1.309116752409011, 0.826391870298381, 0.5303909570981736, 0.2663796563507953, 0.0, 0.9455867943103382, 0.9699794164178038, 0.8688559884602876, 0.8091285437325666, 1.2241437903177848, 1.2598704557658171, 1.1221207318900148, 1.0365065433652454, 1.4882010808570008, 1.551260591510119, 1.4038530221860333, 1.2874587799546249, 1.7281376462678406, 1.9276080825946713, 2.0827222015150806, 2.2009435302332814], [0.3635299580986733, -0.1191949240119568, -0.41519583721216435, -0.6792071379595426, -0.9455867943103382, 0.0, 0.024392622107466292, -0.07673080585005086, -0.13645825057777125, 0.27855699600744654, 0.3142836614554794, 0.17653393757967695, 0.09091974905490723, 0.5426142865466637, 0.6056737971997812, 0.4582662278756947, 0.3418719856442875, 0.782550851957503, 0.9820212882843333, 1.137135407204743, 1.2553567359229425], [0.33913733599120705, -0.14358754611942304, -0.4395884593196304, -0.7035997600670091, -0.9699794164178038, -0.024392622107466292, 0.0, -0.10112342795751703, -0.1608508726852375, 0.25416437389998026, 0.2898910393480131, 0.1521413154722106, 0.06652712694744094, 0.518221664439197, 0.5812811750923147, 0.4338736057682286, 0.31747936353682105, 0.7581582298500363, 0.9576286661768674, 1.1127427850972766, 1.2309641138154774], [0.44026076394872404, -0.042464118161906005, -0.33846503136211353, -0.6024763321094917, -0.8688559884602876, 0.07673080585005086, 0.10112342795751703, 0.0, -0.05972744472772047, 0.3552878018574972, 0.3910144673055304, 0.2532647434297277, 0.16765055490495798, 0.6193450923967139, 0.682404603049832, 0.5349970337257457, 0.41860279149433827, 0.8592816578075532, 1.0587520941343838, 1.213866213054793, 1.3320875417729934], [0.49998820867644456, 0.017263326565814457, -0.27873758663439296, -0.5427488873817711, -0.8091285437325666, 0.13645825057777125, 0.1608508726852375, 0.05972744472772047, 0.0, 0.4150152465852176, 0.45074191203325065, 0.31299218815744806, 0.22737799963267843, 0.6790725371244346, 0.7421320477775524, 0.5947244784534659, 0.4783302362220585, 0.9190091025352741, 1.118479538862105, 1.2735936577825135, 1.3918149865007146], [0.08497296209122673, -0.39775192001940335, -0.6937528332196108, -0.957764133966989, -1.2241437903177848, -0.27855699600744654, -0.25416437389998026, -0.3552878018574972, -0.4150152465852176, 0.0, 0.03572666544803284, -0.10202305842776964, -0.1876372469525393, 0.26405729053921667, 0.3271168011923347, 0.17970923186824822, 0.06331498963684093, 0.5039938559500561, 0.7034642922768868, 0.8585784111972962, 0.9767997399154963], [0.04924629664319393, -0.43347858546743623, -0.7294794986676435, -0.9934907994150219, -1.2598704557658171, -0.3142836614554794, -0.2898910393480131, -0.3910144673055304, -0.45074191203325065, -0.03572666544803284, 0.0, -0.13774972387580248, -0.22336391240057218, 0.22833062509118374, 0.2913901357443017, 0.14398256642021537, 0.02758832418880808, 0.4682671905020232, 0.6677376268288535, 0.8228517457492639, 0.9410730744674638], [0.18699602051899641, -0.2957288615916337, -0.5917297747918411, -0.8557410755392195, -1.1221207318900148, -0.17653393757967695, -0.1521413154722106, -0.2532647434297277, -0.31299218815744806, 0.10202305842776964, 0.13774972387580248, 0.0, -0.08561418852476972, 0.3660803489669863, 0.4291398596201043, 0.28173229029601793, 0.1653380480646106, 0.6060169143778255, 0.8054873507046564, 0.9606014696250658, 1.0788227983432666], [0.27261020904376615, -0.21011467306686402, -0.5061155862670715, -0.7701268870144498, -1.0365065433652454, -0.09091974905490723, -0.06652712694744094, -0.16765055490495798, -0.22737799963267843, 0.1876372469525393, 0.22336391240057218, 0.08561418852476972, 0.0, 0.4516945374917558, 0.514754048144874, 0.36734647882078747, 0.2509522365893803, 0.6916311029025954, 0.8911015392294261, 1.0462156581498352, 1.1644369868680355], [-0.17908432844798994, -0.66180921055862, -0.9578101237588279, -1.2218214245062062, -1.4882010808570008, -0.5426142865466637, -0.518221664439197, -0.6193450923967139, -0.6790725371244346, -0.26405729053921667, -0.22833062509118374, -0.3660803489669863, -0.4516945374917558, 0.0, 0.0630595106531179, -0.08434805867096848, -0.20074230090237571, 0.2399365654108393, 0.4394070017376699, 0.5945211206580795, 0.7127424493762797], [-0.24214383910110793, -0.7248687212117378, -1.0208696344119454, -1.2848809351593238, -1.551260591510119, -0.6056737971997812, -0.5812811750923147, -0.682404603049832, -0.7421320477775524, -0.3271168011923347, -0.2913901357443017, -0.4291398596201043, -0.514754048144874, -0.0630595106531179, 0.0, -0.14740756932408636, -0.26380181155549376, 0.17687705475772136, 0.376347491084552, 0.5314616100049616, 0.649682938723162], [-0.09473626977702146, -0.5774611518876517, -0.873462065087859, -1.1374733658352374, -1.4038530221860333, -0.4582662278756947, -0.4338736057682286, -0.5349970337257457, -0.5947244784534659, -0.17970923186824822, -0.14398256642021537, -0.28173229029601793, -0.36734647882078747, 0.08434805867096848, 0.14740756932408636, 0.0, -0.1163942422314073, 0.3242846240818077, 0.5237550604086383, 0.6788691793290481, 0.7970905080472488], [0.021657972454385832, -0.4610669096562441, -0.7570678228564519, -1.0210791236038297, -1.2874587799546249, -0.3418719856442875, -0.31747936353682105, -0.41860279149433827, -0.4783302362220585, -0.06331498963684093, -0.02758832418880808, -0.1653380480646106, -0.2509522365893803, 0.20074230090237571, 0.26380181155549376, 0.1163942422314073, 0.0, 0.44067886631321507, 0.6401493026400452, 0.7952634215604557, 0.9134847502786555], [-0.41902089385882924, -0.901745775969459, -1.1977466891696666, -1.4617579899170452, -1.7281376462678406, -0.782550851957503, -0.7581582298500363, -0.8592816578075532, -0.9190091025352741, -0.5039938559500561, -0.4682671905020232, -0.6060169143778255, -0.6916311029025954, -0.2399365654108393, -0.17687705475772136, -0.3242846240818077, -0.44067886631321507, 0.0, 0.1994704363268305, 0.3545845552472401, 0.4728058839654406], [-0.6184913301856597, -1.10121621229629, -1.3972171254964976, -1.6612284262438761, -1.9276080825946713, -0.9820212882843333, -0.9576286661768674, -1.0587520941343838, -1.118479538862105, -0.7034642922768868, -0.6677376268288535, -0.8054873507046564, -0.8911015392294261, -0.4394070017376699, -0.376347491084552, -0.5237550604086383, -0.6401493026400452, -0.1994704363268305, 0.0, 0.1551141189204095, 0.27333544763861], [-0.7736054491060694, -1.2563303312166996, -1.552331244416908, -1.8163425451642854, -2.0827222015150806, -1.137135407204743, -1.1127427850972766, -1.213866213054793, -1.2735936577825135, -0.8585784111972962, -0.8228517457492639, -0.9606014696250658, -1.0462156581498352, -0.5945211206580795, -0.5314616100049616, -0.6788691793290481, -0.7952634215604557, -0.3545845552472401, -0.1551141189204095, 0.0, 0.1182213287182004], [-0.8918267778242697, -1.3745516599349, -1.6705525731351074, -1.9345638738824857, -2.2009435302332814, -1.2553567359229425, -1.2309641138154774, -1.3320875417729934, -1.3918149865007146, -0.9767997399154963, -0.9410730744674638, -1.0788227983432666, -1.1644369868680355, -0.7127424493762797, -0.649682938723162, -0.7970905080472488, -0.9134847502786555, -0.4728058839654406, -0.27333544763861, -0.1182213287182004, 0.0]], [[0.0, 0.3665243426472665, 0.7361740742094534, 1.0716003264805811, 1.2651692310279428, 1.0390073548426235, 1.3929482390159533, 1.0972552699710054, 0.869465391639714, 0.9961562437739784, 1.3361450959840977, 0.9923311636739739, 0.7729063115201709, 0.9642174142775426, 1.287841486105195, 1.03330965005186, 0.836684565934099, 0.9324340212821264, 1.2747430337022922, 1.4755994268585553, 1.674434401816229], [-0.3665243426472665, 0.0, 0.36964973156218683, 0.7050759838333152, 0.8986448883806761, 0.6724830121953572, 1.0264238963686871, 0.7307309273237389, 0.5029410489924476, 0.6296319011267113, 0.9696207533368303, 0.6258068210267073, 0.40638196887290406, 0.597693071630276, 0.9213171434579288, 0.6667853074045934, 0.47016022328683227, 0.5659096786348595, 0.9082186910550252, 1.1090750842112902, 1.3079100591689623], [-0.7361740742094534, -0.36964973156218683, 0.0, 0.3354262522711284, 0.5289951568184895, 0.30283328063317044, 0.6567741648065, 0.36108119576155223, 0.13329131743026096, 0.2599821695645246, 0.5999710217746439, 0.2561570894645205, 0.03673223731071733, 0.22804334006808916, 0.5516674118957422, 0.2971355758424066, 0.10051049172464545, 0.19625994707267305, 0.5385689594928386, 0.7394253526491026, 0.9382603276067759], [-1.0716003264805811, -0.7050759838333152, -0.3354262522711284, 0.0, 0.19356890454736114, -0.03259297163795785, 0.3213479125353719, 0.02565494349042388, -0.20213493484086734, -0.07544408270660381, 0.2645447695035157, -0.07926916280660777, -0.2986940149604108, -0.10738291220303911, 0.21624115962461377, -0.038290676428721616, -0.23491576054648278, -0.13916630519845521, 0.20314270722171038, 0.4039991003779744, 0.6028340753356476], [-1.2651692310279428, -0.8986448883806761, -0.5289951568184895, -0.19356890454736114, 0.0, -0.22616187618531897, 0.12777900798801065, -0.1679139610569372, -0.39570383938822845, -0.269012987253965, 0.07097586495615457, -0.2728380673539688, -0.4922629195077721, -0.30095181675040017, 0.022672255077252616, -0.23185958097608286, -0.4284846650938439, -0.3327352097458163, 0.009573802674349265, 0.21043019583061334, 0.40926517078828645], [-1.0390073548426235, -0.6724830121953572, -0.30283328063317044, 0.03259297163795785, 0.22616187618531897, 0.0, 0.3539408841733298, 0.05824791512838173, -0.1695419632029094, -0.04285111106864593, 0.29713774114147357, -0.04667619116864989, -0.26610104332245305, -0.07478994056508124, 0.2488341312625715, -0.0056977047907637605, -0.20232278890852495, -0.1065733335604974, 0.2357356788596682, 0.4365920720159323, 0.6354270469736055], [-1.3929482390159533, -1.0264238963686871, -0.6567741648065, -0.3213479125353719, -0.12777900798801065, -0.3539408841733298, 0.0, -0.29569296904494813, -0.5234828473762392, -0.3967919952419755, -0.056803143031856136, -0.40061707534197954, -0.6200419274957828, -0.42873082473841095, -0.10510675291075813, -0.3596385889640935, -0.5562636730818545, -0.46051421773382734, -0.11820520531366142, 0.0826511878426026, 0.28148616280027566], [-1.0972552699710054, -0.7307309273237389, -0.36108119576155223, -0.02565494349042388, 0.1679139610569372, -0.05824791512838173, 0.29569296904494813, 0.0, -0.2277898783312912, -0.10109902619702771, 0.23888982601309172, -0.10492410629703168, -0.3243489584508346, -0.13303785569346296, 0.19058621613418975, -0.0639456199191455, -0.2605707040369067, -0.16482124868887915, 0.17748776373128655, 0.3783441568875505, 0.5771791318452237], [-0.869465391639714, -0.5029410489924476, -0.13329131743026096, 0.20213493484086734, 0.39570383938822845, 0.1695419632029094, 0.5234828473762392, 0.2277898783312912, 0.0, 0.1266908521342635, 0.4666797043443831, 0.12286577203425952, -0.09655908011954367, 0.09475202263782817, 0.4183760944654809, 0.16384425841214567, -0.03278082570561554, 0.06296862964241207, 0.40527764206257766, 0.6061340352188416, 0.8049690101765147], [-0.9961562437739784, -0.6296319011267113, -0.2599821695645246, 0.07544408270660381, 0.269012987253965, 0.04285111106864593, 0.3967919952419755, 0.10109902619702771, -0.1266908521342635, 0.0, 0.3399888522101195, -0.0038250801000039724, -0.22324993225380715, -0.03193882949643533, 0.29168524233121756, 0.03715340627788217, -0.159471677839879, -0.0637222224918515, 0.27858678992831415, 0.4794431830845783, 0.6782781580422516], [-1.3361450959840977, -0.9696207533368303, -0.5999710217746439, -0.2645447695035157, -0.07097586495615457, -0.29713774114147357, 0.056803143031856136, -0.23888982601309172, -0.4666797043443831, -0.3399888522101195, 0.0, -0.3438139323101235, -0.5632387844639267, -0.3719276817065548, -0.04830360987890197, -0.3028354459322373, -0.4994605300499987, -0.403711074701971, -0.06140206228180533, 0.13945433087445866, 0.338289305832132], [-0.9923311636739739, -0.6258068210267073, -0.2561570894645205, 0.07926916280660777, 0.2728380673539688, 0.04667619116864989, 0.40061707534197954, 0.10492410629703168, -0.12286577203425952, 0.0038250801000039724, 0.3438139323101235, 0.0, -0.2194248521538032, -0.02811374939643135, 0.2955103224312215, 0.04097848637788615, -0.1556465977398751, -0.05989714239184751, 0.28241187002831813, 0.4832682631845823, 0.6821032381422555], [-0.7729063115201709, -0.40638196887290406, -0.03673223731071733, 0.2986940149604108, 0.4922629195077721, 0.26610104332245305, 0.6200419274957828, 0.3243489584508346, 0.09655908011954367, 0.22324993225380715, 0.5632387844639267, 0.2194248521538032, 0.0, 0.19131110275737184, 0.5149351745850247, 0.2604033385316893, 0.06377825441392812, 0.15952770976195574, 0.5018367221821216, 0.7026931153383853, 0.9015280902960585], [-0.9642174142775426, -0.597693071630276, -0.22804334006808916, 0.10738291220303911, 0.30095181675040017, 0.07478994056508124, 0.42873082473841095, 0.13303785569346296, -0.09475202263782817, 0.03193882949643533, 0.3719276817065548, 0.02811374939643135, -0.19131110275737184, 0.0, 0.3236240718276528, 0.06909223577431747, -0.12753284834344378, -0.03178339299541614, 0.31052561942474954, 0.5113820125810138, 0.7102169875386868], [-1.287841486105195, -0.9213171434579288, -0.5516674118957422, -0.21624115962461377, -0.022672255077252616, -0.2488341312625715, 0.10510675291075813, -0.19058621613418975, -0.4183760944654809, -0.29168524233121756, 0.04830360987890197, -0.2955103224312215, -0.5149351745850247, -0.3236240718276528, 0.0, -0.2545318360533354, -0.45115692017109665, -0.35540746482306895, -0.01309845240290337, 0.18775794075336072, 0.3865929157110337], [-1.03330965005186, -0.6667853074045934, -0.2971355758424066, 0.038290676428721616, 0.23185958097608286, 0.0056977047907637605, 0.3596385889640935, 0.0639456199191455, -0.16384425841214567, -0.03715340627788217, 0.3028354459322373, -0.04097848637788615, -0.2604033385316893, -0.06909223577431747, 0.2545318360533354, 0.0, -0.19662508411776128, -0.10087562876973362, 0.241433383650432, 0.44228977680669623, 0.641124751764369], [-0.836684565934099, -0.47016022328683227, -0.10051049172464545, 0.23491576054648278, 0.4284846650938439, 0.20232278890852495, 0.5562636730818545, 0.2605707040369067, 0.03278082570561554, 0.159471677839879, 0.4994605300499987, 0.1556465977398751, -0.06377825441392812, 0.12753284834344378, 0.45115692017109665, 0.19662508411776128, 0.0, 0.09574945534802758, 0.43805846776819335, 0.6389148609244573, 0.8377498358821304], [-0.9324340212821264, -0.5659096786348595, -0.19625994707267305, 0.13916630519845521, 0.3327352097458163, 0.1065733335604974, 0.46051421773382734, 0.16482124868887915, -0.06296862964241207, 0.0637222224918515, 0.403711074701971, 0.05989714239184751, -0.15952770976195574, 0.03178339299541614, 0.35540746482306895, 0.10087562876973362, -0.09574945534802758, 0.0, 0.34230901242016565, 0.5431654055764298, 0.7420003805341031], [-1.2747430337022922, -0.9082186910550252, -0.5385689594928386, -0.20314270722171038, -0.009573802674349265, -0.2357356788596682, 0.11820520531366142, -0.17748776373128655, -0.40527764206257766, -0.27858678992831415, 0.06140206228180533, -0.28241187002831813, -0.5018367221821216, -0.31052561942474954, 0.01309845240290337, -0.241433383650432, -0.43805846776819335, -0.34230901242016565, 0.0, 0.20085639315626416, 0.39969136811393746], [-1.4755994268585553, -1.1090750842112902, -0.7394253526491026, -0.4039991003779744, -0.21043019583061334, -0.4365920720159323, -0.0826511878426026, -0.3783441568875505, -0.6061340352188416, -0.4794431830845783, -0.13945433087445866, -0.4832682631845823, -0.7026931153383853, -0.5113820125810138, -0.18775794075336072, -0.44228977680669623, -0.6389148609244573, -0.5431654055764298, -0.20085639315626416, 0.0, 0.1988349749576732], [-1.674434401816229, -1.3079100591689623, -0.9382603276067759, -0.6028340753356476, -0.40926517078828645, -0.6354270469736055, -0.28148616280027566, -0.5771791318452237, -0.8049690101765147, -0.6782781580422516, -0.338289305832132, -0.6821032381422555, -0.9015280902960585, -0.7102169875386868, -0.3865929157110337, -0.641124751764369, -0.8377498358821304, -0.7420003805341031, -0.39969136811393746, -0.1988349749576732, 0.0]]]