[[[0.0, -0.4383821424677171, -0.6685777931403349, -0.8124417834410577, -0.9999254374137911, -0.2956987743515005, -0.40920365120815416, -0.46901910643049916, -0.5176870356426978, -0.026138793427352685, 0.11532268328493508, 0.19495269016154712, 0.2622421715954258, 0.18862186912736958, 0.12322367114551248, 0.0055364146654773416, -0.043254668903019634, 0.36432556327061083, 0.3013699659602312, 0.18237243201678804, 0.12731681402255052], [0.4383821424677171, 0.0, -0.23019565067261763, -0.37405964097334043, -0.5615432949460744, 0.1426833681162167, 0.029178491259562987, -0.03063696396278213, -0.07930489317498071, 0.41224334904036425, 0.5537048257526525, 0.6333348326292645, 0.7006243140631431, 0.6270040115950869, 0.5616058136132298, 0.4439185571331945, 0.3951274735646974, 0.8027077057383275, 0.7397521084279481, 0.6207545744845052, 0.5656989564902678], [0.6685777931403349, 0.23019565067261763, 0.0, -0.14386399030072272, -0.33134764427345664, 0.37287901878883434, 0.2593741419321806, 0.19955868670983548, 0.150890757497637, 0.6424389997129819, 0.7839004764252703, 0.8635304833018814, 0.9308199647357608, 0.8571996622677045, 0.7918014642858476, 0.6741142078058122, 0.6253231242373151, 1.0329033564109458, 0.9699477591005657, 0.8509502251571232, 0.7958946071628855], [0.8124417834410577, 0.37405964097334043, 0.14386399030072272, 0.0, -0.1874836539727337, 0.5167430090895571, 0.4032381322329032, 0.3434226770105582, 0.29475474779835975, 0.7863029900137051, 0.9277644667259923, 1.007394473602605, 1.0746839550364833, 1.0010636525684269, 0.9356654545865701, 0.8179781981065349, 0.7691871145380378, 1.1767673467116686, 1.113811749401289, 0.9948142154578451, 0.9397585974636083], [0.9999254374137911, 0.5615432949460744, 0.33134764427345664, 0.1874836539727337, 0.0, 0.7042266630622909, 0.5907217862056372, 0.5309063309832923, 0.4822384017710936, 0.9737866439864383, 1.1152481206987273, 1.1948781275753388, 1.2621676090092175, 1.188547306541161, 1.1231491085593044, 1.0054618520792689, 0.9566707685107717, 1.3642510006844022, 1.301295403374023, 1.1822978694305797, 1.1272422514363425], [0.2956987743515005, -0.1426833681162167, -0.37287901878883434, -0.5167430090895571, -0.7042266630622909, 0.0, -0.11350487685665372, -0.17332033207899886, -0.22198826129119736, 0.2695599809241478, 0.4110214576364353, 0.49065146451304786, 0.5579409459469261, 0.48432064347887005, 0.4189224454970129, 0.3012351890169779, 0.2524441054484807, 0.6600243376221112, 0.5970687403117316, 0.4780712063682885, 0.42301558837405073], [0.40920365120815416, -0.029178491259562987, -0.2593741419321806, -0.4032381322329032, -0.5907217862056372, 0.11350487685665372, 0.0, -0.0598154552223451, -0.10848338443454365, 0.38306485778080146, 0.5245263344930894, 0.6041563413697015, 0.6714458228035799, 0.5978255203355239, 0.5324273223536667, 0.41474006587363144, 0.36594898230513456, 0.7735292144787649, 0.7105736171683852, 0.5915760832249426, 0.5365204652307046], [0.46901910643049916, 0.03063696396278213, -0.19955868670983548, -0.3434226770105582, -0.5309063309832923, 0.17332033207899886, 0.0598154552223451, 0.0, -0.048667929212198535, 0.44288031300314673, 0.5843417897154347, 0.6639717965920469, 0.7312612780259251, 0.6576409755578689, 0.5922427775760121, 0.47455552109597654, 0.4257644375274797, 0.8333446697011101, 0.7703890723907307, 0.6513915384472874, 0.5963359204530497], [0.5176870356426978, 0.07930489317498071, -0.150890757497637, -0.29475474779835975, -0.4822384017710936, 0.22198826129119736, 0.10848338443454365, 0.048667929212198535, 0.0, 0.4915482422153453, 0.6330097189276329, 0.7126397258042454, 0.7799292072381238, 0.7063089047700675, 0.6409107067882104, 0.5232234503081749, 0.4744323667396783, 0.8820125989133086, 0.8190570016029288, 0.7000594676594861, 0.6450038496652485], [0.026138793427352685, -0.41224334904036425, -0.6424389997129819, -0.7863029900137051, -0.9737866439864383, -0.2695599809241478, -0.38306485778080146, -0.44288031300314673, -0.4915482422153453, 0.0, 0.14146147671228787, 0.22109148358889982, 0.28838096502277843, 0.21476066255472226, 0.14936246457286528, 0.031675208092830046, -0.017115875475666936, 0.39046435669796375, 0.32750875938758384, 0.20851122544414072, 0.15345560744990336], [-0.11532268328493508, -0.5537048257526525, -0.7839004764252703, -0.9277644667259923, -1.1152481206987273, -0.4110214576364353, -0.5245263344930894, -0.5843417897154347, -0.6330097189276329, -0.14146147671228787, 0.0, 0.07963000687661212, 0.14691948831049065, 0.07329918584243447, 0.007900987860577434, -0.10978626861945777, -0.1585773521879548, 0.24900287998567575, 0.186047282675296, 0.06704974873185301, 0.011994130737615447], [-0.19495269016154712, -0.6333348326292645, -0.8635304833018814, -1.007394473602605, -1.1948781275753388, -0.49065146451304786, -0.6041563413697015, -0.6639717965920469, -0.7126397258042454, -0.22109148358889982, -0.07963000687661212, 0.0, 0.06728948143387851, -0.0063308210341776385, -0.07172901901603466, -0.18941627549606996, -0.23820735906456683, 0.16937287310906382, 0.10641727579868386, -0.01258025814475911, -0.06763587613899666], [-0.2622421715954258, -0.7006243140631431, -0.9308199647357608, -1.0746839550364833, -1.2621676090092175, -0.5579409459469261, -0.6714458228035799, -0.7312612780259251, -0.7799292072381238, -0.28838096502277843, -0.14691948831049065, -0.06728948143387851, 0.0, -0.07362030246805616, -0.13901850044991318, -0.2567057569299485, -0.3054968404984455, 0.10208339167518515, 0.039127794364805395, -0.0798697395786376, -0.1349253575728752], [-0.18862186912736958, -0.6270040115950869, -0.8571996622677045, -1.0010636525684269, -1.188547306541161, -0.48432064347887005, -0.5978255203355239, -0.6576409755578689, -0.7063089047700675, -0.21476066255472226, -0.07329918584243447, 0.0063308210341776385, 0.07362030246805616, 0.0, -0.06539819798185703, -0.18308545446189226, -0.2318765380303892, 0.17570369414324138, 0.11274809683286144, -0.006249437110581464, -0.06130505510481901], [-0.12322367114551248, -0.5616058136132298, -0.7918014642858476, -0.9356654545865701, -1.1231491085593044, -0.4189224454970129, -0.5324273223536667, -0.5922427775760121, -0.6409107067882104, -0.14936246457286528, -0.007900987860577434, 0.07172901901603466, 0.13901850044991318, 0.06539819798185703, 0.0, -0.11768725648003515, -0.16647834004853215, 0.24110189212509842, 0.17814629481471858, 0.05914876087127556, 0.0040931428770380135], [-0.0055364146654773416, -0.4439185571331945, -0.6741142078058122, -0.8179781981065349, -1.0054618520792689, -0.3012351890169779, -0.41474006587363144, -0.47455552109597654, -0.5232234503081749, -0.031675208092830046, 0.10978626861945777, 0.18941627549606996, 0.2567057569299485, 0.18308545446189226, 0.11768725648003515, 0.0, -0.04879108356849696, 0.3587891486051336, 0.2958335512947538, 0.1768360173513108, 0.12178039935707316], [0.043254668903019634, -0.3951274735646974, -0.6253231242373151, -0.7691871145380378, -0.9566707685107717, -0.2524441054484807, -0.36594898230513456, -0.4257644375274797, -0.4744323667396783, 0.017115875475666936, 0.1585773521879548, 0.23820735906456683, 0.3054968404984455, 0.2318765380303892, 0.16647834004853215, 0.04879108356849696, 0.0, 0.40758023217363054, 0.34462463486325084, 0.22562710091980784, 0.17057148292557028], [-0.36432556327061083, -0.8027077057383275, -1.0329033564109458, -1.1767673467116686, -1.3642510006844022, -0.6600243376221112, -0.7735292144787649, -0.8333446697011101, -0.8820125989133086, -0.39046435669796375, -0.24900287998567575, -0.16937287310906382, -0.10208339167518515, -0.17570369414324138, -0.24110189212509842, -0.3587891486051336, -0.40758023217363054, 0.0, -0.06295559731037983, -0.18195313125382273, -0.2370087492480604], [-0.3013699659602312, -0.7397521084279481, -0.9699477591005657, -1.113811749401289, -1.301295403374023, -0.5970687403117316, -0.7105736171683852, -0.7703890723907307, -0.8190570016029288, -0.32750875938758384, -0.186047282675296, -0.10641727579868386, -0.039127794364805395, -0.11274809683286144, -0.17814629481471858, -0.2958335512947538, -0.34462463486325084, 0.06295559731037983, 0.0, -0.11899753394344295, -0.17405315193768053], [-0.18237243201678804, -0.6207545744845052, -0.8509502251571232, -0.9948142154578451, -1.1822978694305797, -0.4780712063682885, -0.5915760832249426, -0.6513915384472874, -0.7000594676594861, -0.20851122544414072, -0.06704974873185301, 0.01258025814475911, 0.0798697395786376, 0.006249437110581464, -0.05914876087127556, -0.1768360173513108, -0.22562710091980784, 0.18195313125382273, 0.11899753394344295, 0.0, -0.055055617994237555], [-0.12731681402255052, -0.5656989564902678, -0.7958946071628855, -0.9397585974636083, -1.1272422514363425, -0.42301558837405073, -0.5365204652307046, -0.5963359204530497, -0.6450038496652485, -0.15345560744990336, -0.011994130737615447, 0.06763587613899666, 0.1349253575728752, 0.06130505510481901, -0.0040931428770380135, -0.12178039935707316, -0.17057148292557028, 0.2370087492480604, 0.17405315193768053, 0.055055617994237555, 0.0]], [[0.0, 0.24258869502896882, 0.6433438748382957, 0.9516816169642283, 1.1808963803896049, 1.0436380395102478, 1.5038319745911146, 1.7971058000660725, 2.0525671744475504, 0.9995512643413036, 1.489052599061709, 1.8134168531762855, 2.0950258518701115, 0.858959290295097, 0.9624941772141747, 0.6464525120809906, 0.4609794615628304, 0.7089364676835893, 0.808715809067656, 0.562355416451882, 0.41864378006873404], [-0.24258869502896882, 0.0, 0.4007551798093268, 0.7090929219352595, 0.9383076853606357, 0.8010493444812791, 1.2612432795621462, 1.554517105037105, 1.8099784794185823, 0.7569625693123353, 1.2464639040327394, 1.5708281581473158, 1.8524371568411429, 0.6163705952661283, 0.7199054821852059, 0.40386381705202196, 0.21839076653386158, 0.46634777265462013, 0.5661271140386878, 0.3197667214229131, 0.17605508503976552], [-0.6433438748382957, -0.4007551798093268, 0.0, 0.30833774212593257, 0.5375525055513091, 0.40029416467195134, 0.8604880997528191, 1.1537619252277773, 1.4092232996092553, 0.35620738950300834, 0.8457087242234123, 1.1700729783379888, 1.4516819770318161, 0.21561541545680124, 0.3191503023758794, 0.0031086372426949197, -0.18236441327546526, 0.06559259284529319, 0.16537193422936053, -0.08098845838641386, -0.22470009476956154], [-0.9516816169642283, -0.7090929219352595, -0.30833774212593257, 0.0, 0.22921476342537622, 0.09195642254601898, 0.5521503576268864, 0.8454241831018444, 1.100885557483322, 0.04786964737707577, 0.5373709820974798, 0.8617352362120563, 1.1433442349058833, -0.09272232666913137, 0.010812560249946646, -0.3052291048832376, -0.4907021554013976, -0.24274514928063937, -0.14296580789657218, -0.38932620051234645, -0.5330378368954944], [-1.1808963803896049, -0.9383076853606357, -0.5375525055513091, -0.22921476342537622, 0.0, -0.13725834087935732, 0.32293559420151013, 0.6162094196764684, 0.871670794057946, -0.18134511604830053, 0.30815621867210363, 0.63252047278668, 0.9141294714805066, -0.32193709009450777, -0.2184022031754296, -0.5344438683086141, -0.7199169188267743, -0.4719599127060157, -0.3721805713219484, -0.6185409639377226, -0.7622526003208706], [-1.0436380395102478, -0.8010493444812791, -0.40029416467195134, -0.09195642254601898, 0.13725834087935732, 0.0, 0.4601939350808673, 0.7534677605558255, 1.0089291349373029, -0.044086775168943194, 0.4454145595514607, 0.7697788136660374, 1.0513878123598634, -0.18467874921515037, -0.08114386229607237, -0.39718552742925667, -0.5826585779474169, -0.3347015718266586, -0.23492223044259117, -0.48128262305836556, -0.6249942594415132], [-1.5038319745911146, -1.2612432795621462, -0.8604880997528191, -0.5521503576268864, -0.32293559420151013, -0.4601939350808673, 0.0, 0.2932738254749584, 0.5487351998564362, -0.5042807102498105, -0.014779375529406452, 0.30958487858517, 0.5911938772789963, -0.6448726842960175, -0.5413377973769397, -0.8573794625101242, -1.0428525130282837, -0.7948955069075255, -0.6951161655234586, -0.9414765581392329, -1.0851881945223802], [-1.7971058000660725, -1.554517105037105, -1.1537619252277773, -0.8454241831018444, -0.6162094196764684, -0.7534677605558255, -0.2932738254749584, 0.0, 0.25546137438147776, -0.7975545357247684, -0.3080532010043647, 0.016311053110211682, 0.29792005180403813, -0.9381465097709765, -0.8346116228518974, -1.1506532879850824, -1.3361263385032425, -1.088169332382484, -0.9883899909984164, -1.2347503836141909, -1.3784620199973392], [-2.0525671744475504, -1.8099784794185823, -1.4092232996092553, -1.100885557483322, -0.871670794057946, -1.0089291349373029, -0.5487351998564362, -0.25546137438147776, 0.0, -1.0530159101062464, -0.5635145753858428, -0.2391503212712661, 0.04245867742256046, -1.1936078841524536, -1.0900729972333758, -1.4061146623665601, -1.5915877128847205, -1.3436307067639626, -1.2438513653798946, -1.4902117579956693, -1.633923394378816], [-0.9995512643413036, -0.7569625693123353, -0.35620738950300834, -0.04786964737707577, 0.18134511604830053, 0.044086775168943194, 0.5042807102498105, 0.7975545357247684, 1.0530159101062464, 0.0, 0.48950133472040397, 0.8138655888349803, 1.0954745875288068, -0.14059197404620719, -0.037057087127129164, -0.3530987522603135, -0.5385718027784735, -0.2906147966577153, -0.19083545527364798, -0.4371958478894221, -0.5809074842725699], [-1.489052599061709, -1.2464639040327394, -0.8457087242234123, -0.5373709820974798, -0.30815621867210363, -0.4454145595514607, 0.014779375529406452, 0.3080532010043647, 0.5635145753858428, -0.48950133472040397, 0.0, 0.3243642541145764, 0.6059732528084028, -0.6300933087666114, -0.526558421847533, -0.8426000869807172, -1.0280731374988779, -0.7801161313781191, -0.680336789994052, -0.9266971826098259, -1.0704088189929744], [-1.8134168531762855, -1.5708281581473158, -1.1700729783379888, -0.8617352362120563, -0.63252047278668, -0.7697788136660374, -0.30958487858517, -0.016311053110211682, 0.2391503212712661, -0.8138655888349803, -0.3243642541145764, 0.0, 0.2816089986938265, -0.9544575628811873, -0.8509226759621095, -1.1669643410952941, -1.3524373916134544, -1.1044803854926954, -1.0047010441086281, -1.2510614367244026, -1.3947730731075498], [-2.0950258518701115, -1.8524371568411429, -1.4516819770318161, -1.1433442349058833, -0.9141294714805066, -1.0513878123598634, -0.5911938772789963, -0.29792005180403813, -0.04245867742256046, -1.0954745875288068, -0.6059732528084028, -0.2816089986938265, 0.0, -1.2360665615750144, -1.1325316746559364, -1.4485733397891207, -1.6340463903072808, -1.386089384186522, -1.2863100428024543, -1.5326704354182286, -1.6763820718013762], [-0.858959290295097, -0.6163705952661283, -0.21561541545680124, 0.09272232666913137, 0.32193709009450777, 0.18467874921515037, 0.6448726842960175, 0.9381465097709765, 1.1936078841524536, 0.14059197404620719, 0.6300933087666114, 0.9544575628811873, 1.2360665615750144, 0.0, 0.10353488691907804, -0.21250677821410624, -0.39797982873226645, -0.15002282261150815, -0.05024348122744078, -0.2966038738432152, -0.44031551022636284], [-0.9624941772141747, -0.7199054821852059, -0.3191503023758794, -0.010812560249946646, 0.2184022031754296, 0.08114386229607237, 0.5413377973769397, 0.8346116228518974, 1.0900729972333758, 0.037057087127129164, 0.526558421847533, 0.8509226759621095, 1.1325316746559364, -0.10353488691907804, 0.0, -0.3160416651331844, -0.5015147156513443, -0.25355770953058604, -0.15377836814651877, -0.40013876076229304, -0.5438503971454408], [-0.6464525120809906, -0.40386381705202196, -0.0031086372426949197, 0.3052291048832376, 0.5344438683086141, 0.39718552742925667, 0.8573794625101242, 1.1506532879850824, 1.4061146623665601, 0.3530987522603135, 0.8426000869807172, 1.1669643410952941, 1.4485733397891207, 0.21250677821410624, 0.3160416651331844, 0.0, -0.18547305051816015, 0.06248395560259827, 0.16226329698666558, -0.08409709562910876, -0.2278087320122565], [-0.4609794615628304, -0.21839076653386158, 0.18236441327546526, 0.4907021554013976, 0.7199169188267743, 0.5826585779474169, 1.0428525130282837, 1.3361263385032425, 1.5915877128847205, 0.5385718027784735, 1.0280731374988779, 1.3524373916134544, 1.6340463903072808, 0.39797982873226645, 0.5015147156513443, 0.18547305051816015, 0.0, 0.2479570061207584, 0.3477363475048258, 0.10137595488905134, -0.0423356814940963], [-0.7089364676835893, -0.46634777265462013, -0.06559259284529319, 0.24274514928063937, 0.4719599127060157, 0.3347015718266586, 0.7948955069075255, 1.088169332382484, 1.3436307067639626, 0.2906147966577153, 0.7801161313781191, 1.1044803854926954, 1.386089384186522, 0.15002282261150815, 0.25355770953058604, -0.06248395560259827, -0.2479570061207584, 0.0, 0.09977934138406726, -0.14658105123170706, -0.2902926876148549], [-0.808715809067656, -0.5661271140386878, -0.16537193422936053, 0.14296580789657218, 0.3721805713219484, 0.23492223044259117, 0.6951161655234586, 0.9883899909984164, 1.2438513653798946, 0.19083545527364798, 0.680336789994052, 1.0047010441086281, 1.2863100428024543, 0.05024348122744078, 0.15377836814651877, -0.16226329698666558, -0.3477363475048258, -0.09977934138406726, 0.0, -0.24636039261577422, -0.39007202899892207], [-0.562355416451882, -0.3197667214229131, 0.08098845838641386, 0.38932620051234645, 0.6185409639377226, 0.48128262305836556, 0.9414765581392329, 1.2347503836141909, 1.4902117579956693, 0.4371958478894221, 0.9266971826098259, 1.2510614367244026, 1.5326704354182286, 0.2966038738432152, 0.40013876076229304, 0.08409709562910876, -0.10137595488905134, 0.14658105123170706, 0.24636039261577422, 0.0, -0.14371163638314768], [-0.41864378006873404, -0.17605508503976552, 0.22470009476956154, 0.5330378368954944, 0.7622526003208706, 0.6249942594415132, 1.0851881945223802, 1.3784620199973392, 1.633923394378816, 0.5809074842725699, 1.0704088189929744, 1.3947730731075498, 1.6763820718013762, 0.44031551022636284, 0.5438503971454408, 0.2278087320122565, 0.0423356814940963, 0.2902926876148549, 0.39007202899892207, 0.14371163638314768, 0.0]]]