[[0.0, 0.4567707447058247, 0.9026551864600463, 1.2512566161900298, 1.515692145799992, 1.0737410532658656, 1.3673964439876485, 1.0977258898840998, 0.9487272750468488, 1.0, 1.272170684952156, 0.9511047923921768, 0.8096632744659936, 0.9376674308445782, 1.178482615940832, 0.8692100429282589, 0.7207355445551384, 0.9182300194093359, 1.0789811311459738, 0.8666937043772828, 0.7586134325398035], [0.4567707447058247, 0.0, 0.4773036524864133, 0.8565555109885775, 1.138099788482596, 0.7409270366593705, 1.0380129631293133, 0.750596800448875, 0.5922936586583704, 0.7613333494181689, 1.0163567784095113, 0.6850422697819891, 0.5441278209312823, 0.8156629824413386, 1.0172248317067047, 0.7176423002968693, 0.5927540944684272, 0.9247469967454123, 1.0201459738934378, 0.8232248617001856, 0.7375477481678595], [0.9026551864600463, 0.4773036524864133, 0.0, 0.3882625897835055, 0.6744626484865764, 0.3650016565002969, 0.6232735014947166, 0.3508785198943806, 0.2292574247896245, 0.5212713963660268, 0.6921424882182354, 0.434896745558567, 0.3761016543655012, 0.7083535283865824, 0.8091270287203126, 0.6118722308199781, 0.5794450172512761, 0.9274225701537817, 0.9297900501653064, 0.8028798689786028, 0.7716344650601017], [1.2512566161900298, 0.8565555109885775, 0.3882625897835055, 0.0, 0.2865871698099492, 0.26399925271305846, 0.3046847857534038, 0.21881366290716453, 0.3151680111605392, 0.4965213975059399, 0.49245523329806346, 0.4511136510462542, 0.5172831858615666, 0.7396168592772395, 0.7151990742572607, 0.6777857852020374, 0.7306486051153905, 0.9974410990727278, 0.9223056901272843, 0.8807862286089274, 0.8979503630121023], [1.515692145799992, 1.138099788482596, 0.6744626484865764, 0.2865871698099492, 0.0, 0.45651708598283924, 0.24462696298288059, 0.42416860467850886, 0.567717589612921, 0.6373403811600834, 0.4957928525178285, 0.6284043833796517, 0.7363734362877622, 0.8669249651810428, 0.7592096328841506, 0.834330644146979, 0.9245920572211755, 1.1216443825030549, 1.0024896645729056, 1.0199542141055709, 1.0633744703689536], [1.0737410532658656, 0.7409270366593705, 0.3650016565002969, 0.26399925271305846, 0.45651708598283924, 0.0, 0.2993306243620004, 0.05393280413519033, 0.15670958621570708, 0.23615662585741884, 0.3288689036033075, 0.1905145026601567, 0.2805421018114583, 0.4778670360529106, 0.4881469488843619, 0.4154038297945056, 0.4776401486224676, 0.7347527705273171, 0.6703320412356788, 0.61789797320363, 0.6368904084045027], [1.3673964439876485, 1.0380129631293133, 0.6232735014947166, 0.3046847857534038, 0.24462696298288059, 0.2993306243620004, 0.0, 0.2883155515564279, 0.446592339755778, 0.417934853348256, 0.25249993126031267, 0.43054184278417773, 0.5608392124937254, 0.6335638314395725, 0.5153144097724812, 0.6130291531525699, 0.7203942372085611, 0.88413157516031, 0.7591604389658737, 0.7877403752623354, 0.8402707211840799], [1.0977258898840998, 0.750596800448875, 0.3508785198943806, 0.21881366290716453, 0.42416860467850886, 0.05393280413519033, 0.2883155515564279, 0.0, 0.15875758612637614, 0.2833357275407097, 0.3529697081831876, 0.23309868747464438, 0.3156741979147472, 0.5244372824171157, 0.5279132763936932, 0.45977456830266383, 0.5189439388573394, 0.7810742436604685, 0.7151221193854181, 0.6631586743747185, 0.6811555987318322], [0.9487272750468488, 0.5922936586583704, 0.2292574247896245, 0.3151680111605392, 0.567717589612921, 0.15670958621570708, 0.446592339755778, 0.15875758612637614, 0.0, 0.3033916746404156, 0.4719212564297435, 0.21996700613718734, 0.2162909436031123, 0.5129795433471891, 0.5870843158067672, 0.4262884476171181, 0.4381754584248851, 0.752880892444737, 0.7272892800708167, 0.6290829833566234, 0.6213136125520841], [1.0, 0.7613333494181689, 0.5212713963660268, 0.4965213975059399, 0.6373403811600834, 0.23615662585741884, 0.417934853348256, 0.2833357275407097, 0.3033916746404156, 0.0, 0.2725991430447372, 0.09253859306122734, 0.21859410499622123, 0.24352920905688016, 0.2897133054864112, 0.19883398750325476, 0.3074105816544104, 0.5022875005155348, 0.4367629929431755, 0.3902156252870118, 0.4265837685188184], [1.272170684952156, 1.0163567784095113, 0.6921424882182354, 0.49245523329806346, 0.4957928525178285, 0.3288689036033075, 0.25249993126031267, 0.3529697081831876, 0.4719212564297435, 0.2725991430447372, 0.0, 0.333932786253409, 0.47969140367624674, 0.42245308324922987, 0.2647320598610062, 0.4334317452199368, 0.5684831000605347, 0.6554309205221834, 0.5136927517762486, 0.5735413715264683, 0.6446454513081847], [0.9511047923921768, 0.6850422697819891, 0.434896745558567, 0.4511136510462542, 0.6284043833796517, 0.1905145026601567, 0.43054184278417773, 0.23309868747464438, 0.21996700613718734, 0.09253859306122734, 0.333932786253409, 0.0, 0.14635583298144728, 0.301822769108621, 0.37737510715768885, 0.22749774202938944, 0.2968576469606986, 0.5528225327530297, 0.5096878253140235, 0.4322441627389899, 0.4488650397889679], [0.8096632744659936, 0.5441278209312823, 0.3761016543655012, 0.5172831858615666, 0.7363734362877622, 0.2805421018114583, 0.5608392124937254, 0.3156741979147472, 0.2162909436031123, 0.21859410499622123, 0.47969140367624674, 0.14635583298144728, 0.0, 0.33870422357679836, 0.4874332973869289, 0.23928995098094671, 0.2222697802318449, 0.5536538177766714, 0.5618372163353557, 0.42916693835937686, 0.40862423503889156], [0.9376674308445782, 0.8156629824413386, 0.7083535283865824, 0.7396168592772395, 0.8669249651810428, 0.4778670360529106, 0.6335638314395725, 0.5244372824171157, 0.5129795433471891, 0.24352920905688016, 0.42245308324922987, 0.301822769108621, 0.33870422357679836, 0.0, 0.24375658639166314, 0.10657125198323157, 0.23092361539945397, 0.2592112489340696, 0.22422407363561217, 0.1558530717760004, 0.22593289243048997], [1.178482615940832, 1.0172248317067047, 0.8091270287203126, 0.7151990742572607, 0.7592096328841506, 0.4881469488843619, 0.5153144097724812, 0.5279132763936932, 0.5870843158067672, 0.2897133054864112, 0.2647320598610062, 0.37737510715768885, 0.4874332973869289, 0.24375658639166314, 0.0, 0.3138343508153256, 0.46138290918558456, 0.4164321916414871, 0.25300133202347164, 0.364163289948117, 0.45928064746919345], [0.8692100429282589, 0.7176423002968693, 0.6118722308199781, 0.6777857852020374, 0.834330644146979, 0.4154038297945056, 0.6130291531525699, 0.45977456830266383, 0.4262884476171181, 0.19883398750325476, 0.4334317452199368, 0.22749774202938944, 0.23928995098094671, 0.10657125198323157, 0.3138343508153256, 0.0, 0.14891025575753566, 0.32919457471974284, 0.3260022459304398, 0.20573339970104346, 0.22973645772164233], [0.7207355445551384, 0.5927540944684272, 0.5794450172512761, 0.7306486051153905, 0.9245920572211755, 0.4776401486224676, 0.7203942372085611, 0.5189439388573394, 0.4381754584248851, 0.3074105816544104, 0.5684831000605347, 0.2968576469606986, 0.2222697802318449, 0.23092361539945397, 0.46138290918558456, 0.14891025575753566, 0.0, 0.36096409452149303, 0.42819267356128904, 0.242987467523539, 0.19265281082906602], [0.9182300194093359, 0.9247469967454123, 0.9274225701537817, 0.9974410990727278, 1.1216443825030549, 0.7347527705273171, 0.88413157516031, 0.7810742436604685, 0.752880892444737, 0.5022875005155348, 0.6554309205221834, 0.5528225327530297, 0.5536538177766714, 0.2592112489340696, 0.4164321916414871, 0.32919457471974284, 0.36096409452149303, 0.0, 0.1933572397800501, 0.12726646189579358, 0.1879709345460804], [1.0789811311459738, 1.0201459738934378, 0.9297900501653064, 0.9223056901272843, 1.0024896645729056, 0.6703320412356788, 0.7591604389658737, 0.7151221193854181, 0.7272892800708167, 0.4367629929431755, 0.5136927517762486, 0.5096878253140235, 0.5618372163353557, 0.22422407363561217, 0.25300133202347164, 0.3260022459304398, 0.42819267356128904, 0.1933572397800501, 0.0, 0.21340666607651293, 0.32086436144747155], [0.8666937043772828, 0.8232248617001856, 0.8028798689786028, 0.8807862286089274, 1.0199542141055709, 0.61789797320363, 0.7877403752623354, 0.6631586743747185, 0.6290829833566234, 0.3902156252870118, 0.5735413715264683, 0.4322441627389899, 0.42916693835937686, 0.1558530717760004, 0.364163289948117, 0.20573339970104346, 0.242987467523539, 0.12726646189579358, 0.21340666607651293, 0.0, 0.10885198169350441], [0.7586134325398035, 0.7375477481678595, 0.7716344650601017, 0.8979503630121023, 1.0633744703689536, 0.6368904084045027, 0.8402707211840799, 0.6811555987318322, 0.6213136125520841, 0.4265837685188184, 0.6446454513081847, 0.4488650397889679, 0.40862423503889156, 0.22593289243048997, 0.45928064746919345, 0.22973645772164233, 0.19265281082906602, 0.1879709345460804, 0.32086436144747155, 0.10885198169350441, 0.0]]