[[0.0, 0.366182324350098, 0.7589010679853446, 0.9243272358145169, 0.8739185936424302, 1.029320102619211, 1.3210478543348774, 1.3533012519600782, 1.3313824669751944, 1.0, 1.3375203553194674, 1.1344553174148948, 0.9478383196082389, 0.9613329704454999, 1.2767069464733638, 1.0264623122754144, 0.8240382585855395, 0.9183619433315781, 1.1723550278812447, 1.0093971444658634, 0.852804592174951], [0.366182324350098, 0.0, 0.40590978301874275, 0.6181044571461414, 0.6380344945590737, 0.7515355828891175, 1.0577145875656904, 1.087910780337533, 1.064454017064103, 0.7937963339101576, 1.144321982063336, 0.9271983812320811, 0.7316719635349032, 0.8341295699731144, 1.1475213706406924, 0.8921491024462723, 0.6988108424809173, 0.8884106554225927, 1.1085261286462122, 0.9405749667692995, 0.7957184625039949], [0.7589010679853446, 0.40590978301874275, 0.0, 0.2779288467359384, 0.42096901973319406, 0.43685826078561235, 0.7321018958095961, 0.7576822089668138, 0.7340298441870179, 0.5822907023225625, 0.9014493625386669, 0.6908651644623067, 0.5208455023017062, 0.7226584988268931, 0.9843526855809013, 0.759861680350255, 0.6265496641573618, 0.8826627642173228, 1.028570925242285, 0.8802513543060345, 0.7795661154445888], [0.9243272358145169, 0.6181044571461414, 0.2779288467359384, 0.0, 0.21840254860993974, 0.1768692085507611, 0.4662859152482766, 0.4921059167370349, 0.4679044738887887, 0.35223581780712665, 0.6399481806498523, 0.4374855550615987, 0.3003721126844007, 0.5367481421545868, 0.7496195362631713, 0.5560681576042349, 0.484071366793489, 0.7452327540983303, 0.8341388933779751, 0.7084541029743082, 0.6482867772909343], [0.8739185936424302, 0.6380344945590737, 0.42096901973319406, 0.21840254860993974, 0.0, 0.1989342702580565, 0.4592228770930982, 0.49088970121520825, 0.47079981038810353, 0.19913884146423552, 0.5277182854767719, 0.3136859953693641, 0.14391419613967635, 0.3336808549020288, 0.5797149983886719, 0.35998291313646524, 0.2762520120837921, 0.5337787370251078, 0.6327540687623532, 0.4993407295284349, 0.4381569989543712], [1.029320102619211, 0.7515355828891175, 0.43685826078561235, 0.1768692085507611, 0.1989342702580565, 0.0, 0.30723704993695167, 0.3371822344850645, 0.31430429343042965, 0.23263709864841092, 0.4758702877521279, 0.2878791915332447, 0.21455250102359052, 0.4456306731084909, 0.6073338914389294, 0.44944870450914787, 0.43711671565791227, 0.6796329903677493, 0.7219315917003489, 0.6192515894293402, 0.5939192634299459], [1.3210478543348774, 1.0577145875656904, 0.7321018958095961, 0.4662859152482766, 0.4592228770930982, 0.30723704993695167, 0.0, 0.05975193165263829, 0.10589245931730326, 0.36251395560146016, 0.30350217187553846, 0.27913254366734175, 0.3957901681758122, 0.5444746774235251, 0.5265841794174808, 0.5095818758517021, 0.6092665680814158, 0.7853280192680194, 0.7200123176448874, 0.6855585929615681, 0.729164062902462], [1.3533012519600782, 1.087910780337533, 0.7576822089668138, 0.4921059167370349, 0.49088970121520825, 0.3371822344850645, 0.05975193165263829, 0.0, 0.05537016205542738, 0.39504033704116814, 0.3147699132310098, 0.30233761920588625, 0.42545539819441897, 0.573867441288956, 0.5427110258644191, 0.5354029468953493, 0.6395440668282255, 0.813304444733575, 0.7409440158104329, 0.7107347525164278, 0.7578480085919465], [1.3313824669751944, 1.064454017064103, 0.7340298441870179, 0.4679044738887887, 0.47079981038810353, 0.31430429343042965, 0.10589245931730326, 0.05537016205542738, 0.0, 0.38323609323525304, 0.3318542806352029, 0.2960431595226714, 0.4066120263053898, 0.5662741151133001, 0.5502380442010102, 0.5290458718271029, 0.6249827857669694, 0.8057012171451668, 0.7419188963377061, 0.7051483278915203, 0.7468100724944287], [1.0, 0.7937963339101576, 0.5822907023225625, 0.35223581780712665, 0.19913884146423552, 0.23263709864841092, 0.36251395560146016, 0.39504033704116814, 0.38323609323525304, 0.0, 0.35084884891658047, 0.13746830887404912, 0.08644989756747541, 0.21733811785290083, 0.4036245823624377, 0.21821723110388852, 0.2498497436630531, 0.45945855833512866, 0.491144230544949, 0.38880764521211886, 0.38482898044164543], [1.3375203553194674, 1.144321982063336, 0.9014493625386669, 0.6399481806498523, 0.5277182854767719, 0.4758702877521279, 0.30350217187553846, 0.3147699132310098, 0.3318542806352029, 0.35084884891658047, 0.0, 0.21950152238293266, 0.4140255377390735, 0.406823803842491, 0.2408629024692233, 0.34621065722889427, 0.5263585949092332, 0.6031874291872865, 0.4614277633990319, 0.4832317785717627, 0.5827047637208512], [1.1344553174148948, 0.9271983812320811, 0.6908651644623067, 0.4374855550615987, 0.3136859953693641, 0.2878791915332447, 0.27913254366734175, 0.30233761920588625, 0.2960431595226714, 0.13746830887404912, 0.21950152238293266, 0.0, 0.1959167380948012, 0.27453319758131967, 0.3268881073079446, 0.23579755749190714, 0.3530789182643042, 0.5134380700951918, 0.4732484702506351, 0.41481576271241494, 0.45799448609878624], [0.9478383196082389, 0.7316719635349032, 0.5208455023017062, 0.3003721126844007, 0.14391419613967635, 0.21455250102359052, 0.3957901681758122, 0.42545539819441897, 0.4066120263053898, 0.08644989756747541, 0.4140255377390735, 0.1959167380948012, 0.0, 0.2532696520282315, 0.4670890978825101, 0.26056207013992005, 0.23880984186286158, 0.47978128699497297, 0.5399043125037025, 0.42176325358396194, 0.39274537635636847], [0.9613329704454999, 0.8341295699731144, 0.7226584988268931, 0.5367481421545868, 0.3336808549020288, 0.4456306731084909, 0.5444746774235251, 0.573867441288956, 0.5662741151133001, 0.21733811785290083, 0.406823803842491, 0.27453319758131967, 0.2532696520282315, 0.0, 0.3190218731283067, 0.06880450776442576, 0.1431441612075529, 0.24535270159280678, 0.3063726858973124, 0.17556239928300202, 0.1881068782590134], [1.2767069464733638, 1.1475213706406924, 0.9843526855809013, 0.7496195362631713, 0.5797149983886719, 0.6073338914389294, 0.5265841794174808, 0.5427110258644191, 0.5502380442010102, 0.4036245823624377, 0.2408629024692233, 0.3268881073079446, 0.4670890978825101, 0.3190218731283067, 0.0, 0.25732493646346577, 0.45899077869614474, 0.4275436255641176, 0.22987484315103443, 0.30446890445204305, 0.443858474933727], [1.0264623122754144, 0.8921491024462723, 0.759861680350255, 0.5560681576042349, 0.35998291313646524, 0.44944870450914787, 0.5095818758517021, 0.5354029468953493, 0.5290458718271029, 0.21821723110388852, 0.34621065722889427, 0.23579755749190714, 0.26056207013992005, 0.06880450776442576, 0.25732493646346577, 0.0, 0.20357896395711245, 0.28009883824177356, 0.28039617854967847, 0.18190980696634518, 0.23892475240828417], [0.8240382585855395, 0.6988108424809173, 0.6265496641573618, 0.484071366793489, 0.2762520120837921, 0.43711671565791227, 0.6092665680814158, 0.6395440668282255, 0.6249827857669694, 0.2498497436630531, 0.5263585949092332, 0.3530789182643042, 0.23880984186286158, 0.1431441612075529, 0.45899077869614474, 0.20357896395711245, 0.0, 0.26845754000826316, 0.4205178416070899, 0.2597893702939354, 0.16756437453288772], [0.9183619433315781, 0.8884106554225927, 0.8826627642173228, 0.7452327540983303, 0.5337787370251078, 0.6796329903677493, 0.7853280192680194, 0.813304444733575, 0.8057012171451668, 0.45945855833512866, 0.6031874291872865, 0.5134380700951918, 0.47978128699497297, 0.24535270159280678, 0.4275436255641176, 0.28009883824177356, 0.26845754000826316, 0.0, 0.2591227833602991, 0.12562122634360035, 0.10649602407188599], [1.1723550278812447, 1.1085261286462122, 1.028570925242285, 0.8341388933779751, 0.6327540687623532, 0.7219315917003489, 0.7200123176448874, 0.7409440158104329, 0.7419188963377061, 0.491144230544949, 0.4614277633990319, 0.4732484702506351, 0.5399043125037025, 0.3063726858973124, 0.22987484315103443, 0.28039617854967847, 0.4205178416070899, 0.2591227833602991, 0.0, 0.16916947803167925, 0.3228336377662464], [1.0093971444658634, 0.9405749667692995, 0.8802513543060345, 0.7084541029743082, 0.4993407295284349, 0.6192515894293402, 0.6855585929615681, 0.7107347525164278, 0.7051483278915203, 0.38880764521211886, 0.4832317785717627, 0.41481576271241494, 0.42176325358396194, 0.17556239928300202, 0.30446890445204305, 0.18190980696634518, 0.2597893702939354, 0.12562122634360035, 0.16916947803167925, 0.0, 0.15682415578885064], [0.852804592174951, 0.7957184625039949, 0.7795661154445888, 0.6482867772909343, 0.4381569989543712, 0.5939192634299459, 0.729164062902462, 0.7578480085919465, 0.7468100724944287, 0.38482898044164543, 0.5827047637208512, 0.45799448609878624, 0.39274537635636847, 0.1881068782590134, 0.443858474933727, 0.23892475240828417, 0.16756437453288772, 0.10649602407188599, 0.3228336377662464, 0.15682415578885064, 0.0]]