[[0.0, 0.3218793533076717, 0.6202898577318007, 0.8022922076725805, 0.9110055653408063, 1.065803636743546, 1.525881563371919, 1.7885091396369048, 1.993511097406393, 1.0, 1.3483534180323886, 1.1352718736375045, 0.9613058216820669, 0.9252166799188649, 1.1958921299649612, 0.9199959698582668, 0.7289926624195899, 0.8624391747038651, 1.06275315043102, 0.8501612067281422, 0.6746158187092743], [0.3218793533076717, 0.0, 0.3342101998942416, 0.5635670895302178, 0.7220053283697736, 0.9025557447547347, 1.3783920803831293, 1.6454047142050812, 1.8571860739402204, 0.8970006238250098, 1.2523108274431183, 1.014964157853549, 0.8227806277190459, 0.8961230875603152, 1.1549424320264468, 0.858377552385794, 0.6628324917221542, 0.9206318797107444, 1.0841831448948502, 0.8569218016172924, 0.6875255741931396], [0.6202898577318007, 0.3342101998942416, 0.0, 0.25405311590083984, 0.4470529068463748, 0.635524604057595, 1.1039301378559019, 1.368498468312939, 1.5819659238020518, 0.690232482687783, 1.0263316505235407, 0.7806812618366066, 0.5883090176035783, 0.7672263973357367, 0.9880552090577, 0.7010386618168863, 0.5385624712820073, 0.8800119459136256, 0.986928341025967, 0.7725136990188294, 0.6431433136958514], [0.8022922076725805, 0.5635670895302178, 0.25405311590083984, 0.0, 0.20566065308375742, 0.3982068261712965, 0.8590978842333976, 1.1222713046075463, 1.3354038790439509, 0.4863737135264627, 0.7978755557057025, 0.5534629098883708, 0.3719577628869195, 0.6179263768738807, 0.795599558855013, 0.5365280398246122, 0.4338102828950582, 0.789042268516466, 0.844412205676641, 0.6591799247497961, 0.5822897535309113], [0.9110055653408063, 0.7220053283697736, 0.4470529068463748, 0.20566065308375742, 0.0, 0.23565084458847074, 0.6828726691223125, 0.9453867950453343, 1.156436701476461, 0.304290867456067, 0.6010932371112275, 0.36062016734872393, 0.21628120525707561, 0.4708875471171718, 0.6075756072265659, 0.38720798174256965, 0.3631988125404985, 0.6794894978351931, 0.6899916410804187, 0.5421953115400264, 0.5208123892005333], [1.065803636743546, 0.9025557447547347, 0.635524604057595, 0.3982068261712965, 0.23565084458847074, 0.0, 0.4760696578427455, 0.743369705062066, 0.9561300914670677, 0.20260722659895525, 0.41208910894685885, 0.18840004326397802, 0.1413134717833685, 0.42198711217848606, 0.47601543845448707, 0.3353950277938885, 0.3988685595308079, 0.6624600312279947, 0.6153734251762146, 0.5208216916391275, 0.5569682628315692], [1.525881563371919, 1.3783920803831293, 1.1039301378559019, 0.8590978842333976, 0.6828726691223125, 0.4760696578427455, 0.0, 0.27265615138746385, 0.4920432659546644, 0.5375618708879906, 0.2863114889359423, 0.39834561892692333, 0.566408304806343, 0.7022753629797911, 0.5342446582074913, 0.653545103474058, 0.8115505150199266, 0.9284509031656512, 0.7723894656476409, 0.8169756778568167, 0.9315123327039875], [1.7885091396369048, 1.6454047142050812, 1.368498468312939, 1.1222713046075463, 0.9453867950453343, 0.743369705062066, 0.27265615138746385, 0.0, 0.22066704129393394, 0.7937749761594529, 0.4893514867463402, 0.6568305573407899, 0.8315981353611427, 0.9355579680007439, 0.7261321383449936, 0.8992846931140808, 1.0683619527277974, 1.1435875645692333, 0.9639149141999678, 1.0475292892586525, 1.1770873740664098], [1.993511097406393, 1.8571860739402204, 1.5819659238020518, 1.3354038790439509, 1.156436701476461, 0.9561300914670677, 0.4920432659546644, 0.22066704129393394, 0.0, 0.9972665964277936, 0.6784247366565863, 0.8647042984898483, 1.0414754858613504, 1.1231992997077151, 0.8962267563206677, 1.0954379557027392, 1.270259097731788, 1.316410334876184, 1.1255072620785345, 1.2319894434815633, 1.370151710961843], [1.0, 0.8970006238250098, 0.690232482687783, 0.4863737135264627, 0.304290867456067, 0.20260722659895525, 0.5375618708879906, 0.7937749761594529, 0.9972665964277936, 0.0, 0.356608218068262, 0.14292742265445116, 0.13977130528720752, 0.22189530981194516, 0.31237614930156493, 0.14325586417356714, 0.2759928390726165, 0.46615515743711783, 0.4154847539758581, 0.32826131129091757, 0.40096391756899363], [1.3483534180323886, 1.2523108274431183, 1.0263316505235407, 0.7978755557057025, 0.6010932371112275, 0.41208910894685885, 0.2863114889359423, 0.4893514867463402, 0.6784247366565863, 0.356608218068262, 0.0, 0.2470683376780762, 0.44090361977584075, 0.4567581946113474, 0.25132075686907485, 0.43278766837433913, 0.6200642952681703, 0.662287302094347, 0.4917681629683523, 0.5661764851245524, 0.7060918824511181], [1.1352718736375045, 1.014964157853549, 0.7806812618366066, 0.5534629098883708, 0.36062016734872393, 0.18840004326397802, 0.39834561892692333, 0.6568305573407899, 0.8647042984898483, 0.14292742265445116, 0.2470683376780762, 0.0, 0.19536336768446516, 0.33546284354893663, 0.30703180501480826, 0.26570257288954474, 0.4147541133559458, 0.5782547006597697, 0.4817287191149249, 0.4466063828633022, 0.5389963102694647], [0.9613058216820669, 0.8227806277190459, 0.5883090176035783, 0.3719577628869195, 0.21628120525707561, 0.1413134717833685, 0.566408304806343, 0.8315981353611427, 1.0414754858613504, 0.13977130528720752, 0.44090361977584075, 0.19536336768446516, 0.0, 0.3244288276743047, 0.4361343985674065, 0.2285272501156909, 0.2751101207920621, 0.5531800149501865, 0.5324463517040057, 0.40821970557081394, 0.43359395387327715], [0.9252166799188649, 0.8961230875603152, 0.7672263973357367, 0.6179263768738807, 0.4708875471171718, 0.42198711217848606, 0.7022753629797911, 0.9355579680007439, 1.1231992997077151, 0.22189530981194516, 0.4567581946113474, 0.33546284354893663, 0.3244288276743047, 0.0, 0.27135919365610134, 0.10275284930424206, 0.24017087006671697, 0.2457451091537066, 0.22806644586095143, 0.11929849169138759, 0.2571486453065782], [1.1958921299649612, 1.1549424320264468, 0.9880552090577, 0.795599558855013, 0.6075756072265659, 0.47601543845448707, 0.5342446582074913, 0.7261321383449936, 0.8962267563206677, 0.31237614930156493, 0.25132075686907485, 0.30703180501480826, 0.4361343985674065, 0.27135919365610134, 0.0, 0.29781842653514573, 0.49308548844600514, 0.4273579890737175, 0.24164904341168644, 0.35893451162660683, 0.5248895847048964], [0.9199959698582668, 0.858377552385794, 0.7010386618168863, 0.5365280398246122, 0.38720798174256965, 0.3353950277938885, 0.653545103474058, 0.8992846931140808, 1.0954379557027392, 0.14325586417356714, 0.43278766837433913, 0.26570257288954474, 0.2285272501156909, 0.10275284930424206, 0.29781842653514573, 0.0, 0.1980838486061245, 0.33338220329210944, 0.3157561536801316, 0.19024409657962082, 0.27950437052312677], [0.7289926624195899, 0.6628324917221542, 0.5385624712820073, 0.4338102828950582, 0.3631988125404985, 0.3988685595308079, 0.8115505150199266, 1.0683619527277974, 1.270259097731788, 0.2759928390726165, 0.6200642952681703, 0.4147541133559458, 0.2751101207920621, 0.24017087006671697, 0.49308548844600514, 0.1980838486061245, 0.0, 0.36596079272497384, 0.45217667763477154, 0.23961840990842656, 0.17146205989278104], [0.8624391747038651, 0.9206318797107444, 0.8800119459136256, 0.789042268516466, 0.6794894978351931, 0.6624600312279947, 0.9284509031656512, 1.1435875645692333, 1.316410334876184, 0.46615515743711783, 0.662287302094347, 0.5782547006597697, 0.5531800149501865, 0.2457451091537066, 0.4273579890737175, 0.33338220329210944, 0.36596079272497384, 0.0, 0.21696395099914587, 0.14831013045263197, 0.24296792230797767], [1.06275315043102, 1.0841831448948502, 0.986928341025967, 0.844412205676641, 0.6899916410804187, 0.6153734251762146, 0.7723894656476409, 0.9639149141999678, 1.1255072620785345, 0.4154847539758581, 0.4917681629683523, 0.4817287191149249, 0.5324463517040057, 0.22806644586095143, 0.24164904341168644, 0.3157561536801316, 0.45217667763477154, 0.21696395099914587, 0.0, 0.22780058392296326, 0.40083075649273975], [0.8501612067281422, 0.8569218016172924, 0.7725136990188294, 0.6591799247497961, 0.5421953115400264, 0.5208216916391275, 0.8169756778568167, 1.0475292892586525, 1.2319894434815633, 0.32826131129091757, 0.5661764851245524, 0.4466063828633022, 0.40821970557081394, 0.11929849169138759, 0.35893451162660683, 0.19024409657962082, 0.23961840990842656, 0.14831013045263197, 0.22780058392296326, 0.0, 0.1774718373023498], [0.6746158187092743, 0.6875255741931396, 0.6431433136958514, 0.5822897535309113, 0.5208123892005333, 0.5569682628315692, 0.9315123327039875, 1.1770873740664098, 1.370151710961843, 0.40096391756899363, 0.7060918824511181, 0.5389963102694647, 0.43359395387327715, 0.2571486453065782, 0.5248895847048964, 0.27950437052312677, 0.17146205989278104, 0.24296792230797767, 0.40083075649273975, 0.1774718373023498, 0.0]]