[[0.0, 0.4642446695903458, 0.833000079388654, 1.1808504788968481, 1.4050037672809361, 1.0524254877119532, 1.5267273343117598, 1.7945164323199914, 2.0032464848216667, 1.0, 1.3135478899626636, 1.0382310209626293, 0.9182351583955954, 0.9264836122821065, 1.1968955538278205, 0.8964571359626556, 0.7102069339174933, 0.8423853177678415, 1.2336556466254096, 1.4577885347072843, 1.6738601096195518], [0.4642446695903458, 0.0, 0.38790068048996623, 0.7398454515646187, 0.9554720890955415, 0.7191116485699887, 1.1790171571907266, 1.4451736169175655, 1.657558921241735, 0.7569157601475418, 1.0859902325121578, 0.8203840359066413, 0.6832529074523532, 0.7914026250777044, 1.060618960897457, 0.7649625334147379, 0.5692568494265721, 0.8393767925061677, 1.2311660137652638, 1.458342535804539, 1.664709775316303], [0.833000079388654, 0.38790068048996623, 0.0, 0.3522343249418752, 0.5723538798218526, 0.4378799588392871, 0.8402648153537801, 1.097242528279668, 1.3080830115394397, 0.5757431593663849, 0.8662469895988102, 0.6519455674559596, 0.5325528671153945, 0.7150286114957081, 0.93172575226582, 0.6992850046391283, 0.5658536747286442, 0.8697485739346739, 1.1992809186878675, 1.4077109627002278, 1.5915794493365536], [1.1808504788968481, 0.7398454515646187, 0.3522343249418752, 0.0, 0.23094457826747802, 0.41170425476109945, 0.6012422375016617, 0.8244716632027718, 1.0256436338243131, 0.6255261240875659, 0.8043584134531493, 0.6939449649075374, 0.6283347796299936, 0.8308957913453459, 0.9616577574303768, 0.827368221680579, 0.7705007413186713, 1.044490580626365, 1.2911271773455124, 1.4683355783043108, 1.621451975900247], [1.4050037672809361, 0.9554720890955415, 0.5723538798218526, 0.23094457826747802, 0.0, 0.5932880328788724, 0.6095769683294091, 0.7720011264564381, 0.9500374631373388, 0.8098280139881541, 0.9242991990486906, 0.8701661259700261, 0.8268765236037983, 1.0258107627758632, 1.1183437206767293, 1.025994145017061, 0.9895881243221162, 1.2512130135980055, 1.464037873841416, 1.6240294621402114, 1.7594462510375692], [1.0524254877119532, 0.7191116485699887, 0.4378799588392871, 0.41170425476109945, 0.5932880328788724, 0.0, 0.47480408984715994, 0.7431773550035793, 0.9535615806021001, 0.21728858579151647, 0.43446259134307885, 0.2836924843258496, 0.24255636420575433, 0.4336011443319954, 0.5538420252533398, 0.43657497082606816, 0.44391601728259644, 0.6657633905994751, 0.8804975270496365, 1.0584013429686725, 1.217627929586542], [1.5267273343117598, 1.1790171571907266, 0.8402648153537801, 0.6012422375016617, 0.6095769683294091, 0.47480408984715994, 0.0, 0.2685959386822186, 0.48006489836345084, 0.5766157918879492, 0.4496466497781187, 0.584154803002985, 0.6476946825953621, 0.769353914664885, 0.7045167473076455, 0.7875092867331266, 0.8780973584615918, 1.0107722905204874, 1.0586766869695852, 1.1575380094127994, 1.2462908564815978], [1.7945164323199914, 1.4451736169175655, 1.097242528279668, 0.8244716632027718, 0.7720011264564381, 0.7431773550035793, 0.2685959386822186, 0.0, 0.21249772109919474, 0.8294700119240249, 0.6323076014309887, 0.8253237367204909, 0.9046018262025215, 1.004991624407176, 0.8884788287142417, 1.026202935739727, 1.1353005023880096, 1.2386896641320404, 1.222328671398892, 1.2796212028074125, 1.3277002377043612], [2.0032464848216667, 1.657558921241735, 1.3080830115394397, 1.0256436338243131, 0.9500374631373388, 0.9535615806021001, 0.48006489836345084, 0.21249772109919474, 0.0, 1.0277273366812443, 0.7975332088006116, 1.0165265866267104, 1.105016911948732, 1.1904705053142484, 1.0442640068090252, 1.213474677205804, 1.3347804187473336, 1.4165767407915622, 1.3566803164740429, 1.3837674308343169, 1.4012948767522182], [1.0, 0.7569157601475418, 0.5757431593663849, 0.6255261240875659, 0.8098280139881541, 0.21728858579151647, 0.5766157918879492, 0.8294700119240249, 1.0277273366812443, 0.0, 0.3302789799253011, 0.08049646418340263, 0.08729464147543656, 0.2214689022073541, 0.35897969267404045, 0.23096837642272727, 0.30839501557917476, 0.4625677484399238, 0.6665061283757381, 0.8532937365144262, 1.0240967418226938], [1.3135478899626636, 1.0859902325121578, 0.8662469895988102, 0.8043584134531493, 0.9242991990486906, 0.43446259134307885, 0.4496466497781187, 0.6323076014309887, 0.7975332088006116, 0.3302789799253011, 0.0, 0.277391570791018, 0.4095655541383434, 0.4123218089422107, 0.25935436926191174, 0.43929816404410926, 0.6048586627299888, 0.6223903710312985, 0.6103654260992036, 0.7205327953677173, 0.8373334278310134], [1.0382310209626293, 0.8203840359066413, 0.6519455674559596, 0.6939449649075374, 0.8701661259700261, 0.2836924843258496, 0.584154803002985, 0.8253237367204909, 1.0165265866267104, 0.08049646418340263, 0.277391570791018, 0.0, 0.13816234979618178, 0.18918469952042438, 0.28454387623589955, 0.20458853022898013, 0.3324273021300531, 0.4324046537252621, 0.5993511270198613, 0.7804500186824012, 0.9488013639289001], [0.9182351583955954, 0.6832529074523532, 0.5325528671153945, 0.6283347796299936, 0.8268765236037983, 0.24255636420575433, 0.6476946825953621, 0.9046018262025215, 1.105016911948732, 0.08729464147543656, 0.4095655541383434, 0.13816234979618178, 0.0, 0.20712250052228678, 0.40434801322210767, 0.20248385712785974, 0.23264979562709848, 0.4286221912392676, 0.6807942750897878, 0.8799069238143471, 1.0605399816245311], [0.9264836122821065, 0.7914026250777044, 0.7150286114957081, 0.8308957913453459, 1.0258107627758632, 0.4336011443319954, 0.769353914664885, 1.004991624407176, 1.1904705053142484, 0.2214689022073541, 0.4123218089422107, 0.18918469952042438, 0.20712250052228678, 0.0, 0.27729388471766475, 0.04397248371408567, 0.2324935647900788, 0.24480102765910972, 0.4845586325710864, 0.6953383733260274, 0.8884475669652719], [1.1968955538278205, 1.060618960897457, 0.93172575226582, 0.9616577574303768, 1.1183437206767293, 0.5538420252533398, 0.7045167473076455, 0.8884788287142417, 1.0442640068090252, 0.35897969267404045, 0.25935436926191174, 0.28454387623589955, 0.40434801322210767, 0.27729388471766475, 0.0, 0.30711181032951695, 0.508306247822317, 0.40963840128314066, 0.36008612824480907, 0.5082434168393095, 0.6675243688294757], [0.8964571359626556, 0.7649625334147379, 0.6992850046391283, 0.827368221680579, 1.025994145017061, 0.43657497082606816, 0.7875092867331266, 1.026202935739727, 1.213474677205804, 0.23096837642272727, 0.43929816404410926, 0.20458853022898013, 0.20248385712785974, 0.04397248371408567, 0.30711181032951695, 0.0, 0.2020577061682316, 0.23667561714665106, 0.5021019857259678, 0.7157518282137595, 0.9111712964417833], [0.7102069339174933, 0.5692568494265721, 0.5658536747286442, 0.7705007413186713, 0.9895881243221162, 0.44391601728259644, 0.8780973584615918, 1.1353005023880096, 1.3347804187473336, 0.30839501557917476, 0.6048586627299888, 0.3324273021300531, 0.23264979562709848, 0.2324935647900788, 0.508306247822317, 0.2020577061682316, 0.0, 0.3093030817513485, 0.6713598928087627, 0.8948942764918735, 1.0981043584101433], [0.8423853177678415, 0.8393767925061677, 0.8697485739346739, 1.044490580626365, 1.2512130135980055, 0.6657633905994751, 1.0107722905204874, 1.2386896641320404, 1.4165767407915622, 0.4625677484399238, 0.6223903710312985, 0.4324046537252621, 0.4286221912392676, 0.24480102765910972, 0.40963840128314066, 0.23667561714665106, 0.3093030817513485, 0.0, 0.4023178033496127, 0.6315036898587959, 0.8452356974030717], [1.2336556466254096, 1.2311660137652638, 1.1992809186878675, 1.2911271773455124, 1.464037873841416, 0.8804975270496365, 1.0586766869695852, 1.222328671398892, 1.3566803164740429, 0.6665061283757381, 0.6103654260992036, 0.5993511270198613, 0.6807942750897878, 0.4845586325710864, 0.36008612824480907, 0.5021019857259678, 0.6713598928087627, 0.4023178033496127, 0.0, 0.2294835128557865, 0.4434882162370853], [1.4577885347072843, 1.458342535804539, 1.4077109627002278, 1.4683355783043108, 1.6240294621402114, 1.0584013429686725, 1.1575380094127994, 1.2796212028074125, 1.3837674308343169, 0.8532937365144262, 0.7205327953677173, 0.7804500186824012, 0.8799069238143471, 0.6953383733260274, 0.5082434168393095, 0.7157518282137595, 0.8948942764918735, 0.6315036898587959, 0.2294835128557865, 0.0, 0.21625202720879413], [1.6738601096195518, 1.664709775316303, 1.5915794493365536, 1.621451975900247, 1.7594462510375692, 1.217627929586542, 1.2462908564815978, 1.3277002377043612, 1.4012948767522182, 1.0240967418226938, 0.8373334278310134, 0.9488013639289001, 1.0605399816245311, 0.8884475669652719, 0.6675243688294757, 0.9111712964417833, 1.0981043584101433, 0.8452356974030717, 0.4434882162370853, 0.21625202720879413, 0.0]]