[[0.0, 0.4027085051359727, 0.8399097049701535, 1.0301956457091266, 0.9648990627654428, 1.0734066374567393, 1.4438371046155327, 1.2313611799785495, 1.0004698157956995, 1.0, 1.3937292008660458, 1.102765923751835, 0.8472486498785037, 0.9193636239476717, 1.3055896081514637, 0.9781299518301215, 0.7150452934735451, 0.848958773289541, 1.0655273730891879, 0.8172723894156616, 0.6136673167972272], [0.4027085051359727, 0.0, 0.45427518507023523, 0.6857863961645227, 0.689332717984187, 0.8034941525007788, 1.1868616556818545, 0.9487922232607653, 0.6984626197828999, 0.8093282951807034, 1.1976499899154494, 0.877680483396624, 0.6092611681423278, 0.8280765493763034, 1.169967947767255, 0.8227305488572639, 0.5733830021863743, 0.8866874759548056, 1.0158269986826107, 0.764850570292188, 0.6020084149116505], [0.8399097049701535, 0.45427518507023523, 0.0, 0.28009623724536586, 0.41306373205813224, 0.5042448680888976, 0.8533356315944661, 0.6046279692207883, 0.3700521623667595, 0.6306084372560106, 0.9420124698480703, 0.6313807524531275, 0.43242321565762587, 0.7765256390532177, 0.9949704545532205, 0.689882589610821, 0.5588644745504576, 0.9660438004537049, 0.9710238413704877, 0.7790458436556607, 0.7214516024008347], [1.0301956457091266, 0.6857863961645227, 0.28009623724536586, 0.0, 0.22973929034399312, 0.27112560494108445, 0.5800677569554092, 0.3344353023456656, 0.15171614595793023, 0.4620169971109971, 0.6952259729338346, 0.4149166839152997, 0.332969395451778, 0.6673718085455919, 0.786436459088076, 0.5419542492017078, 0.5277990965332241, 0.9129677937634894, 0.8409297115413163, 0.7119922852493776, 0.7310025439932413], [0.9648990627654428, 0.689332717984187, 0.41306373205813224, 0.22973929034399312, 0.0, 0.12171054901357652, 0.4996665781416085, 0.2708669602387467, 0.09296371246852222, 0.24075637834725402, 0.5388147675778379, 0.2228039141496504, 0.14501661071855357, 0.4435573807429504, 0.5865126107524621, 0.317944424942615, 0.3430442509038546, 0.697835367671163, 0.6150342268495566, 0.49759586549476104, 0.550281853935738], [1.0734066374567393, 0.8034941525007788, 0.5042448680888976, 0.27112560494108445, 0.12171054901357652, 0.0, 0.38378616149764655, 0.161340295324097, 0.13814297668783163, 0.22285507049885267, 0.43837911768050725, 0.14726695472326556, 0.23133573581892733, 0.45590987951866796, 0.5162501033874514, 0.3111197263464437, 0.417077709405025, 0.7289753760190257, 0.6023123115763528, 0.5329538590554299, 0.621167024503899], [1.4438371046155327, 1.1868616556818545, 0.8533356315944661, 0.5800677569554092, 0.4996665781416085, 0.38378616149764655, 0.0, 0.24968163643293503, 0.49862143551207466, 0.46848158471394086, 0.239730042394489, 0.34774493052815975, 0.5984318712311368, 0.6648421588152269, 0.4489194015530542, 0.5281577948463283, 0.7477056397958342, 0.9357573805084455, 0.7121861977602887, 0.7759998621786309, 0.9267003395019994], [1.2313611799785495, 0.9487922232607653, 0.6046279692207883, 0.3344353023456656, 0.2708669602387467, 0.161340295324097, 0.24968163643293503, 0.0, 0.25248385957015235, 0.33784082234594714, 0.38013016080348877, 0.21606749315174048, 0.38928200315287553, 0.5714386025540578, 0.5214647273383439, 0.42086876250528443, 0.5712520252732703, 0.8510214381941278, 0.685442608522471, 0.6632028394233248, 0.7716480311679932], [1.0004698157956995, 0.6984626197828999, 0.3700521623667595, 0.15171614595793023, 0.09296371246852222, 0.13814297668783163, 0.49862143551207466, 0.25248385957015235, 0.0, 0.3130308987727533, 0.573190746252967, 0.27228641124153624, 0.20810865353555463, 0.5230987060337385, 0.6443017483932685, 0.39320758331182515, 0.4119673835505957, 0.7777892626478204, 0.6926482961765643, 0.5766937630170488, 0.6210710462735425], [1.0, 0.8093282951807034, 0.6306084372560106, 0.4620169971109971, 0.24075637834725402, 0.22285507049885267, 0.46848158471394086, 0.33784082234594714, 0.3130308987727533, 0.0, 0.39726385308866613, 0.13045976343449245, 0.21380918085937206, 0.23616066507352657, 0.37396243711007066, 0.09072178759710672, 0.287795685842494, 0.5144180557086737, 0.38320755135065615, 0.32749338511594656, 0.45901752682249763], [1.3937292008660458, 1.1976499899154494, 0.9420124698480703, 0.6952259729338346, 0.5388147675778379, 0.43837911768050725, 0.239730042394489, 0.38013016080348877, 0.573190746252967, 0.39726385308866613, 0.0, 0.3240082096252431, 0.5892109958444851, 0.5217296949090309, 0.21692582303419808, 0.4191121933115442, 0.6790984816854362, 0.7656408127694764, 0.5142582212489425, 0.639316731990726, 0.8206672257809932], [1.102765923751835, 0.877680483396624, 0.6313807524531275, 0.4149166839152997, 0.2228039141496504, 0.14726695472326556, 0.34774493052815975, 0.21606749315174048, 0.27228641124153624, 0.13045976343449245, 0.3240082096252431, 0.0, 0.2694189531120262, 0.3573503951550196, 0.37271437711024186, 0.20674430679346062, 0.4005079820296595, 0.6371925947424635, 0.4754944719289698, 0.4541588771063735, 0.5839742957773562], [0.8472486498785037, 0.6092611681423278, 0.43242321565762587, 0.332969395451778, 0.14501661071855357, 0.23133573581892733, 0.5984318712311368, 0.38928200315287553, 0.20810865353555463, 0.21380918085937206, 0.5892109958444851, 0.2694189531120262, 0.0, 0.35248765627851664, 0.5863463697787832, 0.2594348689691439, 0.20446510938277604, 0.582614731811255, 0.5424853266550272, 0.3828613236176574, 0.4143488015569088], [0.9193636239476717, 0.8280765493763034, 0.7765256390532177, 0.6673718085455919, 0.4435573807429504, 0.45590987951866796, 0.6648421588152269, 0.5714386025540578, 0.5230987060337385, 0.23616066507352657, 0.5217296949090309, 0.3573503951550196, 0.35248765627851664, 0.0, 0.39010091156035104, 0.15285760489381972, 0.258393049258451, 0.2802574651461417, 0.19929969377295798, 0.12139748028804831, 0.31337535280867507], [1.3055896081514637, 1.169967947767255, 0.9949704545532205, 0.786436459088076, 0.5865126107524621, 0.5162501033874514, 0.4489194015530542, 0.5214647273383439, 0.6443017483932685, 0.37396243711007066, 0.21692582303419808, 0.37271437711024186, 0.5863463697787832, 0.39010091156035104, 0.0, 0.34784337002712673, 0.6083364059242671, 0.5878683794683836, 0.31998838059837476, 0.5023131113121752, 0.7019651172097648], [0.9781299518301215, 0.8227305488572639, 0.689882589610821, 0.5419542492017078, 0.317944424942615, 0.3111197263464437, 0.5281577948463283, 0.42086876250528443, 0.39320758331182515, 0.09072178759710672, 0.4191121933115442, 0.20674430679346062, 0.2594348689691439, 0.15285760489381972, 0.34784337002712673, 0.0, 0.2661471472398515, 0.4314395489839798, 0.3006720769160411, 0.25084231737881213, 0.4061184353931428], [0.7150452934735451, 0.5733830021863743, 0.5588644745504576, 0.5277990965332241, 0.3430442509038546, 0.417077709405025, 0.7477056397958342, 0.5712520252732703, 0.4119673835505957, 0.287795685842494, 0.6790984816854362, 0.4005079820296595, 0.20446510938277604, 0.258393049258451, 0.6083364059242671, 0.2661471472398515, 0.0, 0.4093721846504313, 0.4526179420336765, 0.2252438279006821, 0.21056756752916567], [0.848958773289541, 0.8866874759548056, 0.9660438004537049, 0.9129677937634894, 0.697835367671163, 0.7289753760190257, 0.9357573805084455, 0.8510214381941278, 0.7777892626478204, 0.5144180557086737, 0.7656408127694764, 0.6371925947424635, 0.582614731811255, 0.2802574651461417, 0.5878683794683836, 0.4314395489839798, 0.4093721846504313, 0.0, 0.2738583432956964, 0.20429923167792252, 0.2875328091456791], [1.0655273730891879, 1.0158269986826107, 0.9710238413704877, 0.8409297115413163, 0.6150342268495566, 0.6023123115763528, 0.7121861977602887, 0.685442608522471, 0.6926482961765643, 0.38320755135065615, 0.5142582212489425, 0.4754944719289698, 0.5424853266550272, 0.19929969377295798, 0.31998838059837476, 0.3006720769160411, 0.4526179420336765, 0.2738583432956964, 0.0, 0.256782382605486, 0.4546610134213113], [0.8172723894156616, 0.764850570292188, 0.7790458436556607, 0.7119922852493776, 0.49759586549476104, 0.5329538590554299, 0.7759998621786309, 0.6632028394233248, 0.5766937630170488, 0.32749338511594656, 0.639316731990726, 0.4541588771063735, 0.3828613236176574, 0.12139748028804831, 0.5023131113121752, 0.25084231737881213, 0.2252438279006821, 0.20429923167792252, 0.256782382605486, 0.0, 0.2043174516584618], [0.6136673167972272, 0.6020084149116505, 0.7214516024008347, 0.7310025439932413, 0.550281853935738, 0.621167024503899, 0.9267003395019994, 0.7716480311679932, 0.6210710462735425, 0.45901752682249763, 0.8206672257809932, 0.5839742957773562, 0.4143488015569088, 0.31337535280867507, 0.7019651172097648, 0.4061184353931428, 0.21056756752916567, 0.2875328091456791, 0.4546610134213113, 0.2043174516584618, 0.0]]