[[0.0, 0.4878577180497754, 0.939041057820535, 1.2780199359616407, 1.5567759844569478, 1.1165329323539506, 1.731969760656232, 2.0853152146172915, 2.357696467596405, 1.0, 1.7197892332011429, 2.139994040985701, 2.44382064667721, 0.8792971872225526, 1.6038853611385904, 2.0304788181404714, 2.3474188815590753, 0.807473315497597, 1.3725367971645344, 1.7022050993789661, 1.950211988216533], [0.4878577180497754, 0.0, 0.47479228547610136, 0.8492261332566836, 1.159507932335411, 0.6534936385327045, 1.3293381029117948, 1.709697464843831, 1.9991212582292999, 0.5778351926344193, 1.3532077375964175, 1.795795789709472, 2.1115427357553953, 0.5553419243514527, 1.2824204169551299, 1.717199886624616, 2.0372006664420184, 0.6482263971943857, 1.125288185644045, 1.440427311615585, 1.6811535861112181], [0.939041057820535, 0.47479228547610136, 0.0, 0.3909636436608852, 0.7174227261369682, 0.1829215959315656, 0.8781471172229146, 1.271264663515631, 1.568678621991677, 0.17594045853011978, 0.9317674964937374, 1.3804960429235373, 1.6995262197173944, 0.3627999892287058, 0.9101001815423954, 1.3312203282699662, 1.644856801794717, 0.6234671446123661, 0.8538984215570382, 1.1198849957370933, 1.338832910606703], [1.2780199359616407, 0.8492261332566836, 0.3909636436608852, 0.0, 0.3297865428631338, 0.2519613251146839, 0.4887511365503213, 0.882372143958297, 1.1810853584077539, 0.28663982874748006, 0.5536837656391188, 0.9998459611683675, 1.3183652166503246, 0.4658736152536933, 0.5778220211147874, 0.9694160599339898, 1.2744599690451957, 0.7180514479727487, 0.6418459436414936, 0.8237323628289179, 1.011458861488052], [1.5567759844569478, 1.159507932335411, 0.7174227261369682, 0.3297865428631338, 0.0, 0.5770764125792414, 0.1857975074582792, 0.5563698423270144, 0.8528771737500483, 0.5857790142970127, 0.23442755465471798, 0.6723823851397529, 0.9901363652302801, 0.690211134615302, 0.33970801555881186, 0.6582171803637779, 0.9526413599668849, 0.8814782948875659, 0.5580490737714389, 0.6020453848908047, 0.7380534707536984], [1.1165329323539506, 0.6534936385327045, 0.1829215959315656, 0.2519613251146839, 0.5770764125792414, 0.0, 0.7244596598990547, 1.123240345699751, 1.4238292002775892, 0.19229339826968644, 0.8010344048075815, 1.247072434050686, 1.5654130445948604, 0.4357754185026363, 0.8140087054455158, 1.216489868585561, 1.5226927669926187, 0.7140656498255262, 0.8196356261747862, 1.0473497804852054, 1.2488567438169165], [1.731969760656232, 1.3293381029117948, 0.8781471172229146, 0.4887511365503213, 0.1857975074582792, 0.7244596598990547, 0.0, 0.40036878967297035, 0.7022055017343589, 0.75270705543707, 0.18459843121489947, 0.5474933344885411, 0.857272357532898, 0.8619531865307007, 0.381198270143992, 0.5772530944198095, 0.8419462169135298, 1.0468384210068302, 0.6638979635167698, 0.6245416745057067, 0.7046939984523349], [2.0853152146172915, 1.709697464843831, 1.271264663515631, 0.882372143958297, 0.5563698423270144, 1.123240345699751, 0.40036878967297035, 0.0, 0.30199321382744, 1.135478882069509, 0.3669351634058279, 0.19917214332557914, 0.4689241284905698, 1.207195633048656, 0.528376387023553, 0.34164253206394013, 0.48901806218422794, 1.343315555943442, 0.8418694722225672, 0.629504207954929, 0.5541752339791537], [2.357696467596405, 1.9991212582292999, 1.568678621991677, 1.1810853584077539, 0.8528771737500483, 1.4238292002775892, 0.7022055017343589, 0.30199321382744, 0.0, 1.4284319632446383, 0.6468763150526413, 0.23146594493017253, 0.20023775658324394, 1.4822632834536578, 0.7637893981104584, 0.4034469100242408, 0.29964587843321416, 1.5919039041172862, 1.0532220371245504, 0.7756954011801593, 0.6037288226273361], [1.0, 0.5778351926344193, 0.17594045853011978, 0.28663982874748006, 0.5857790142970127, 0.19229339826968644, 0.75270705543707, 1.135478882069509, 1.4284319632446383, 0.0, 0.7846617820458036, 1.2323995481664092, 1.5509236110537472, 0.24383399059677738, 0.746435014260035, 1.1730597781893861, 1.4894641405903801, 0.5224241270244242, 0.6851492325578238, 0.9510828731682665, 1.172575618537044], [1.7197892332011429, 1.3532077375964175, 0.9317674964937374, 0.5536837656391188, 0.23442755465471798, 0.8010344048075815, 0.18459843121489947, 0.3669351634058279, 0.6468763150526413, 0.7846617820458036, 0.0, 0.44921799391436695, 0.7685222124928491, 0.8414265297421606, 0.21553544463723098, 0.4275303084368866, 0.7230549908942495, 0.9829881597697369, 0.5257843408782914, 0.4428087039501653, 0.5282486610642259], [2.139994040985701, 1.795795789709472, 1.3804960429235373, 0.9998459611683675, 0.6723823851397529, 1.247072434050686, 0.5474933344885411, 0.19917214332557914, 0.23146594493017253, 1.2323995481664092, 0.44921799391436695, 0.0, 0.31937650378557936, 1.268244684104101, 0.5389334476393968, 0.19026999940346062, 0.2993163132439088, 1.3666236871869912, 0.8241336354294907, 0.5515755655476362, 0.4101277961886546], [2.44382064667721, 2.1115427357553953, 1.6995262197173944, 1.3183652166503246, 0.9901363652302801, 1.5654130445948604, 0.857272357532898, 0.4689241284905698, 0.20023775658324394, 1.5509236110537472, 0.7685222124928491, 0.31937650378557936, 0.0, 1.5783827655377893, 0.8411145663909515, 0.41998266397535744, 0.16009093117508658, 1.6579983303680874, 1.0987786672159, 0.7897090160908014, 0.5735635037263622], [0.8792971872225526, 0.5553419243514527, 0.3627999892287058, 0.4658736152536933, 0.690211134615302, 0.4357754185026363, 0.8619531865307007, 1.207195633048656, 1.4822632834536578, 0.24383399059677738, 0.8414265297421606, 1.268244684104101, 1.5783827655377893, 0.0, 0.7395015709472647, 1.1740254524759697, 1.4943402188850274, 0.2787229736911627, 0.575264808935856, 0.8871489092791753, 1.1284484262634649], [1.6038853611385904, 1.2824204169551299, 0.9101001815423954, 0.5778220211147874, 0.33970801555881186, 0.8140087054455158, 0.381198270143992, 0.528376387023553, 0.7637893981104584, 0.746435014260035, 0.21553544463723098, 0.5389334476393968, 0.8411145663909515, 0.7395015709472647, 0.0, 0.43552777786153385, 0.7559927397109933, 0.829216752919246, 0.31933782926366433, 0.26757504300390705, 0.43650339606616595], [2.0304788181404714, 1.717199886624616, 1.3312203282699662, 0.9694160599339898, 0.6582171803637779, 1.216489868585561, 0.5772530944198095, 0.34164253206394013, 0.4034469100242408, 1.1730597781893861, 0.4275303084368866, 0.19026999940346062, 0.41998266397535744, 1.1740254524759697, 0.43552777786153385, 0.0, 0.32054098683167015, 1.239813619277795, 0.6795613542865737, 0.37924398530047326, 0.2251800008286962], [2.3474188815590753, 2.0372006664420184, 1.644856801794717, 1.2744599690451957, 0.9526413599668849, 1.5226927669926187, 0.8419462169135298, 0.48901806218422794, 0.29964587843321416, 1.4894641405903801, 0.7230549908942495, 0.2993163132439088, 0.16009093117508658, 1.4943402188850274, 0.7559927397109933, 0.32054098683167015, 0.0, 1.5519692919969428, 0.9859680628072762, 0.6652988691424844, 0.4341532446167919], [0.807473315497597, 0.6482263971943857, 0.6234671446123661, 0.7180514479727487, 0.8814782948875659, 0.7140656498255262, 1.0468384210068302, 1.343315555943442, 1.5919039041172862, 0.5224241270244242, 0.9829881597697369, 1.3666236871869912, 1.6579983303680874, 0.2787229736911627, 0.829216752919246, 1.239813619277795, 1.5519692919969428, 0.0, 0.5687209452717705, 0.8981525250284492, 1.146157940494028], [1.3725367971645344, 1.125288185644045, 0.8538984215570382, 0.6418459436414936, 0.5580490737714389, 0.8196356261747862, 0.6638979635167698, 0.8418694722225672, 1.0532220371245504, 0.6851492325578238, 0.5257843408782914, 0.8241336354294907, 1.0987786672159, 0.575264808935856, 0.31933782926366433, 0.6795613542865737, 0.9859680628072762, 0.5687209452717705, 0.0, 0.3301480802850566, 0.578432013212632], [1.7022050993789661, 1.440427311615585, 1.1198849957370933, 0.8237323628289179, 0.6020453848908047, 1.0473497804852054, 0.6245416745057067, 0.629504207954929, 0.7756954011801593, 0.9510828731682665, 0.4428087039501653, 0.5515755655476362, 0.7897090160908014, 0.8871489092791753, 0.26757504300390705, 0.37924398530047326, 0.6652988691424844, 0.8981525250284492, 0.3301480802850566, 0.0, 0.24835523426559425], [1.950211988216533, 1.6811535861112181, 1.338832910606703, 1.011458861488052, 0.7380534707536984, 1.2488567438169165, 0.7046939984523349, 0.5541752339791537, 0.6037288226273361, 1.172575618537044, 0.5282486610642259, 0.4101277961886546, 0.5735635037263622, 1.1284484262634649, 0.43650339606616595, 0.2251800008286962, 0.4341532446167919, 1.146157940494028, 0.578432013212632, 0.24835523426559425, 0.0]]