[[0.0, 0.5006148650260315, 0.9858148911645219, 1.368635320189341, 1.7047875300944697, 1.160801387730707, 1.8821761465501858, 2.257182806509296, 2.5717694000355986, 1.0, 1.8356805131157194, 2.3192150149175617, 2.6765825439260764, 0.8859610524453183, 1.61918034130595, 1.5171879184529802, 1.3736222789712718, 0.8805684268326605, 1.4054428797653415, 1.3208634852086087, 1.1954597350479532], [0.5006148650260315, 0.0, 0.5142829434096011, 0.9435608834974318, 1.3039732477792843, 0.6893369556758251, 1.4233863385982386, 1.8072725318234943, 2.1268879700703645, 0.5543806095955542, 1.4004767780768848, 1.8926133036181796, 2.2538986929930918, 0.5342543258332545, 1.2443262132394368, 1.1617222684797748, 1.0337977737107031, 0.6705493088066125, 1.098327279826856, 1.0252839790798214, 0.9275293912936271], [0.9858148911645219, 0.5142829434096011, 0.0, 0.45288030540089425, 0.8197613294999282, 0.31223375782375706, 0.9196772147554694, 1.2978421443431432, 1.6163305836902238, 0.15212985171687268, 0.8956296611563814, 1.3860189269127074, 1.7470558631908413, 0.3066346906742554, 0.7861134140103141, 0.7350603030959555, 0.652502477185315, 0.5655930604892059, 0.7306627882138276, 0.687293437664356, 0.6511281164977187], [1.368635320189341, 0.9435608834974318, 0.45288030540089425, 0.0, 0.368567635739298, 0.5728440506729512, 0.6034591890893415, 0.9222571118456011, 1.223471732511993, 0.5089774923295072, 0.5032594527245287, 0.9654680928021706, 1.3208374837049777, 0.5299387089188133, 0.3540623101874351, 0.35496063688501467, 0.3952534958205182, 0.6723385933991534, 0.4243157857461386, 0.43708601193781166, 0.5005896016368218], [1.7047875300944697, 1.3039732477792843, 0.8197613294999282, 0.368567635739298, 0.0, 0.8854962177595569, 0.5073932466540498, 0.6753608370226287, 0.9337871221880785, 0.8487222846190393, 0.31362404422798634, 0.6456012287782744, 0.9850654844468839, 0.8441070015617627, 0.16482449030999977, 0.3140586346374015, 0.48743669286445734, 0.9184679495224704, 0.4522447342210505, 0.5182178531939221, 0.6424596210145858], [1.160801387730707, 0.6893369556758251, 0.31223375782375706, 0.5728440506729512, 0.8854962177595569, 0.0, 0.8014403336999493, 1.2024715106810986, 1.527697601040754, 0.22855027086474164, 0.8398981052505241, 1.3380051282573175, 1.6998396068547814, 0.5085525111005024, 0.8642885180835234, 0.8608591877467421, 0.8178828476548234, 0.8109754415818543, 0.9089476522239027, 0.8932333825158164, 0.8891243875760695], [1.8821761465501858, 1.4233863385982386, 0.9196772147554694, 0.6034591890893415, 0.5073932466540498, 0.8014403336999493, 0.0, 0.4014980482087892, 0.7265357269003492, 0.8948747977736993, 0.20290158487346566, 0.5689231920202478, 0.9160190454022851, 1.037204859786786, 0.5880697413683307, 0.7063700183584788, 0.8231285992555418, 1.2283595614400007, 0.8900773205241717, 0.9437721941607261, 1.0430854592648777], [2.257182806509296, 1.8072725318234943, 1.2978421443431432, 0.9222571118456011, 0.6753608370226287, 1.2024715106810986, 0.4014980482087892, 0.0, 0.3254101600755305, 1.2831174168594635, 0.4317300601121273, 0.24717102167296784, 0.5334276276662072, 1.3927898368590512, 0.7837109877049993, 0.9003028311810884, 1.0351531577234254, 1.5413629200001129, 1.1081534660885533, 1.1791084427299765, 1.298578560614927], [2.5717694000355986, 2.1268879700703645, 1.6163305836902238, 1.223471732511993, 0.9337871221880785, 1.527697601040754, 0.7265357269003492, 0.3254101600755305, 0.0, 1.6049645935640147, 0.7384284824636913, 0.3077408051730902, 0.28209884920163797, 1.7010853157707655, 1.041348211395509, 1.1604631850944223, 1.2901589960823794, 1.8279722241026752, 1.3577747003404448, 1.436033875275404, 1.5630002024016698], [1.0, 0.5543806095955542, 0.15212985171687268, 0.5089774923295072, 0.8487222846190393, 0.22855027086474164, 0.8948747977736993, 1.2831174168594635, 1.6049645935640147, 0.0, 0.8781878125222338, 1.3804189721779132, 1.7450865951857069, 0.2840185877413345, 0.7943994641037733, 0.7550476209351163, 0.6753693284735733, 0.5890056964957304, 0.7637647767526675, 0.7309188417365625, 0.7034765829479297], [1.8356805131157194, 1.4004767780768848, 0.8956296611563814, 0.5032594527245287, 0.31362404422798634, 0.8398981052505241, 0.20290158487346566, 0.4317300601121273, 0.7384284824636913, 0.8781878125222338, 0.0, 0.5036454270298413, 0.8683662496765541, 0.9639560614403431, 0.4016226284636106, 0.5348690919396134, 0.6774914521752581, 1.1130721053602175, 0.7182959149127014, 0.7820577390827023, 0.8945471624549942], [2.3192150149175617, 1.8926133036181796, 1.3860189269127074, 0.9654680928021706, 0.6456012287782744, 1.3380051282573175, 0.5689231920202478, 0.24717102167296784, 0.3077408051730902, 1.3804189721779132, 0.5036454270298413, 0.0, 0.3649660061872357, 1.4423496428256428, 0.7475602444015699, 0.8670415510005409, 1.0104537033396233, 1.5443557079341355, 1.0577059254150063, 1.138737637314086, 1.2689695236599317], [2.6765825439260764, 2.2538986929930918, 1.7470558631908413, 1.3208374837049777, 0.9850654844468839, 1.6998396068547814, 0.9160190454022851, 0.5334276276662072, 0.28209884920163797, 1.7450865951857069, 0.8683662496765541, 0.3649660061872357, 0.0, 1.7996297314094545, 1.0818334970627879, 1.1985736819729196, 1.33962041516236, 1.8831586150108433, 1.373245988776818, 1.4580657278784304, 1.5918375434702634], [0.8859610524453183, 0.5342543258332545, 0.3066346906742554, 0.5299387089188133, 0.8441070015617627, 0.5085525111005024, 1.037204859786786, 1.3927898368590512, 1.7010853157707655, 0.2840185877413345, 0.9639560614403431, 1.4423496428256428, 1.7996297314094545, 0.0, 0.7528243423695978, 0.6696076769592837, 0.542380519669476, 0.30562481729814234, 0.607657681429493, 0.549297517823093, 0.4798301488771034], [1.61918034130595, 1.2443262132394368, 0.7861134140103141, 0.3540623101874351, 0.16482449030999977, 0.8642885180835234, 0.5880697413683307, 0.7837109877049993, 1.041348211395509, 0.7943994641037733, 0.4016226284636106, 0.7475602444015699, 1.0818334970627879, 0.7528243423695978, 0.0, 0.19084501063188264, 0.37624611084570553, 0.8037654181701223, 0.32659671051841827, 0.40534685724204317, 0.5373216554601364], [1.5171879184529802, 1.1617222684797748, 0.7350603030959555, 0.35496063688501467, 0.3140586346374015, 0.8608591877467421, 0.7063700183584788, 0.9003028311810884, 1.1604631850944223, 0.7550476209351163, 0.5348690919396134, 0.8670415510005409, 1.1985736819729196, 0.6696076769592837, 0.19084501063188264, 0.0, 0.19457858044531637, 0.6933772836509945, 0.23402976485648128, 0.28139990273218785, 0.40475352960868605], [1.3736222789712718, 1.0337977737107031, 0.652502477185315, 0.3952534958205182, 0.48743669286445734, 0.8178828476548234, 0.8231285992555418, 1.0351531577234254, 1.2901589960823794, 0.6753693284735733, 0.6774914521752581, 1.0104537033396233, 1.33962041516236, 0.542380519669476, 0.37624611084570553, 0.19457858044531637, 0.0, 0.5589229257140523, 0.298163270078674, 0.2428241931240615, 0.2917844412378635], [0.8805684268326605, 0.6705493088066125, 0.5655930604892059, 0.6723385933991534, 0.9184679495224704, 0.8109754415818543, 1.2283595614400007, 1.5413629200001129, 1.8279722241026752, 0.5890056964957304, 1.1130721053602175, 1.5443557079341355, 1.8831586150108433, 0.30562481729814234, 0.8037654181701223, 0.6933772836509945, 0.5589229257140523, 0.0, 0.544064079962405, 0.46526394677272875, 0.34336118744689254], [1.4054428797653415, 1.098327279826856, 0.7306627882138276, 0.4243157857461386, 0.4522447342210505, 0.9089476522239027, 0.8900773205241717, 1.1081534660885533, 1.3577747003404448, 0.7637647767526675, 0.7182959149127014, 1.0577059254150063, 1.373245988776818, 0.607657681429493, 0.32659671051841827, 0.23402976485648128, 0.298163270078674, 0.544064079962405, 0.0, 0.11933900356036724, 0.2625661973118859], [1.3208634852086087, 1.0252839790798214, 0.687293437664356, 0.43708601193781166, 0.5182178531939221, 0.8932333825158164, 0.9437721941607261, 1.1791084427299765, 1.436033875275404, 0.7309188417365625, 0.7820577390827023, 1.138737637314086, 1.4580657278784304, 0.549297517823093, 0.40534685724204317, 0.28139990273218785, 0.2428241931240615, 0.46526394677272875, 0.11933900356036724, 0.0, 0.14809075931006402], [1.1954597350479532, 0.9275293912936271, 0.6511281164977187, 0.5005896016368218, 0.6424596210145858, 0.8891243875760695, 1.0430854592648777, 1.298578560614927, 1.5630002024016698, 0.7034765829479297, 0.8945471624549942, 1.2689695236599317, 1.5918375434702634, 0.4798301488771034, 0.5373216554601364, 0.40475352960868605, 0.2917844412378635, 0.34336118744689254, 0.2625661973118859, 0.14809075931006402, 0.0]]