[[0.0, 0.4061551086023527, 0.8154625499501225, 1.032969965701204, 0.9869329306667538, 1.054912873857793, 1.4297542249379618, 1.2832596971804355, 1.0767224436722662, 1.0, 1.4426052766010933, 1.2231912627388182, 0.9725143359387967, 0.9342828594104289, 1.2396222017983876, 0.9235644213187267, 0.6713692576323506, 0.890096643414052, 1.1117001669408486, 0.8822805411570184, 0.6911501305502561], [0.4061551086023527, 0.0, 0.42750712574144406, 0.6862178990359614, 0.7145028475766072, 0.770173847120183, 1.1499184470095052, 0.9873962675799142, 0.7701352889346214, 0.797500881295286, 1.2237111321448149, 0.9868121564887042, 0.7315124830643077, 0.8364333119771068, 1.0933435575542587, 0.7836139072569295, 0.5801679244616447, 0.9174401004476305, 1.0605318331588887, 0.841113818761744, 0.7003153436479976], [0.8154625499501225, 0.42750712574144406, 0.0, 0.29736537239082955, 0.44189193114359143, 0.46478459376217107, 0.8069748612473491, 0.6374496932819756, 0.43181915417584343, 0.6052022904700077, 0.9463368064472504, 0.7132977689619818, 0.502664115247541, 0.7663390281370307, 0.9167470251260746, 0.6771149655959691, 0.6087254846355828, 0.9641175842520917, 0.9980564498480733, 0.8336835403091125, 0.7850049751361456], [1.032969965701204, 0.6862178990359614, 0.29736537239082955, 0.0, 0.24448507821828755, 0.2228937115199428, 0.514473788129047, 0.3457523165061396, 0.16871888268547733, 0.43432618546510227, 0.6774357713506237, 0.46001216908337667, 0.3288023773065054, 0.6597354326848754, 0.7123554964451019, 0.5604657046164477, 0.6121444101377099, 0.9124693156382085, 0.8657988115268229, 0.7616895000295281, 0.7861627804233545], [0.9869329306667538, 0.7145028475766072, 0.44189193114359143, 0.24448507821828755, 0.0, 0.08660283064982897, 0.44775276594389996, 0.3043559365618699, 0.14835255064700692, 0.19488577364236737, 0.5209242922059613, 0.28425881430925104, 0.1047033677891111, 0.42379915043029487, 0.48475766748103505, 0.3253556867473866, 0.433833066077064, 0.6867789972126422, 0.623611490709993, 0.5331043687480581, 0.5901974730589166], [1.054912873857793, 0.770173847120183, 0.46478459376217107, 0.2228937115199428, 0.08660283064982897, 0.0, 0.3814718066805484, 0.22978715996097235, 0.08999416375317557, 0.22919223110059836, 0.4823056109763437, 0.25031790649572006, 0.14234752060032638, 0.47290412958012085, 0.49024112897328903, 0.3759130324753539, 0.5036201029023144, 0.7432019924364003, 0.659136991733253, 0.5885488644964267, 0.6575096933685853], [1.4297542249379618, 1.1499184470095052, 0.8069748612473491, 0.514473788129047, 0.44775276594389996, 0.3814718066805484, 0.0, 0.17006969553121806, 0.3841624510421744, 0.47098732119448977, 0.253786361084196, 0.25039857843910096, 0.461996507603604, 0.6823301937626438, 0.4931758210955858, 0.6130713600093451, 0.825290120319604, 0.9522851394937912, 0.7657509565054204, 0.807919845679417, 0.941789705199832], [1.2832596971804355, 0.9873962675799142, 0.6374496932819756, 0.3457523165061396, 0.3043559365618699, 0.22978715996097235, 0.17006969553121806, 0.0, 0.2178049323166125, 0.3811261111043145, 0.3625975987821575, 0.22023837045063543, 0.33696226459101764, 0.6199663332664123, 0.5120035194984, 0.5350550883683889, 0.7131352485328637, 0.8972639408461365, 0.7523382934866482, 0.7448782994939314, 0.850475554909114], [1.0767224436722662, 0.7701352889346214, 0.43181915417584343, 0.16871888268547733, 0.14835255064700692, 0.08999416375317557, 0.3841624510421744, 0.2178049323166125, 0.0, 0.30577521969710764, 0.520685653823663, 0.29915799513314445, 0.20869050978709583, 0.5460287401855095, 0.5579451428957948, 0.44857007226928913, 0.5591727799349958, 0.8136650627747273, 0.7330334776428101, 0.6593881994193082, 0.7194636735781873], [1.0, 0.797500881295286, 0.6052022904700077, 0.43432618546510227, 0.19488577364236737, 0.22919223110059836, 0.47098732119448977, 0.3811261111043145, 0.30577521969710764, 0.0, 0.4432685925739081, 0.232085799855848, 0.11527482651523897, 0.24773082605115954, 0.3142759239412794, 0.15697633977871175, 0.3581042067151474, 0.5236120804347838, 0.43279565455414853, 0.36949921272692143, 0.47412319101725764], [1.4426052766010933, 1.2237111321448149, 0.9463368064472504, 0.6774357713506237, 0.5209242922059613, 0.4823056109763437, 0.253786361084196, 0.3625975987821575, 0.520685653823663, 0.4432685925739081, 0.0, 0.23922865797935003, 0.49269220928484253, 0.5752785068523503, 0.3019801465287042, 0.5391118563882216, 0.7868329520200729, 0.8141593713389971, 0.585153770820208, 0.6901715198941855, 0.8592741645452691], [1.2231912627388182, 0.9868121564887042, 0.7132977689619818, 0.46001216908337667, 0.28425881430925104, 0.25031790649572006, 0.25039857843910096, 0.22023837045063543, 0.29915799513314445, 0.232085799855848, 0.23922865797935003, 0.0, 0.25729978255259806, 0.433834797835584, 0.2950515016386317, 0.3656639561623573, 0.5893702402917708, 0.7057122590004736, 0.5379649801108205, 0.5596759208033149, 0.6953470124844628], [0.9725143359387967, 0.7315124830643077, 0.502664115247541, 0.3288023773065054, 0.1047033677891111, 0.14234752060032638, 0.461996507603604, 0.33696226459101764, 0.20869050978709583, 0.11527482651523897, 0.49269220928484253, 0.25729978255259806, 0.0, 0.34109300363570855, 0.4163446246003102, 0.24357128362190644, 0.3773695876619863, 0.607330269800022, 0.5411503585745377, 0.45321967693732135, 0.5235897496399605], [0.9342828594104289, 0.8364333119771068, 0.7663390281370307, 0.6597354326848754, 0.42379915043029487, 0.47290412958012085, 0.6823301937626438, 0.6199663332664123, 0.5460287401855095, 0.24773082605115954, 0.5752785068523503, 0.433834797835584, 0.34109300363570855, 0.0, 0.3136456102887413, 0.1020726281230918, 0.27012148283765086, 0.2777370148118563, 0.23525395205147442, 0.12760499565232528, 0.28644525810599175], [1.2396222017983876, 1.0933435575542587, 0.9167470251260746, 0.7123554964451019, 0.48475766748103505, 0.49024112897328903, 0.4931758210955858, 0.5120035194984, 0.5579451428957948, 0.3142759239412794, 0.3019801465287042, 0.2950515016386317, 0.4163446246003102, 0.3136456102887413, 0.0, 0.319473376217711, 0.5687669007769184, 0.5190491750742692, 0.2842492449928896, 0.409934664871476, 0.5964117831837633], [0.9235644213187267, 0.7836139072569295, 0.6771149655959691, 0.5604657046164477, 0.3253556867473866, 0.3759130324753539, 0.6130713600093451, 0.5350550883683889, 0.44857007226928913, 0.15697633977871175, 0.5391118563882216, 0.3656639561623573, 0.24357128362190644, 0.1020726281230918, 0.319473376217711, 0.0, 0.253627947464017, 0.37005126731348553, 0.3219593602441333, 0.21464940484207717, 0.33043939067752715], [0.6713692576323506, 0.5801679244616447, 0.6087254846355828, 0.6121444101377099, 0.433833066077064, 0.5036201029023144, 0.825290120319604, 0.7131352485328637, 0.5591727799349958, 0.3581042067151474, 0.7868329520200729, 0.5893702402917708, 0.3773695876619863, 0.27012148283765086, 0.5687669007769184, 0.253627947464017, 0.0, 0.3639865982640923, 0.48225686266831636, 0.26243683560259945, 0.18063860399002413], [0.890096643414052, 0.9174401004476305, 0.9641175842520917, 0.9124693156382085, 0.6867789972126422, 0.7432019924364003, 0.9522851394937912, 0.8972639408461365, 0.8136650627747273, 0.5236120804347838, 0.8141593713389971, 0.7057122590004736, 0.607330269800022, 0.2777370148118563, 0.5190491750742692, 0.37005126731348553, 0.3639865982640923, 0.0, 0.2676218443435356, 0.15640540156538132, 0.21873552527041593], [1.1117001669408486, 1.0605318331588887, 0.9980564498480733, 0.8657988115268229, 0.623611490709993, 0.659136991733253, 0.7657509565054204, 0.7523382934866482, 0.7330334776428101, 0.43279565455414853, 0.585153770820208, 0.5379649801108205, 0.5411503585745377, 0.23525395205147442, 0.2842492449928896, 0.3219593602441333, 0.48225686266831636, 0.2676218443435356, 0.0, 0.2309236569318944, 0.4221061474438503], [0.8822805411570184, 0.841113818761744, 0.8336835403091125, 0.7616895000295281, 0.5331043687480581, 0.5885488644964267, 0.807919845679417, 0.7448782994939314, 0.6593881994193082, 0.36949921272692143, 0.6901715198941855, 0.5596759208033149, 0.45321967693732135, 0.12760499565232528, 0.409934664871476, 0.21464940484207717, 0.26243683560259945, 0.15640540156538132, 0.2309236569318944, 0.0, 0.19722737108393681], [0.6911501305502561, 0.7003153436479976, 0.7850049751361456, 0.7861627804233545, 0.5901974730589166, 0.6575096933685853, 0.941789705199832, 0.850475554909114, 0.7194636735781873, 0.47412319101725764, 0.8592741645452691, 0.6953470124844628, 0.5235897496399605, 0.28644525810599175, 0.5964117831837633, 0.33043939067752715, 0.18063860399002413, 0.21873552527041593, 0.4221061474438503, 0.19722737108393681, 0.0]]