[[0.0, 0.3532830824776569, 0.6792856981025395, 0.9293904725079724, 1.0134236460923578, 1.0352239939078722, 1.3881022893620227, 1.39164724891976, 1.2792031465476208, 1.0, 1.4066852484517027, 1.271643656664182, 1.1071995481180077, 0.9525553212079443, 1.3364366367679152, 1.2542767012544953, 1.0900481426451594, 0.8970133850074145, 1.1654092392717268, 1.1414888299478225, 1.0366488201820807], [0.3532830824776569, 0.0, 0.3449379667045486, 0.6275582624316968, 0.7657364475681553, 0.7969115187622365, 1.1571551401907414, 1.1646993879995566, 1.0505363818046554, 0.8372485868626452, 1.240957493599466, 1.1016749409827107, 0.9250327139034213, 0.8737035758119563, 1.2368302013423633, 1.1499371252755874, 0.9829928223368498, 0.9123271352814476, 1.1391372848515873, 1.103278515217163, 0.9957916989543792], [0.6792856981025395, 0.3449379667045486, 0.0, 0.299581430377911, 0.48734710264025627, 0.5262751925158509, 0.8713842110748672, 0.882200671178525, 0.7716788210233864, 0.6486259428366529, 1.0133545508682054, 0.878469021113068, 0.7041730344066675, 0.7717895097978813, 1.075236199859701, 0.9901078327852175, 0.8368873773347484, 0.9002282897443399, 1.0591617039453909, 1.0147763841205493, 0.9166438429615021], [0.9293904725079724, 0.6275582624316968, 0.299581430377911, 0.0, 0.23419907922856692, 0.2775164396828494, 0.5864076906608646, 0.598750256902803, 0.4939465219315199, 0.47503375893701105, 0.7679610827376863, 0.6439636326850281, 0.48762488929077813, 0.6667834140126883, 0.8840882682696448, 0.8061569551143656, 0.6808445293891812, 0.8606027377777786, 0.9425190028601881, 0.8941660342413715, 0.8146474204929427], [1.0134236460923578, 0.7657364475681553, 0.48734710264025627, 0.23419907922856692, 0.0, 0.04675543656950151, 0.3923607670384404, 0.40087677156408263, 0.28780990546824126, 0.2689934914023933, 0.537484938842499, 0.4110888240293022, 0.2578357152368294, 0.4899589828957028, 0.6559278657616422, 0.5809169040764507, 0.4707276389114113, 0.7144287191035319, 0.7449064009123936, 0.6957626377013345, 0.6296409192683007], [1.0352239939078722, 0.7969115187622365, 0.5262751925158509, 0.2775164396828494, 0.04675543656950151, 0.0, 0.3606939591440823, 0.36804216027852427, 0.2542297274127183, 0.23813018576185488, 0.4954246076420972, 0.3688634276237782, 0.21837587838997152, 0.46466896403871516, 0.6152544904354723, 0.5415112613792864, 0.43646245429029923, 0.6946385729012762, 0.7125604311014123, 0.6635333895610104, 0.6012995061658377], [1.3881022893620227, 1.1571551401907414, 0.8713842110748672, 0.5864076906608646, 0.3923607670384404, 0.3606939591440823, 0.0, 0.042364841491813035, 0.11967170492486737, 0.4372809341998056, 0.2954122113893049, 0.27507859446604277, 0.326833281673277, 0.6341499282767872, 0.5422033440428486, 0.5127684401027263, 0.5216762543147557, 0.8747967140706416, 0.7699365219045485, 0.7278505322874018, 0.7175106322553204], [1.39164724891976, 1.1646993879995566, 0.882200671178525, 0.598750256902803, 0.40087677156408263, 0.36804216027852427, 0.042364841491813035, 0.0, 0.11497616432036466, 0.4330292125501067, 0.27617625762648595, 0.25789566322990654, 0.31955784211110355, 0.6252863336023128, 0.5243889916014182, 0.49543059008886337, 0.5091107857314912, 0.8650127333604172, 0.7548265955137053, 0.7128330675172586, 0.7049680015600469], [1.2792031465476208, 1.0505363818046554, 0.7716788210233864, 0.4939465219315199, 0.28780990546824126, 0.2542297274127183, 0.11967170492486737, 0.11497616432036466, 0.0, 0.34214377408634566, 0.3158393816101105, 0.2416947099027797, 0.23352962843817032, 0.5521606401258843, 0.5255039573969291, 0.47776374729531, 0.45356054007769786, 0.7948035653507671, 0.7187071878866648, 0.6729187527198635, 0.6487817337579012], [1.0, 0.8372485868626452, 0.6486259428366529, 0.47503375893701105, 0.2689934914023933, 0.23813018576185488, 0.4372809341998056, 0.4330292125501067, 0.34214377408634566, 0.0, 0.4096075761929155, 0.2724494554239256, 0.11871969615717372, 0.2315335547392006, 0.4272528984433299, 0.34333269998461907, 0.20812183506915857, 0.4709597567982422, 0.47708364254904884, 0.42812855254489457, 0.364462801814253], [1.4066852484517027, 1.240957493599466, 1.0133545508682054, 0.7679610827376863, 0.537484938842499, 0.4954246076420972, 0.2954122113893049, 0.27617625762648595, 0.3158393816101105, 0.4096075761929155, 0.0, 0.13961557035896452, 0.31682485065762256, 0.5056472065480732, 0.26653133033559706, 0.2683949837602357, 0.36096574835436795, 0.7145461073907553, 0.5365923662786066, 0.5038269433767023, 0.5311244333147688], [1.271643656664182, 1.1016749409827107, 0.878469021113068, 0.6439636326850281, 0.4110888240293022, 0.3688634276237782, 0.27507859446604277, 0.25789566322990654, 0.2416947099027797, 0.2724494554239256, 0.13961557035896452, 0.0, 0.17781125243073176, 0.3991963991150915, 0.28642859764260753, 0.2416007519315972, 0.26437604492291056, 0.6272552872367997, 0.4986073268446042, 0.4563902543668739, 0.455247745627123], [1.1071995481180077, 0.9250327139034213, 0.7041730344066675, 0.48762488929077813, 0.2578357152368294, 0.21837587838997152, 0.326833281673277, 0.31955784211110355, 0.23352962843817032, 0.11871969615717372, 0.31682485065762256, 0.17781125243073176, 0.0, 0.3229437120385596, 0.40151170492364846, 0.3268345760694607, 0.2409843334359021, 0.5657084928000677, 0.5221884517625546, 0.47281168189829215, 0.42932774984676847], [0.9525553212079443, 0.8737035758119563, 0.7717895097978813, 0.6667834140126883, 0.4899589828957028, 0.46466896403871516, 0.6341499282767872, 0.6252863336023128, 0.5521606401258843, 0.2315335547392006, 0.5056472065480732, 0.3991963991150915, 0.3229437120385596, 0.0, 0.38401463267002517, 0.303421357421441, 0.15135060085336774, 0.24372444472576685, 0.2887117892492634, 0.24417291656585277, 0.15227680032524277], [1.3364366367679152, 1.2368302013423633, 1.075236199859701, 0.8840882682696448, 0.6559278657616422, 0.6152544904354723, 0.5422033440428486, 0.5243889916014182, 0.5255039573969291, 0.4272528984433299, 0.26653133033559706, 0.28642859764260753, 0.40151170492364846, 0.38401463267002517, 0.0, 0.08918241356535922, 0.2553579166148053, 0.5243451467277884, 0.29093808048722264, 0.27112972590267537, 0.3367706491025575], [1.2542767012544953, 1.1499371252755874, 0.9901078327852175, 0.8061569551143656, 0.5809169040764507, 0.5415112613792864, 0.5127684401027263, 0.49543059008886337, 0.47776374729531, 0.34333269998461907, 0.2683949837602357, 0.2416007519315972, 0.3268345760694607, 0.303421357421441, 0.08918241356535922, 0.0, 0.16833996702745757, 0.4671629778469687, 0.2714709385776746, 0.23677557549594802, 0.2770624832042348], [1.0900481426451594, 0.9829928223368498, 0.8368873773347484, 0.6808445293891812, 0.4707276389114113, 0.43646245429029923, 0.5216762543147557, 0.5091107857314912, 0.45356054007769786, 0.20812183506915857, 0.36096574835436795, 0.26437604492291056, 0.2409843334359021, 0.15135060085336774, 0.2553579166148053, 0.16833996702745757, 0.0, 0.3673514328583087, 0.28924600866854194, 0.23795402709181193, 0.1987670328027247], [0.8970133850074145, 0.9123271352814476, 0.9002282897443399, 0.8606027377777786, 0.7144287191035319, 0.6946385729012762, 0.8747967140706416, 0.8650127333604172, 0.7948035653507671, 0.4709597567982422, 0.7145461073907553, 0.6272552872367997, 0.5657084928000677, 0.24372444472576685, 0.5243451467277884, 0.4671629778469687, 0.3673514328583087, 0.0, 0.2788279340100684, 0.26908116020599665, 0.1925288696781598], [1.1654092392717268, 1.1391372848515873, 1.0591617039453909, 0.9425190028601881, 0.7449064009123936, 0.7125604311014123, 0.7699365219045485, 0.7548265955137053, 0.7187071878866648, 0.47708364254904884, 0.5365923662786066, 0.4986073268446042, 0.5221884517625546, 0.2887117892492634, 0.29093808048722264, 0.2714709385776746, 0.28924600866854194, 0.2788279340100684, 0.0, 0.05399113352186526, 0.15234799821284464], [1.1414888299478225, 1.103278515217163, 1.0147763841205493, 0.8941660342413715, 0.6957626377013345, 0.6635333895610104, 0.7278505322874018, 0.7128330675172586, 0.6729187527198635, 0.42812855254489457, 0.5038269433767023, 0.4563902543668739, 0.47281168189829215, 0.24417291656585277, 0.27112972590267537, 0.23677557549594802, 0.23795402709181193, 0.26908116020599665, 0.05399113352186526, 0.0, 0.110848869218488], [1.0366488201820807, 0.9957916989543792, 0.9166438429615021, 0.8146474204929427, 0.6296409192683007, 0.6012995061658377, 0.7175106322553204, 0.7049680015600469, 0.6487817337579012, 0.364462801814253, 0.5311244333147688, 0.455247745627123, 0.42932774984676847, 0.15227680032524277, 0.3367706491025575, 0.2770624832042348, 0.1987670328027247, 0.1925288696781598, 0.15234799821284464, 0.110848869218488, 0.0]]