[[0.0, 0.4046266539005976, 0.7283333709192833, 0.9759364497678186, 1.1161682808462663, 1.014086188677891, 1.3631394939283124, 1.5590198385187215, 1.6892754063379496, 1.0, 1.3826159870958024, 1.4722071902033573, 1.5096225660332205, 0.9610401753364299, 1.2786107702718936, 1.0773357929247807, 0.8841564109418266, 0.9308182463503815, 1.153868740036695, 0.9953417471270538, 0.8159584413286768], [0.4046266539005976, 0.0, 0.36607970169313525, 0.6511391012346288, 0.8361794240337992, 0.6715118763493233, 1.0138910654908846, 1.2136369199630652, 1.3499390199881218, 0.7283343216970932, 1.105175060936412, 1.1884417224923713, 1.223996599057849, 0.7843861822118705, 1.0614871011335756, 0.8388315246083016, 0.6460887953571174, 0.8731541012809856, 1.0262594839341508, 0.8475241937842154, 0.6734106182577705], [0.7283333709192833, 0.36607970169313525, 0.0, 0.2933515404062832, 0.499406436836632, 0.3069513059519274, 0.6488267553765312, 0.8482664569363915, 0.9842463350205993, 0.4070036165387138, 0.7597990797702621, 0.8380049243904871, 0.8721543593516924, 0.5488538164165714, 0.7592267893206881, 0.5368990942443681, 0.3778155077883524, 0.7387046735003581, 0.8041866778794704, 0.6307919814918455, 0.5015140813807478], [0.9759364497678186, 0.6511391012346288, 0.2933515404062832, 0.0, 0.22169555913125275, 0.07653416722381333, 0.3929047240742291, 0.5843925179809513, 0.7137206830310007, 0.17127804528707802, 0.46884051829848644, 0.54523058058943, 0.5792750062032946, 0.40134298682866787, 0.5041133572171501, 0.30574448661497733, 0.2573601469420039, 0.6605060919933369, 0.6291464748958608, 0.48750757316521715, 0.44356038463519964], [1.1161682808462663, 0.8361794240337992, 0.499406436836632, 0.22169555913125275, 0.0, 0.25949651494538584, 0.3653101185544368, 0.5093449383933425, 0.6138091788816986, 0.12081788222128229, 0.2723791648383177, 0.3586293360859066, 0.395658576290438, 0.30518859104725055, 0.2891150782287441, 0.15243759144841293, 0.259727597395772, 0.5770710117162882, 0.46789822737471826, 0.3750688918640417, 0.41910116604369607], [1.014086188677891, 0.6715118763493233, 0.3069513059519274, 0.07653416722381333, 0.25949651494538584, 0.0, 0.3493669317082314, 0.5469912603643625, 0.6810462076688728, 0.23040797743441413, 0.47949800983531565, 0.5489752444857229, 0.5812185229698864, 0.4681206721094049, 0.5456824490737564, 0.36136913240308827, 0.32580876301079464, 0.7299705119888175, 0.6907183995087743, 0.5546867977408318, 0.5140231419021738], [1.3631394939283124, 1.0138910654908846, 0.6488267553765312, 0.3929047240742291, 0.3653101185544368, 0.3493669317082314, 0.0, 0.20056566270775472, 0.3393123454888613, 0.44712119546813545, 0.3491546131296222, 0.36153225953010776, 0.3809838255369639, 0.6680538521500171, 0.5535891441970963, 0.49843746682147866, 0.5850069771560424, 0.9405588539741477, 0.8056345710091822, 0.7353311393643364, 0.7713437329862586], [1.5590198385187215, 1.2136369199630652, 0.8482664569363915, 0.5843925179809513, 0.5093449383933425, 0.5469912603643625, 0.20056566270775472, 0.0, 0.14079929284418552, 0.6105300527055747, 0.37717829090344956, 0.3391565303119988, 0.3399999276843293, 0.8043753214861029, 0.6149377761167727, 0.6265776174372764, 0.7487393069621444, 1.0670926709682762, 0.893883876794541, 0.8586114467861227, 0.9250077859312416], [1.6892754063379496, 1.3499390199881218, 0.9842463350205993, 0.7137206830310007, 0.6138091788816986, 0.6810462076688728, 0.3393123454888613, 0.14079929284418552, 0.0, 0.7223632029790963, 0.4298256598919674, 0.36448273787913377, 0.3488055184609263, 0.8958024961568172, 0.6667961522807136, 0.7178410062532176, 0.8586809011525043, 1.1478622635040407, 0.9527056245678697, 0.9407293406226868, 1.025635726997099], [1.0, 0.7283343216970932, 0.4070036165387138, 0.17127804528707802, 0.12081788222128229, 0.23040797743441413, 0.44712119546813545, 0.6105300527055747, 0.7223632029790963, 0.0, 0.3845674808216024, 0.4734579635841054, 0.5113229267529021, 0.24447213574562882, 0.35417727606900207, 0.14434767579857155, 0.1625361262368929, 0.5158394033759645, 0.461139916642511, 0.32961032636003673, 0.32835353237255505], [1.3826159870958024, 1.105175060936412, 0.7597990797702621, 0.46884051829848644, 0.2723791648383177, 0.47949800983531565, 0.3491546131296222, 0.37717829090344956, 0.4298256598919674, 0.3845674808216024, 0.0, 0.10310894020708879, 0.15455804807750093, 0.4896480170000407, 0.2431515607860673, 0.32837578337825823, 0.5058759039618892, 0.7254216197290928, 0.5260333308351203, 0.5242687859684664, 0.635165296918043], [1.4722071902033573, 1.1884417224923713, 0.8380049243904871, 0.54523058058943, 0.3586293360859066, 0.5489752444857229, 0.36153225953010776, 0.3391565303119988, 0.36448273787913377, 0.4734579635841054, 0.10310894020708879, 0.0, 0.05464594657773845, 0.5798451780154594, 0.3155257187717263, 0.41586861169341793, 0.5941962697666037, 0.8088183082596434, 0.5986252758918187, 0.6091647592779732, 0.724893012389169], [1.5096225660332205, 1.223996599057849, 0.8721543593516924, 0.5792750062032946, 0.395658576290438, 0.5812185229698864, 0.3809838255369639, 0.3399999276843293, 0.3488055184609263, 0.5113229267529021, 0.15455804807750093, 0.05464594657773845, 0.0, 0.6182709791338555, 0.35359039464072883, 0.4543533307845414, 0.6316766748380104, 0.8442532688023503, 0.6320090945681903, 0.6460832480384109, 0.7626578316698697], [0.9610401753364299, 0.7843861822118705, 0.5488538164165714, 0.40134298682866787, 0.30518859104725055, 0.4681206721094049, 0.6680538521500171, 0.8043753214861029, 0.8958024961568172, 0.24447213574562882, 0.4896480170000407, 0.5798451780154594, 0.6182709791338555, 0.0, 0.32461679439161556, 0.1966763576334648, 0.2005693802620948, 0.27454937385777534, 0.25666557311110805, 0.09598786542984714, 0.16281449154261204], [1.2786107702718936, 1.0614871011335756, 0.7592267893206881, 0.5041133572171501, 0.2891150782287441, 0.5456824490737564, 0.5535891441970963, 0.6149377761167727, 0.6667961522807136, 0.35417727606900207, 0.2431515607860673, 0.3155257187717263, 0.35359039464072883, 0.32461679439161556, 0.0, 0.22677621551103141, 0.4176208081900111, 0.511572114704737, 0.2880354163912338, 0.3228742334288399, 0.47539626407688096], [1.0773357929247807, 0.8388315246083016, 0.5368990942443681, 0.30574448661497733, 0.15243759144841293, 0.36136913240308827, 0.49843746682147866, 0.6265776174372764, 0.7178410062532176, 0.14434767579857155, 0.32837578337825823, 0.41586861169341793, 0.4543533307845414, 0.1966763576334648, 0.22677621551103141, 0.0, 0.1973300881336316, 0.457252802470846, 0.34566062179745904, 0.24351290124570446, 0.3148469957153333], [0.8841564109418266, 0.6460887953571174, 0.3778155077883524, 0.2573601469420039, 0.259727597395772, 0.32580876301079464, 0.5850069771560424, 0.7487393069621444, 0.8586809011525043, 0.1625361262368929, 0.5058759039618892, 0.5941962697666037, 0.6316766748380104, 0.2005693802620948, 0.4176208081900111, 0.1973300881336316, 0.0, 0.4324901830454653, 0.43940492422328714, 0.2717552421142258, 0.20607740533118893], [0.9308182463503815, 0.8731541012809856, 0.7387046735003581, 0.6605060919933369, 0.5770710117162882, 0.7299705119888175, 0.9405588539741477, 1.0670926709682762, 1.1478622635040407, 0.5158394033759645, 0.7254216197290928, 0.8088183082596434, 0.8442532688023503, 0.27454937385777534, 0.511572114704737, 0.457252802470846, 0.4324901830454653, 0.0, 0.2629648079116708, 0.21892162622195283, 0.244610644049266], [1.153868740036695, 1.0262594839341508, 0.8041866778794704, 0.6291464748958608, 0.46789822737471826, 0.6907183995087743, 0.8056345710091822, 0.893883876794541, 0.9527056245678697, 0.461139916642511, 0.5260333308351203, 0.5986252758918187, 0.6320090945681903, 0.25666557311110805, 0.2880354163912338, 0.34566062179745904, 0.43940492422328714, 0.2629648079116708, 0.0, 0.1805028879419487, 0.3561262346075168], [0.9953417471270538, 0.8475241937842154, 0.6307919814918455, 0.48750757316521715, 0.3750688918640417, 0.5546867977408318, 0.7353311393643364, 0.8586114467861227, 0.9407293406226868, 0.32961032636003673, 0.5242687859684664, 0.6091647592779732, 0.6460832480384109, 0.09598786542984714, 0.3228742334288399, 0.24351290124570446, 0.2717552421142258, 0.21892162622195283, 0.1805028879419487, 0.0, 0.18246173070966967], [0.8159584413286768, 0.6734106182577705, 0.5015140813807478, 0.44356038463519964, 0.41910116604369607, 0.5140231419021738, 0.7713437329862586, 0.9250077859312416, 1.025635726997099, 0.32835353237255505, 0.635165296918043, 0.724893012389169, 0.7626578316698697, 0.16281449154261204, 0.47539626407688096, 0.3148469957153333, 0.20607740533118893, 0.244610644049266, 0.3561262346075168, 0.18246173070966967, 0.0]]