[[0.0, 0.32160842059681266, 0.6256500125889309, 0.8572646384917428, 1.0103940822671538, 1.0442001377442278, 1.477973310656333, 1.7758228100203326, 2.0070294907903925, 1.0, 1.3652661218409656, 1.3366401126061564, 1.3016509701709105, 0.9548017832320232, 1.349573629773753, 1.6322432408995524, 1.893823192829299, 0.8793365946021042, 1.1727568823287244, 1.373652990537947, 1.5733378384111811], [0.32160842059681266, 0.0, 0.35123251118076515, 0.6244613869700788, 0.8106929622798692, 0.8110435761573749, 1.2369693134001445, 1.5363426195005432, 1.7685993954930095, 0.8372500923519479, 1.2172225356279796, 1.2108424718488862, 1.1889390447465986, 0.8702564410040432, 1.2699618728928603, 1.5548234461803159, 1.8159817791026172, 0.8711174338938887, 1.1737098839184867, 1.3762476500082494, 1.5764200008000033], [0.6256500125889309, 0.35123251118076515, 0.0, 0.28532648552227835, 0.48695479084085774, 0.4662620476119573, 0.8869138932434869, 1.185909033216053, 1.4180659189370013, 0.5425654649199798, 0.915423496117504, 0.9282224863367351, 0.9238649356470647, 0.6515672930081712, 1.0239777412571278, 1.2996019038402753, 1.553764922924248, 0.7356619245005206, 1.0140936020535356, 1.2047065073231389, 1.395767695523613], [0.8572646384917428, 0.6244613869700788, 0.28532648552227835, 0.0, 0.2073997166705086, 0.1960463453878464, 0.6239049958020493, 0.9221109270136894, 1.153946472990573, 0.2957937015612964, 0.6466186729478482, 0.6712039267382653, 0.687855073415708, 0.4766214879065634, 0.7937441438346877, 1.0550764099715062, 1.301186766500839, 0.6322626566984709, 0.8592174380246702, 1.0290256638271138, 1.2058207263881213], [1.0103940822671538, 0.8106929622798692, 0.48695479084085774, 0.2073997166705086, 0.0, 0.14684382834106297, 0.49437610565322065, 0.7811860691986752, 1.0085360673525223, 0.15137128662345667, 0.45593427437597633, 0.4813140939080872, 0.5242223945706872, 0.3744931840700523, 0.6211508480807341, 0.8692294492030915, 1.1098617478670405, 0.5735223863342249, 0.741883641618838, 0.8897256651920881, 1.0527355444317181], [1.0442001377442278, 0.8110435761573749, 0.4662620476119573, 0.1960463453878464, 0.14684382834106297, 0.0, 0.4340854618203382, 0.7326931225655464, 0.9646188872512588, 0.2576068033178131, 0.5150533630022731, 0.5819106584638782, 0.6464743482390282, 0.4943640132877129, 0.7212031816835903, 0.9555599602547598, 1.1861627136528496, 0.6912997310260189, 0.8625415846676593, 1.0063893549901257, 1.1642360680110528], [1.477973310656333, 1.2369693134001445, 0.8869138932434869, 0.6239049958020493, 0.49437610565322065, 0.4340854618203382, 0.0, 0.2998979943470123, 0.5323054276257456, 0.5644285892433567, 0.49318157895625164, 0.6358013743059973, 0.7562496008164485, 0.7786749878812936, 0.7858023553421254, 0.9070243424463316, 1.0666585826186357, 0.9969433788878632, 1.057903984841206, 1.134202792512069, 1.2353767217153626], [1.7758228100203326, 1.5363426195005432, 1.185909033216053, 0.9221109270136894, 0.7811860691986752, 0.7326931225655464, 0.2998979943470123, 0.0, 0.23251147413130321, 0.8331669634556451, 0.6457477066124695, 0.783151345418313, 0.9033088888402204, 1.0213203871102416, 0.9245918178265847, 0.9584039892973186, 1.0487853249027252, 1.2359794682523946, 1.240550035572002, 1.2748297831153537, 1.3354003600604651], [2.0070294907903925, 1.7685993954930095, 1.4180659189370013, 1.153946472990573, 1.0085360673525223, 0.9646188872512588, 0.5323054276257456, 0.23251147413130321, 0.0, 1.0526532411367218, 0.8204372850287106, 0.9436656671762065, 1.05452545867398, 1.2263062819860213, 1.077179202891877, 1.055357562895076, 1.0913148680419331, 1.4363584235227282, 1.4090307296134807, 1.417157007016522, 1.4500670110509577], [1.0, 0.8372500923519479, 0.5425654649199798, 0.2957937015612964, 0.15137128662345667, 0.2576068033178131, 0.5644285892433567, 0.8331669634556451, 1.0526532411367218, 0.0, 0.3812135695272083, 0.3896915906616122, 0.4363261518351106, 0.24173570041993375, 0.5001712632441299, 0.7637345343033296, 1.0137355195447988, 0.45100133408357373, 0.605706385587716, 0.7556583471718027, 0.9226052774167468], [1.3652661218409656, 1.2172225356279796, 0.915423496117504, 0.6466186729478482, 0.45593427437597633, 0.5150533630022731, 0.49318157895625164, 0.6457477066124695, 0.8204372850287106, 0.3812135695272083, 0.0, 0.20431311611260644, 0.37028443861080057, 0.449369004281107, 0.29981410000409325, 0.4543191552129587, 0.672567594942049, 0.6391062300959046, 0.6016930396411038, 0.6490824741385574, 0.7473422027842144], [1.3366401126061564, 1.2108424718488862, 0.9282224863367351, 0.6712039267382653, 0.4813140939080872, 0.5819106584638782, 0.6358013743059973, 0.783151345418313, 0.9436656671762065, 0.3896915906616122, 0.20431311611260644, 0.0, 0.16863273699865403, 0.4084036598003435, 0.29904752377094634, 0.42321346832461615, 0.6405799076200951, 0.5858282023733875, 0.5464074173876947, 0.5904846698634408, 0.6869548276653432], [1.3016509701709105, 1.1889390447465986, 0.9238649356470647, 0.687855073415708, 0.5242223945706872, 0.6464743482390282, 0.7562496008164485, 0.9033088888402204, 1.05452545867398, 0.4363261518351106, 0.37028443861080057, 0.16863273699865403, 0.0, 0.41372853850867947, 0.4030282222288979, 0.49863727514560857, 0.6658148722124686, 0.5742333644512033, 0.5712426655853386, 0.6218284170893051, 0.7136338647113682], [0.9548017832320232, 0.8702564410040432, 0.6515672930081712, 0.4766214879065634, 0.3744931840700523, 0.4943640132877129, 0.7786749878812936, 1.0213203871102416, 1.2263062819860213, 0.24173570041993375, 0.449369004281107, 0.4084036598003435, 0.41372853850867947, 0.0, 0.401954750703427, 0.6876239400844412, 0.9500126249698511, 0.2183997224909512, 0.38360351696276607, 0.5590230058882216, 0.745555887898735], [1.349573629773753, 1.2699618728928603, 1.0239777412571278, 0.7937441438346877, 0.6211508480807341, 0.7212031816835903, 0.7858023553421254, 0.9245918178265847, 1.077179202891877, 0.5001712632441299, 0.29981410000409325, 0.29904752377094634, 0.4030282222288979, 0.401954750703427, 0.0, 0.28579716904876884, 0.5482511349783106, 0.5012330307211638, 0.3429115818819713, 0.35273317505278157, 0.4587620530745324], [1.6322432408995524, 1.5548234461803159, 1.2996019038402753, 1.0550764099715062, 0.8692294492030915, 0.9555599602547598, 0.9070243424463316, 0.9584039892973186, 1.055357562895076, 0.7637345343033296, 0.4543191552129587, 0.42321346832461615, 0.49863727514560857, 0.6876239400844412, 0.28579716904876884, 0.0, 0.26268047095749514, 0.7693967485562209, 0.5409974867986149, 0.4319089062879256, 0.4007597368426775], [1.893823192829299, 1.8159817791026172, 1.553764922924248, 1.301186766500839, 1.1098617478670405, 1.1861627136528496, 1.0666585826186357, 1.0487853249027252, 1.0913148680419331, 1.0137355195447988, 0.672567594942049, 0.6405799076200951, 0.6658148722124686, 0.9500126249698511, 0.5482511349783106, 0.26268047095749514, 0.0, 1.026381126998845, 0.7771829302756375, 0.6288353394409776, 0.5174107084416216], [0.8793365946021042, 0.8711174338938887, 0.7356619245005206, 0.6322626566984709, 0.5735223863342249, 0.6912997310260189, 0.9969433788878632, 1.2359794682523946, 1.4363584235227282, 0.45100133408357373, 0.6391062300959046, 0.5858282023733875, 0.5742333644512033, 0.2183997224909512, 0.5012330307211638, 0.7693967485562209, 1.026381126998845, 0.0, 0.30332570895159466, 0.5067140712373359, 0.7077627397457167], [1.1727568823287244, 1.1737098839184867, 1.0140936020535356, 0.8592174380246702, 0.741883641618838, 0.8625415846676593, 1.057903984841206, 1.240550035572002, 1.4090307296134807, 0.605706385587716, 0.6016930396411038, 0.5464074173876947, 0.5712426655853386, 0.38360351696276607, 0.3429115818819713, 0.5409974867986149, 0.7771829302756375, 0.30332570895159466, 0.0, 0.20373963436750409, 0.40490283343551964], [1.373652990537947, 1.3762476500082494, 1.2047065073231389, 1.0290256638271138, 0.8897256651920881, 1.0063893549901257, 1.134202792512069, 1.2748297831153537, 1.417157007016522, 0.7556583471718027, 0.6490824741385574, 0.5904846698634408, 0.6218284170893051, 0.5590230058882216, 0.35273317505278157, 0.4319089062879256, 0.6288353394409776, 0.5067140712373359, 0.20373963436750409, 0.0, 0.20131446367514624], [1.5733378384111811, 1.5764200008000033, 1.395767695523613, 1.2058207263881213, 1.0527355444317181, 1.1642360680110528, 1.2353767217153626, 1.3354003600604651, 1.4500670110509577, 0.9226052774167468, 0.7473422027842144, 0.6869548276653432, 0.7136338647113682, 0.745555887898735, 0.4587620530745324, 0.4007597368426775, 0.5174107084416216, 0.7077627397457167, 0.40490283343551964, 0.20131446367514624, 0.0]]