[[0.0, 0.4166941305196967, 0.8061714879513607, 1.1124933391474532, 1.2853342838114399, 1.030455722517704, 1.3519044402015021, 1.2452713656548289, 1.1224217476349887, 1.0, 1.3052049687309872, 1.1173586185189648, 0.9366555311258103, 0.9722158263346208, 1.2511123336663397, 1.0508553004142498, 0.8631423432948796, 0.9564088521587893, 1.1984904368098954, 1.0520910403958488, 0.8894575248782439], [0.4166941305196967, 0.0, 0.4293821706125787, 0.7743825247984969, 0.9774594153093495, 0.7281070939538936, 1.0572455373040393, 0.9366815723786099, 0.7985256508654249, 0.7755328091174007, 1.0769560284531061, 0.8766819607257424, 0.6887997647693226, 0.8390512667877332, 1.0945886998689103, 0.8829519389506143, 0.7038114644027652, 0.9249791824598819, 1.1244003619885221, 0.9703731674545898, 0.8173361350065461], [0.8061714879513607, 0.4293821706125787, 0.0, 0.3565701433628078, 0.5752057537484007, 0.3495224958418494, 0.6600016068771611, 0.5340215820605598, 0.39144417257251, 0.4864144982049697, 0.7397152550542923, 0.5508015885659384, 0.3997464290065254, 0.6468840972427818, 0.8312195558086772, 0.6427609866026508, 0.5275536358384616, 0.8271963914217518, 0.9457115771209069, 0.8100795971615545, 0.7051905119079742], [1.1124933391474532, 0.7743825247984969, 0.3565701433628078, 0.0, 0.2267436813586603, 0.14790562453206726, 0.32062552793348226, 0.20100108013902612, 0.1231287774401717, 0.3494860219428802, 0.464970407408458, 0.33877246831050173, 0.32305709818103795, 0.5658271174383779, 0.6301464028039594, 0.5114837074565113, 0.5082369642255647, 0.7942021357814941, 0.8158015313102616, 0.7218683223099706, 0.6870376161379187], [1.2853342838114399, 0.9774594153093495, 0.5752057537484007, 0.2267436813586603, 0.0, 0.2748419792630418, 0.15075295917455184, 0.1417359090506399, 0.22510852098474093, 0.36738486922144115, 0.33000951468206013, 0.3011428974143831, 0.39295960163676535, 0.5607394369097018, 0.5289710672079093, 0.4808445512187836, 0.5537074247872877, 0.7902566051374496, 0.74620082568078, 0.6890188575549447, 0.7038509971954676], [1.030455722517704, 0.7281070939538936, 0.3495224958418494, 0.14790562453206726, 0.2748419792630418, 0.0, 0.33020828216692794, 0.21670972372514746, 0.13199151774804796, 0.21287014664077486, 0.39534696125054786, 0.23104568249027743, 0.19514454930370512, 0.42899620128813387, 0.5238868102538657, 0.38401337055749607, 0.37264129560319037, 0.6566071249746023, 0.6918636529815367, 0.5904257619465101, 0.5504060824245185], [1.3519044402015021, 1.0572455373040393, 0.6600016068771611, 0.32062552793348226, 0.15075295917455184, 0.33020828216692794, 0.0, 0.13690846057370312, 0.27966428457664433, 0.39048073902813846, 0.2464971754151091, 0.2863315569285057, 0.42477835980225337, 0.563401160702081, 0.4740329145613334, 0.46928293850088637, 0.57283312020341, 0.7861474618877647, 0.7084130950540758, 0.6716157282673225, 0.7079534953607197], [1.2452713656548289, 0.9366815723786099, 0.5340215820605598, 0.20100108013902612, 0.1417359090506399, 0.21670972372514746, 0.13690846057370312, 0.0, 0.1458307079997369, 0.33407683005928057, 0.30950227979575556, 0.24504733350154204, 0.33659342438387135, 0.5344585023196633, 0.5106469031663916, 0.44326973874056674, 0.5081787258399322, 0.7651309639690785, 0.727577361314422, 0.6599034299962199, 0.66632279386086], [1.1224217476349887, 0.7985256508654249, 0.39144417257251, 0.1231287774401717, 0.22510852098474093, 0.13199151774804796, 0.27966428457664433, 0.1458307079997369, 0.0, 0.3147858177834898, 0.4116529825433563, 0.2696968884619255, 0.26601226283850254, 0.5263274037119293, 0.5756554852218962, 0.45089515327927754, 0.4581214578066956, 0.7548856850783003, 0.7647959165717717, 0.6682339349157925, 0.6381212568357296], [1.0, 0.7755328091174007, 0.4864144982049697, 0.3494860219428802, 0.36738486922144115, 0.21287014664077486, 0.39048073902813846, 0.33407683005928057, 0.3147858177834898, 0.0, 0.30876580478474663, 0.12729013894454339, 0.13829762986233368, 0.21837658263260595, 0.34669381475904953, 0.18250642377544954, 0.20687875084442225, 0.4498324160794501, 0.4839360699004085, 0.3799715171524285, 0.3559500426104105], [1.3052049687309872, 1.0769560284531061, 0.7397152550542923, 0.464970407408458, 0.33000951468206013, 0.39534696125054786, 0.2464971754151091, 0.30950227979575556, 0.4116529825433563, 0.30876580478474663, 0.0, 0.203638986316129, 0.39249928879572127, 0.3920673713128951, 0.23078256851503384, 0.2913905942721605, 0.4529944031055769, 0.5864997147428976, 0.4701988024926376, 0.4587072781466022, 0.5333830738879155], [1.1173586185189648, 0.8766819607257424, 0.5508015885659384, 0.33877246831050173, 0.3011428974143831, 0.23104568249027743, 0.2863315569285057, 0.24504733350154204, 0.2696968884619255, 0.12729013894454339, 0.203638986316129, 0.0, 0.1905484355304795, 0.29659358577531786, 0.3108598214537245, 0.19881289209035657, 0.2924692518936199, 0.5237357033778183, 0.49879892616243793, 0.4170250446214541, 0.4281577990874378], [0.9366555311258103, 0.6887997647693226, 0.3997464290065254, 0.32305709818103795, 0.39295960163676535, 0.19514454930370512, 0.42477835980225337, 0.33659342438387135, 0.26601226283850254, 0.13829762986233368, 0.39249928879572127, 0.1905484355304795, 0.0, 0.29940165376929523, 0.4486952164677815, 0.2541158249258505, 0.19501192711614818, 0.5111592028243315, 0.5743261215001398, 0.4467724493660774, 0.38322681464529645], [0.9722158263346208, 0.8390512667877332, 0.6468840972427818, 0.5658271174383779, 0.5607394369097018, 0.42899620128813387, 0.563401160702081, 0.5344585023196633, 0.5263274037119293, 0.21837658263260595, 0.3920673713128951, 0.29659358577531786, 0.29940165376929523, 0.0, 0.2799882062404638, 0.12129634423887961, 0.1701756824299596, 0.23323472773142484, 0.30251252248017724, 0.17540770683745852, 0.16968561531192625], [1.2511123336663397, 1.0945886998689103, 0.8312195558086772, 0.6301464028039594, 0.5289710672079093, 0.5238868102538657, 0.4740329145613334, 0.5106469031663916, 0.5756554852218962, 0.34669381475904953, 0.23078256851503384, 0.3108598214537245, 0.4486952164677815, 0.2799882062404638, 0.0, 0.21555038114614355, 0.40241540659580743, 0.4019398344674156, 0.24166787758108207, 0.2657113859738903, 0.38859700639876815], [1.0508553004142498, 0.8829519389506143, 0.6427609866026508, 0.5114837074565113, 0.4808445512187836, 0.38401337055749607, 0.46928293850088637, 0.44326973874056674, 0.45089515327927754, 0.18250642377544954, 0.2913905942721605, 0.19881289209035657, 0.2541158249258505, 0.12129634423887961, 0.21555038114614355, 0.0, 0.19096432997516588, 0.33166963130665716, 0.32595131576386827, 0.22054040788515347, 0.24636150036301938], [0.8631423432948796, 0.7038114644027652, 0.5275536358384616, 0.5082369642255647, 0.5537074247872877, 0.37264129560319037, 0.57283312020341, 0.5081787258399322, 0.4581214578066956, 0.20687875084442225, 0.4529944031055769, 0.2924692518936199, 0.19501192711614818, 0.1701756824299596, 0.40241540659580743, 0.19096432997516588, 0.0, 0.3343186765337969, 0.4480353461061175, 0.29718666557247425, 0.1943983172483204], [0.9564088521587893, 0.9249791824598819, 0.8271963914217518, 0.7942021357814941, 0.7902566051374496, 0.6566071249746023, 0.7861474618877647, 0.7651309639690785, 0.7548856850783003, 0.4498324160794501, 0.5864997147428976, 0.5237357033778183, 0.5111592028243315, 0.23323472773142484, 0.4019398344674156, 0.33166963130665716, 0.3343186765337969, 0.0, 0.25134055601095207, 0.14930564822297254, 0.15586274699452077], [1.1984904368098954, 1.1244003619885221, 0.9457115771209069, 0.8158015313102616, 0.74620082568078, 0.6918636529815367, 0.7084130950540758, 0.727577361314422, 0.7647959165717717, 0.4839360699004085, 0.4701988024926376, 0.49879892616243793, 0.5743261215001398, 0.30251252248017724, 0.24166787758108207, 0.32595131576386827, 0.4480353461061175, 0.25134055601095207, 0.0, 0.15944201108190353, 0.32090629554745687], [1.0520910403958488, 0.9703731674545898, 0.8100795971615545, 0.7218683223099706, 0.6890188575549447, 0.5904257619465101, 0.6716157282673225, 0.6599034299962199, 0.6682339349157925, 0.3799715171524285, 0.4587072781466022, 0.4170250446214541, 0.4467724493660774, 0.17540770683745852, 0.2657113859738903, 0.22054040788515347, 0.29718666557247425, 0.14930564822297254, 0.15944201108190353, 0.0, 0.1654543196060234], [0.8894575248782439, 0.8173361350065461, 0.7051905119079742, 0.6870376161379187, 0.7038509971954676, 0.5504060824245185, 0.7079534953607197, 0.66632279386086, 0.6381212568357296, 0.3559500426104105, 0.5333830738879155, 0.4281577990874378, 0.38322681464529645, 0.16968561531192625, 0.38859700639876815, 0.24636150036301938, 0.1943983172483204, 0.15586274699452077, 0.32090629554745687, 0.1654543196060234, 0.0]]