[[0.0, 0.38470785059813395, 0.7741338486652307, 1.0843271614751968, 1.3456132124823665, 1.0114191051949895, 1.4214532806513864, 1.7089538740697932, 1.935635021926629, 1.0, 1.459064927798971, 1.7430957551732902, 1.9986691594021144, 0.9422121280583283, 1.360446860906678, 1.6339982202919356, 1.874180714436993, 0.8484527668353004, 1.1543960865234784, 1.3595204225882862, 1.5602449499633448], [0.38470785059813395, 0.0, 0.3957478291731861, 0.7089056126961052, 0.9715947379281191, 0.7869324742914445, 1.1691098875051171, 1.4520197799970316, 1.6770463406049831, 0.8768551574754436, 1.3157831101466149, 1.5926966767005981, 1.844106685280514, 0.9198357058901049, 1.3305228554607973, 1.6022874195740622, 1.838023438523518, 0.9340854700437267, 1.2490688531138847, 1.4631774779335271, 1.6634093326135728], [0.7741338486652307, 0.3957478291731861, 0.0, 0.31335108011575247, 0.5760849001883077, 0.615903822514623, 0.9096671041418136, 1.1710356964823658, 1.3862382165709568, 0.8182284611261545, 1.1770942940744786, 1.4274451799621668, 1.6627906335366547, 0.9630483532405006, 1.315186447877087, 1.5653427791466794, 1.7840212120962762, 1.076781664332946, 1.3644528185167788, 1.571004562029076, 1.759275370016871], [1.0843271614751968, 0.7089056126961052, 0.31335108011575247, 0.0, 0.262804691783363, 0.6289243213551877, 0.776238236731187, 0.9930809712781812, 1.188188853967315, 0.8895708478933086, 1.1417577810455268, 1.3523565906737753, 1.562997996325443, 1.090697461069026, 1.3729785380804134, 1.5932290240864828, 1.789657527567855, 1.2586315087605664, 1.5131586321801018, 1.7060552517094976, 1.8796324537222144], [1.3456132124823665, 0.9715947379281191, 0.5760849001883077, 0.262804691783363, 0.0, 0.7492639130192741, 0.7525846756963298, 0.9032796230407324, 1.066321329329049, 1.0228156947624298, 1.1781233400073254, 1.3443184572381086, 1.525330076288871, 1.2499214045781952, 1.4726663522128043, 1.6631295788883755, 1.8368021621137234, 1.4467681715327703, 1.6738543873896663, 1.8534793875685849, 2.01351388307056], [1.0114191051949895, 0.7869324742914445, 0.615903822514623, 0.6289243213551877, 0.7492639130192741, 0.0, 0.41219693301794585, 0.6987599533375617, 0.9249664316572074, 0.2736705433061865, 0.5619238468596486, 0.8215645965381525, 1.066448808194158, 0.5096448208176235, 0.744120249727102, 0.9702517222626241, 1.1778754078364568, 0.7355113435208445, 0.9292482381164211, 1.1044363152405743, 1.2656520156904825], [1.4214532806513864, 1.1691098875051171, 0.9096671041418136, 0.776238236731187, 0.7525846756963298, 0.41219693301794585, 0.0, 0.2876019713120251, 0.5144517635506604, 0.5576761490151563, 0.453720186152365, 0.5920261644556318, 0.7876888600199937, 0.7974762826777425, 0.8276720172646734, 0.9567257095584152, 1.1020820327474468, 1.0546552423663287, 1.1598798540182864, 1.2871643717810424, 1.404867778085155], [1.7089538740697932, 1.4520197799970316, 1.1710356964823658, 0.9930809712781812, 0.9032796230407324, 0.6987599533375617, 0.2876019713120251, 0.0, 0.22690878914952214, 0.8116472474409329, 0.5494787142272316, 0.5390281945440034, 0.6484529422535187, 1.0341164317195288, 0.9642451591345828, 1.0190200401734943, 1.107119177816672, 1.2939184775717882, 1.351444395706819, 1.4469755447335209, 1.5341582193770575], [1.935635021926629, 1.6770463406049831, 1.3862382165709568, 1.188188853967315, 1.066321329329049, 0.9249664316572074, 0.5144517635506604, 0.22690878914952214, 0.0, 1.0228939154353625, 0.699603799902038, 0.5950668669575425, 0.6105337175474557, 1.233820025154555, 1.1094947182666062, 1.1143373173481281, 1.1572433409486473, 1.4923288527688066, 1.520643770369487, 1.5945805461330522, 1.66003637183317], [1.0, 0.8768551574754436, 0.8182284611261545, 0.8895708478933086, 1.0228156947624298, 0.2736705433061865, 0.5576761490151563, 0.8116472474409329, 1.0228939154353625, 0.0, 0.4591963816071046, 0.7432381359905753, 0.9988528129746252, 0.2492994808029328, 0.49758059553146267, 0.7498940191204767, 0.9759675857920808, 0.49926218551266965, 0.6584878162533084, 0.830822608167168, 0.9938931386306201], [1.459064927798971, 1.3157831101466149, 1.1770942940744786, 1.1417577810455268, 1.1781233400073254, 0.5619238468596486, 0.453720186152365, 0.5494787142272316, 0.699603799902038, 0.4591963816071046, 0.0, 0.28407441889110946, 0.5396878449377583, 0.5897058260520123, 0.4153927793760241, 0.5032674465016368, 0.6587482931690747, 0.8327769478008388, 0.8221398024709563, 0.8999003771829386, 0.9857683512174614], [1.7430957551732902, 1.5926966767005981, 1.4274451799621668, 1.3523565906737753, 1.3443184572381086, 0.8215645965381525, 0.5920261644556318, 0.5390281945440034, 0.5950668669575425, 0.7432381359905753, 0.28407441889110946, 0.0, 0.25564499130606255, 0.8580875987158393, 0.5818452935865535, 0.5242342864439695, 0.5710385473843442, 1.0866754412470458, 1.0193647505446648, 1.0476706430614462, 1.0844603980151002], [1.9986691594021144, 1.844106685280514, 1.6627906335366547, 1.562997996325443, 1.525330076288871, 1.066448808194158, 0.7876888600199937, 0.6484529422535187, 0.6105337175474557, 0.9988528129746252, 0.5396878449377583, 0.25564499130606255, 0.0, 1.105867685185745, 0.7900811912031407, 0.6558302015897397, 0.6038301432105864, 1.3249809054164323, 1.2252038689138458, 1.221105261376744, 1.222232932254035], [0.9422121280583283, 0.9198357058901049, 0.9630483532405006, 1.090697461069026, 1.2499214045781952, 0.5096448208176235, 0.7974762826777425, 1.0341164317195288, 1.233820025154555, 0.2492994808029328, 0.5897058260520123, 0.8580875987158393, 1.105867685185745, 0.0, 0.42132108159243864, 0.6963919251555251, 0.9363724275443362, 0.25986954571950366, 0.42462965359559013, 0.6163794276967266, 0.7978698453261265], [1.360446860906678, 1.3305228554607973, 1.315186447877087, 1.3729785380804134, 1.4726663522128043, 0.744120249727102, 0.8276720172646734, 0.9642451591345828, 1.1094947182666062, 0.49758059553146267, 0.4153927793760241, 0.5818452935865535, 0.7900811912031407, 0.42132108159243864, 0.0, 0.2751164651934244, 0.5151080744692416, 0.5670440119755419, 0.43823809191399954, 0.48545240946462165, 0.5781841242462158], [1.6339982202919356, 1.6022874195740622, 1.5653427791466794, 1.5932290240864828, 1.6631295788883755, 0.9702517222626241, 0.9567257095584152, 1.0190200401734943, 1.1143373173481281, 0.7498940191204767, 0.5032674465016368, 0.5242342864439695, 0.6558302015897397, 0.6963919251555251, 0.2751164651934244, 0.0, 0.24030503876385192, 0.8227121316775673, 0.6229543604131698, 0.5734755614826001, 0.5688981692509489], [1.874180714436993, 1.838023438523518, 1.7840212120962762, 1.789657527567855, 1.8368021621137234, 1.1778754078364568, 1.1020820327474468, 1.107119177816672, 1.1572433409486473, 0.9759675857920808, 0.6587482931690747, 0.5710385473843442, 0.6038301432105864, 0.9363724275443362, 0.5151080744692416, 0.24030503876385192, 0.0, 1.0574928114127014, 0.8335702127779265, 0.7412437994242123, 0.675299559419133], [0.8484527668353004, 0.9340854700437267, 1.076781664332946, 1.2586315087605664, 1.4467681715327703, 0.7355113435208445, 1.0546552423663287, 1.2939184775717882, 1.4923288527688066, 0.49926218551266965, 0.8327769478008388, 1.0866754412470458, 1.3249809054164323, 0.25986954571950366, 0.5670440119755419, 0.8227121316775673, 1.0574928114127014, 0.0, 0.3167166618895871, 0.5302893145170074, 0.7317360523483961], [1.1543960865234784, 1.2490688531138847, 1.3644528185167788, 1.5131586321801018, 1.6738543873896663, 0.9292482381164211, 1.1598798540182864, 1.351444395706819, 1.520643770369487, 0.6584878162533084, 0.8221398024709563, 1.0193647505446648, 1.2252038689138458, 0.42462965359559013, 0.43823809191399954, 0.6229543604131698, 0.8335702127779265, 0.3167166618895871, 0.0, 0.21417168516067345, 0.4151187568173744], [1.3595204225882862, 1.4631774779335271, 1.571004562029076, 1.7060552517094976, 1.8534793875685849, 1.1044363152405743, 1.2871643717810424, 1.4469755447335209, 1.5945805461330522, 0.830822608167168, 0.8999003771829386, 1.0476706430614462, 1.221105261376744, 0.6163794276967266, 0.48545240946462165, 0.5734755614826001, 0.7412437994242123, 0.5302893145170074, 0.21417168516067345, 0.0, 0.20207775964909305], [1.5602449499633448, 1.6634093326135728, 1.759275370016871, 1.8796324537222144, 2.01351388307056, 1.2656520156904825, 1.404867778085155, 1.5341582193770575, 1.66003637183317, 0.9938931386306201, 0.9857683512174614, 1.0844603980151002, 1.222232932254035, 0.7978698453261265, 0.5781841242462158, 0.5688981692509489, 0.675299559419133, 0.7317360523483961, 0.4151187568173744, 0.20207775964909305, 0.0]]