[[0.0, 0.27054474485354046, 0.576109996631637, 0.7887634226367751, 0.9060377192959264, 0.9871904279417895, 1.3698730570897257, 1.615976649498565, 1.8006062198365114, 1.0, 1.4256710920153048, 1.6901195648105707, 1.895061319683886, 0.9605495932250453, 1.3614631961050525, 1.6054989662062509, 1.8037920368226281, 0.8846149394346563, 1.144435449889371, 1.202693567827483, 1.2201652908375475], [0.27054474485354046, 0.0, 0.3456862494828514, 0.6151390308554724, 0.7833495737488668, 0.7946565565670212, 1.1865102016785163, 1.4386137958956988, 1.6285639134409908, 0.8447975348824442, 1.2702227542553195, 1.5369828173809643, 1.7427475896378826, 0.8478773479225672, 1.2397378607481593, 1.47737791794279, 1.6710439445532304, 0.830950891313469, 1.0664712429854242, 1.111057179386774, 1.1175483694766077], [0.576109996631637, 0.3456862494828514, 0.0, 0.3037209945345369, 0.5135363361999297, 0.4575168342217442, 0.8488203833467183, 1.1018456421865626, 1.293169343732631, 0.5346901942991474, 0.9476294647382052, 1.212608523059065, 1.417153938856765, 0.5827291427729305, 0.9446785972054306, 1.171623649820098, 1.3590643953259354, 0.6401927149884981, 0.8240696777863485, 0.8523061625077123, 0.8492256146226844], [0.7887634226367751, 0.6151390308554724, 0.3037209945345369, 0.0, 0.2261655999138631, 0.21493368903235038, 0.5858435754499692, 0.8331653493036061, 1.0203275368723053, 0.2371459585827957, 0.65825371341771, 0.9245608938985241, 1.1301459123389435, 0.29536226890769757, 0.643338194794898, 0.8724654967483763, 1.0624902217411851, 0.4136700889428576, 0.5410629147727226, 0.5611482974629848, 0.5570452145965471], [0.9060377192959264, 0.7833495737488668, 0.5135363361999297, 0.2261655999138631, 0.0, 0.2877682972090075, 0.5294892284723101, 0.7474540073575541, 0.9193121172119867, 0.16725511491068357, 0.5377290861640354, 0.7951151480735991, 0.9977834035441511, 0.0897443300375171, 0.4674992863353652, 0.7083950068519471, 0.9052107370695504, 0.23452640876002867, 0.32114822849106817, 0.3481423255173825, 0.3557317324434905], [0.9871904279417895, 0.7946565565670212, 0.4575168342217442, 0.21493368903235038, 0.2877682972090075, 0.0, 0.392253674928534, 0.6451239587833136, 0.8363188955870067, 0.16666227629857308, 0.49963771175961225, 0.7605033760170501, 0.9634560368536839, 0.3236031013335123, 0.5397963339554459, 0.7408208951991697, 0.9178142513919364, 0.5110058326760396, 0.5378615510799457, 0.5321819044544486, 0.5201241494845388], [1.3698730570897257, 1.1865102016785163, 0.8488203833467183, 0.5858435754499692, 0.5294892284723101, 0.392253674928534, 0.0, 0.25332066238714573, 0.4453184777415109, 0.385818620698652, 0.18793277536299463, 0.39436241683925854, 0.5867244555789005, 0.5050966986241854, 0.35875878622590895, 0.44092680523385247, 0.5760195205576031, 0.7041977353112232, 0.5620622834767525, 0.5109254787817065, 0.48869243667583406], [1.615976649498565, 1.4386137958956988, 1.1018456421865626, 0.8331653493036061, 0.7474540073575541, 0.6451239587833136, 0.25332066238714573, 0.0, 0.19240152053107157, 0.6198283021208978, 0.23293042786751836, 0.1982638725590655, 0.35177049139552496, 0.7095842980355341, 0.4169978527788134, 0.34097749864684984, 0.39166766484469556, 0.8900948781515359, 0.690498942184328, 0.6203335277117236, 0.5874112815730184], [1.8006062198365114, 1.6285639134409908, 1.293169343732631, 1.0203275368723053, 0.9193121172119867, 0.8363188955870067, 0.4453184777415109, 0.19240152053107157, 0.0, 0.801311151942474, 0.3861185804600934, 0.17789377937668077, 0.19271556792428424, 0.8753491898000347, 0.5317632216453306, 0.36323978814137947, 0.3065628619033765, 1.0419758602176015, 0.8174378724858458, 0.741034213792897, 0.7037647237696123], [1.0, 0.8447975348824442, 0.5346901942991474, 0.2371459585827957, 0.16725511491068357, 0.16666227629857308, 0.385818620698652, 0.6198283021208978, 0.801311151942474, 0.0, 0.4277253818452305, 0.694236542413366, 0.9001346238444818, 0.16661277426862353, 0.4120054635395154, 0.6377360461471109, 0.8279617867453543, 0.36903729643988614, 0.3722069787701486, 0.37270840783041215, 0.36993189361157974], [1.4256710920153048, 1.2702227542553195, 0.9476294647382052, 0.65825371341771, 0.5377290861640354, 0.49963771175961225, 0.18793277536299463, 0.23293042786751836, 0.3861185804600934, 0.4277253818452305, 0.0, 0.2668963383487536, 0.4728124645279308, 0.48947607036813656, 0.19844529701694782, 0.2592981660807033, 0.4194072082741006, 0.6607603648149744, 0.4594091514326449, 0.3970638502908821, 0.3789778838440412], [1.6901195648105707, 1.5369828173809643, 1.212608523059065, 0.9245608938985241, 0.7951151480735991, 0.7605033760170501, 0.39436241683925854, 0.1982638725590655, 0.17789377937668077, 0.694236542413366, 0.2668963383487536, 0.0, 0.20598833175141767, 0.7423533791243112, 0.36995050825027603, 0.18622807737202193, 0.19447364280197857, 0.8929488096410821, 0.6552707449503745, 0.5792799000518817, 0.5461997301318716], [1.895061319683886, 1.7427475896378826, 1.417153938856765, 1.1301459123389435, 0.9977834035441511, 0.9634560368536839, 0.5867244555789005, 0.35177049139552496, 0.19271556792428424, 0.9001346238444818, 0.4728124645279308, 0.20598833175141767, 0.0, 0.9435975238607152, 0.5577904928633824, 0.32907140824958003, 0.1731563820611764, 1.0845459269838633, 0.8359223099028692, 0.7588434243578368, 0.7241578845573016], [0.9605495932250453, 0.8478773479225672, 0.5827291427729305, 0.29536226890769757, 0.0897443300375171, 0.3236031013335123, 0.5050966986241854, 0.7095842980355341, 0.8753491898000347, 0.16661277426862353, 0.48947607036813656, 0.7423533791243112, 0.9435975238607152, 0.0, 0.4010362155220545, 0.6451376846143735, 0.8437137389061727, 0.2072305148044367, 0.24668002956162202, 0.27325666212395405, 0.28445354657458777], [1.3614631961050525, 1.2397378607481593, 0.9446785972054306, 0.643338194794898, 0.4674992863353652, 0.5397963339554459, 0.35875878622590895, 0.4169978527788134, 0.5317632216453306, 0.4120054635395154, 0.19844529701694782, 0.36995050825027603, 0.5577904928633824, 0.4010362155220545, 0.0, 0.24476843776995327, 0.443866426707904, 0.527017771320762, 0.28695917228186973, 0.22565747554090199, 0.2328426854221358], [1.6054989662062509, 1.47737791794279, 1.171623649820098, 0.8724654967483763, 0.7083950068519471, 0.7408208951991697, 0.44092680523385247, 0.34097749864684984, 0.36323978814137947, 0.6377360461471109, 0.2592981660807033, 0.18622807737202193, 0.32907140824958003, 0.6451376846143735, 0.24476843776995327, 0.0, 0.1991964649838379, 0.7654647286139216, 0.5101071851019455, 0.4353581159535679, 0.40773501692712427], [1.8037920368226281, 1.6710439445532304, 1.3590643953259354, 1.0624902217411851, 0.9052107370695504, 0.9178142513919364, 0.5760195205576031, 0.39166766484469556, 0.3065628619033765, 0.8279617867453543, 0.4194072082741006, 0.19447364280197857, 0.1731563820611764, 0.8437137389061727, 0.443866426707904, 0.1991964649838379, 0.0, 0.9626102276232785, 0.7037977966558987, 0.6292297830950412, 0.5993876565196186], [0.8846149394346563, 0.830950891313469, 0.6401927149884981, 0.4136700889428576, 0.23452640876002867, 0.5110058326760396, 0.7041977353112232, 0.8900948781515359, 1.0419758602176015, 0.36903729643988614, 0.6607603648149744, 0.8929488096410821, 1.0845459269838633, 0.2072305148044367, 0.527017771320762, 0.7654647286139216, 0.9626102276232785, 0.0, 0.26592182538939724, 0.33694697497861753, 0.37895012974720443], [1.144435449889371, 1.0664712429854242, 0.8240696777863485, 0.5410629147727226, 0.32114822849106817, 0.5378615510799457, 0.5620622834767525, 0.690498942184328, 0.8174378724858458, 0.3722069787701486, 0.4594091514326449, 0.6552707449503745, 0.8359223099028692, 0.24668002956162202, 0.28695917228186973, 0.5101071851019455, 0.7037977966558987, 0.26592182538939724, 0.0, 0.10561041206983349, 0.19728000855799263], [1.202693567827483, 1.111057179386774, 0.8523061625077123, 0.5611482974629848, 0.3481423255173825, 0.5321819044544486, 0.5109254787817065, 0.6203335277117236, 0.741034213792897, 0.37270840783041215, 0.3970638502908821, 0.5792799000518817, 0.7588434243578368, 0.27325666212395405, 0.22565747554090199, 0.4353581159535679, 0.6292297830950412, 0.33694697497861753, 0.10561041206983349, 0.0, 0.09527816009534741], [1.2201652908375475, 1.1175483694766077, 0.8492256146226844, 0.5570452145965471, 0.3557317324434905, 0.5201241494845388, 0.48869243667583406, 0.5874112815730184, 0.7037647237696123, 0.36993189361157974, 0.3789778838440412, 0.5461997301318716, 0.7241578845573016, 0.28445354657458777, 0.2328426854221358, 0.40773501692712427, 0.5993876565196186, 0.37895012974720443, 0.19728000855799263, 0.09527816009534741, 0.0]]