[[0.0, 0.26029407743610383, 0.4794709773892291, 0.48356501062551965, 0.594790340024432, 1.0156827212921657, 1.4483289825188859, 1.7228457625884201, 1.9730344813797287, 1.0, 1.4719598108085759, 1.7691660385821055, 2.021056208332071, 0.9283868809340673, 1.2776488219095563, 1.574115880988844, 1.8500576112792277, 0.7871928617072568, 0.7229692275360513, 0.48473321251447404, 0.30220954615090273], [0.26029407743610383, 0.0, 0.26849332394308095, 0.4121950664174636, 0.6285457454618427, 0.8586495769616908, 1.2801090265510917, 1.553572819710794, 1.8034095243154067, 0.9073642955590366, 1.3695853411260237, 1.6643912733059327, 1.9137049946703766, 0.8967312387778408, 1.255931470594039, 1.5544765047507574, 1.825530852565334, 0.8149134341949181, 0.7465774012912777, 0.5392430234131591, 0.39651710256127615], [0.4794709773892291, 0.26849332394308095, 0.0, 0.27551897436562883, 0.5460125463580148, 0.5961591340232272, 1.0128750212019266, 1.285899983335778, 1.535556704306566, 0.6796211155042943, 1.125747568524287, 1.4166750439146043, 1.663376144150815, 0.7188617951321931, 1.0700473194654914, 1.3628536978595944, 1.6258948919941878, 0.7003448663952265, 0.6368723001897464, 0.5018267540010771, 0.4482549484361926], [0.48356501062551965, 0.4121950664174636, 0.27551897436562883, 0.0, 0.2717035134743423, 0.5522519870326107, 0.9837352034645684, 1.2559550463570026, 1.5045803363035701, 0.5191211317907495, 0.9906674264267433, 1.2879228141938777, 1.5396769654619653, 0.48551888352246175, 0.8444007893373133, 1.1428177421801202, 1.4142133649696722, 0.4294463956642501, 0.3647962580371761, 0.25395369147086205, 0.28698710346309797], [0.594790340024432, 0.6285457454618427, 0.5460125463580148, 0.2717035134743423, 0.0, 0.6643718664154137, 1.0609856972993403, 1.3176893927546, 1.5562127733358975, 0.5121711693511302, 0.9550395960280611, 1.2437649960350963, 1.492594054833568, 0.3608428241521386, 0.6894838348961138, 0.98271061551171, 1.2587583533366011, 0.19565485450600797, 0.13359327500757703, 0.1298032650078193, 0.3006564623545228], [1.0156827212921657, 0.8586495769616908, 0.5961591340232272, 0.5522519870326107, 0.6643718664154137, 0.0, 0.4333378815473554, 0.707428110994885, 0.9574641789280776, 0.2680177712771091, 0.5613350957158612, 0.8369717954397305, 1.0772390320308567, 0.4814981496645368, 0.6923107094095297, 0.9306104265629126, 1.1550656474968297, 0.653324221541707, 0.6367719472310992, 0.7246549544477845, 0.8241616511024099], [1.4483289825188859, 1.2801090265510917, 1.0128750212019266, 0.9837352034645684, 1.0609856972993403, 0.4333378815473554, 0.0, 0.27474048044047844, 0.5251512609669858, 0.5641801905811548, 0.41854527571484595, 0.5651762191337568, 0.7565096518779535, 0.7842223924522576, 0.8085553645177461, 0.925438898898938, 1.0629081607508972, 0.999854416504892, 1.002981329584997, 1.1361030159159768, 1.2511421432566823], [1.7228457625884201, 1.553572819710794, 1.285899983335778, 1.2559550463570026, 1.3176893927546, 0.707428110994885, 0.27474048044047844, 0.0, 0.2504490999414437, 0.8098546214622955, 0.5112689983412677, 0.4980268066629693, 0.6052471607540723, 1.0154189095279844, 0.9619152644531668, 1.0009132793241657, 1.0698709422795039, 1.2381868820879876, 1.248870343150268, 1.3984759498178139, 1.5205921358051324], [1.9730344813797287, 1.8034095243154067, 1.535556704306566, 1.5045803363035701, 1.5562127733358975, 0.9574641789280776, 0.5251512609669858, 0.2504490999414437, 0.0, 1.0455537630498069, 0.6848520035007172, 0.5581849926635686, 0.5535853956526975, 1.240504822554694, 1.1400638868270467, 1.122550168419739, 1.1327215375130222, 1.4654005235877339, 1.48078836341535, 1.6404325693127684, 1.767125169636334], [1.0, 0.9073642955590366, 0.6796211155042943, 0.5191211317907495, 0.5121711693511302, 0.2680177712771091, 0.5641801905811548, 0.8098546214622955, 1.0455537630498069, 0.0, 0.4721437786705655, 0.7694419812282404, 1.0213488855260913, 0.22917669891431236, 0.44073031524116874, 0.7077924306492451, 0.9574295983305277, 0.4361997561886673, 0.44242262794182374, 0.6036601492740684, 0.7500348932594051], [1.4719598108085759, 1.3695853411260237, 1.125747568524287, 0.9906674264267433, 0.9550395960280611, 0.5613350957158612, 0.41854527571484595, 0.5112689983412677, 0.6848520035007172, 0.4721437786705655, 0.0, 0.2973799204312707, 0.5492527624097144, 0.603603573880716, 0.45682043484896867, 0.5103378636012538, 0.6528206051147394, 0.8250338326657366, 0.8563046036335844, 1.0570229603319765, 1.215451001234451], [1.7691660385821055, 1.6643912733059327, 1.4166750439146043, 1.2879228141938777, 1.2437649960350963, 0.8369717954397305, 0.5651762191337568, 0.4980268066629693, 0.5581849926635686, 0.7694419812282404, 0.2973799204312707, 0.0, 0.2519997372647909, 0.8869583857928709, 0.6643833817951199, 0.5752883985157794, 0.5812066784025487, 1.1017787562499288, 1.13882129253691, 1.3481707199852528, 1.5100728409626891], [2.021056208332071, 1.9137049946703766, 1.663376144150815, 1.5396769654619653, 1.492594054833568, 1.0772390320308567, 0.7565096518779535, 0.6052471607540723, 0.5535853956526975, 1.0213488855260913, 0.5492527624097144, 0.2519997372647909, 0.0, 1.1343948949749056, 0.8855267961887984, 0.7340086234844422, 0.6419633930802648, 1.3454889514183934, 1.3850729544407119, 1.597959886227879, 1.761249051697411], [0.9283868809340673, 0.8967312387778408, 0.7188617951321931, 0.48551888352246175, 0.3608428241521386, 0.4814981496645368, 0.7842223924522576, 1.0154189095279844, 1.240504822554694, 0.22917669891431236, 0.603603573880716, 0.8869583857928709, 1.1343948949749056, 0.0, 0.3593568197505148, 0.6582047034890303, 0.930882262698304, 0.22555175561543717, 0.25601088088582563, 0.47073860122690997, 0.6451113455320706], [1.2776488219095563, 1.255931470594039, 1.0700473194654914, 0.8444007893373133, 0.6894838348961138, 0.6923107094095297, 0.8085553645177461, 0.9619152644531668, 1.1400638868270467, 0.44073031524116874, 0.45682043484896867, 0.6643833817951199, 0.8855267961887984, 0.3593568197505148, 0.0, 0.29914242929297585, 0.5734914248370236, 0.5071676226630423, 0.5637015203932253, 0.8021909718105394, 0.9848276060675615], [1.574115880988844, 1.5544765047507574, 1.3628536978595944, 1.1428177421801202, 0.98271061551171, 0.9306104265629126, 0.925438898898938, 1.0009132793241657, 1.122550168419739, 0.7077924306492451, 0.5103378636012538, 0.5752883985157794, 0.7340086234844422, 0.6582047034890303, 0.29914242929297585, 0.0, 0.27622715110967855, 0.7949923112371932, 0.8550750772682058, 1.0950366246744005, 1.2788747881953573], [1.8500576112792277, 1.825530852565334, 1.6258948919941878, 1.4142133649696722, 1.2587583533366011, 1.1550656474968297, 1.0629081607508972, 1.0698709422795039, 1.1327215375130222, 0.9574295983305277, 0.6528206051147394, 0.5812066784025487, 0.6419633930802648, 0.930882262698304, 0.5734914248370236, 0.27622715110967855, 0.0, 1.070797555261405, 1.1310437844213663, 1.3709798743112496, 1.5547567498802592], [0.7871928617072568, 0.8149134341949181, 0.7003448663952265, 0.4294463956642501, 0.19565485450600797, 0.653324221541707, 0.999854416504892, 1.2381868820879876, 1.4654005235877339, 0.4361997561886673, 0.8250338326657366, 1.1017787562499288, 1.3454889514183934, 0.22555175561543717, 0.5071676226630423, 0.7949923112371932, 1.070797555261405, 0.0, 0.07427890933991417, 0.30542379016791477, 0.4898960847371351], [0.7229692275360513, 0.7465774012912777, 0.6368723001897464, 0.3647962580371761, 0.13359327500757703, 0.6367719472310992, 1.002981329584997, 1.248870343150268, 1.48078836341535, 0.44242262794182374, 0.8563046036335844, 1.13882129253691, 1.3850729544407119, 0.25601088088582563, 0.5637015203932253, 0.8550750772682058, 1.1310437844213663, 0.07427890933991417, 0.0, 0.24031699792767292, 0.42491075730184436], [0.48473321251447404, 0.5392430234131591, 0.5018267540010771, 0.25395369147086205, 0.1298032650078193, 0.7246549544477845, 1.1361030159159768, 1.3984759498178139, 1.6404325693127684, 0.6036601492740684, 1.0570229603319765, 1.3481707199852528, 1.597959886227879, 0.47073860122690997, 0.8021909718105394, 1.0950366246744005, 1.3709798743112496, 0.30542379016791477, 0.24031699792767292, 0.0, 0.18494064677700262], [0.30220954615090273, 0.39651710256127615, 0.4482549484361926, 0.28698710346309797, 0.3006564623545228, 0.8241616511024099, 1.2511421432566823, 1.5205921358051324, 1.767125169636334, 0.7500348932594051, 1.215451001234451, 1.5100728409626891, 1.761249051697411, 0.6451113455320706, 0.9848276060675615, 1.2788747881953573, 1.5547567498802592, 0.4898960847371351, 0.42491075730184436, 0.18494064677700262, 0.0]]