[[0.0, 0.3554179119885735, 0.6844850473758942, 0.9494045711275418, 1.1337717925597446, 1.0424210274377887, 1.4430256888436015, 1.6190506291852156, 1.7290480860439175, 1.0, 1.377316570309786, 1.26501870204176, 1.1237289342143497, 0.9293559694623247, 1.214584009703642, 1.0214950232815772, 0.8610102224986579, 0.8486233537734185, 1.041453059752546, 0.9005442259165268, 0.7615516778812784], [0.3554179119885735, 0.0, 0.38347321856516126, 0.7055997050461472, 0.918252578372316, 0.8030582450391215, 1.2065662732523208, 1.3842862180370894, 1.4993573779872635, 0.8258626635764208, 1.2080854863901895, 1.0866765668047262, 0.9400321287627442, 0.8305104706121124, 1.1081957419889492, 0.8983745786477338, 0.7265422279481499, 0.8445144246249359, 1.007580506001091, 0.8510322988899998, 0.7013454615866945], [0.6844850473758942, 0.38347321856516126, 0.0, 0.3412202340640855, 0.564257233536854, 0.43644490485331283, 0.8322465994615093, 1.0087843886284948, 1.1248015605644774, 0.5135333093586029, 0.8740399826959164, 0.7510503174971686, 0.6091798937845305, 0.5980141572618372, 0.8344367493221228, 0.6296012711214836, 0.4750685596868838, 0.7144190921526886, 0.8183233820364667, 0.6697366474020048, 0.5435709756113859], [0.9494045711275418, 0.7055997050461472, 0.3412202340640855, 0.0, 0.22560310356625446, 0.1142831395503132, 0.5062540258903158, 0.6831196736311291, 0.7971070487712746, 0.23494328055724029, 0.5443199892730868, 0.423817002197408, 0.2952668435415538, 0.4069152392310613, 0.5566807220059029, 0.38467086173644083, 0.30465306505166356, 0.6103684213723612, 0.6318365229151631, 0.5209530864636261, 0.4616419734762042], [1.1337717925597446, 0.918252578372316, 0.564257233536854, 0.22560310356625446, 0.0, 0.1665402756381807, 0.32693384225075284, 0.497127340001455, 0.6058137491106799, 0.19263378868063424, 0.34620034217978185, 0.23917800714842186, 0.15999200430566857, 0.38481871228844056, 0.4143936885048432, 0.3121613051686081, 0.3432526897664418, 0.618020736740908, 0.5698174037897548, 0.5090555452374721, 0.5143744170461797], [1.0424210274377887, 0.8030582450391215, 0.43644490485331283, 0.1142831395503132, 0.1665402756381807, 0.0, 0.405462983375042, 0.5833436216020398, 0.69773207371997, 0.20730854449954236, 0.4578634142751749, 0.3419500529347851, 0.23120713383799046, 0.4096453185418982, 0.5084797252722213, 0.36498167552764615, 0.3280604380453567, 0.6329097689298933, 0.6236163362892935, 0.5330785300813576, 0.5001241869789478], [1.4430256888436015, 1.2065662732523208, 0.8322465994615093, 0.5062540258903158, 0.32693384225075284, 0.405462983375042, 0.0, 0.1796077238786666, 0.29707397486402454, 0.47830493164401117, 0.3055709061918047, 0.2954694887945758, 0.3681939719821009, 0.6554627350377157, 0.5481790723059643, 0.5586168436010999, 0.6394540703842712, 0.8858715612052598, 0.7858260951451386, 0.7718605712886789, 0.8086588194695513], [1.6190506291852156, 1.3842862180370894, 1.0087843886284948, 0.6831196736311291, 0.497127340001455, 0.5833436216020398, 0.1796077238786666, 0.0, 0.12070435907881355, 0.6419945781620571, 0.3796474317921259, 0.41902046100043605, 0.5229148695745439, 0.8030517337100731, 0.647423015398893, 0.7012549845957643, 0.8015493310380642, 1.0258259484947463, 0.903714727891744, 0.912336380264049, 0.9652750892413604], [1.7290480860439175, 1.4993573779872635, 1.1248015605644774, 0.7971070487712746, 0.6058137491106799, 0.69773207371997, 0.29707397486402454, 0.12070435907881355, 0.0, 0.743920599261092, 0.44453796397306716, 0.5052563811620463, 0.6216161316294219, 0.8929948837895462, 0.7116842804255947, 0.7895817141337669, 0.9012235310314034, 1.108742309277679, 0.973829715127793, 0.996703518805198, 1.0600216168799497], [1.0, 0.8258626635764208, 0.5135333093586029, 0.23494328055724029, 0.19263378868063424, 0.20730854449954236, 0.47830493164401117, 0.6419945781620571, 0.743920599261092, 0.0, 0.3846680558949968, 0.2683678590745966, 0.13077597183035636, 0.2083969135281899, 0.3315806879618991, 0.16271977588496597, 0.16460941664983725, 0.4406643904755166, 0.4165689646444467, 0.3346504380565631, 0.334872607474739], [1.377316570309786, 1.2080854863901895, 0.8740399826959164, 0.5443199892730868, 0.34620034217978185, 0.4578634142751749, 0.3055709061918047, 0.3796474317921259, 0.44453796397306716, 0.3846680558949968, 0.0, 0.1295000654872978, 0.2752818296764703, 0.47634628126670964, 0.2706677489321001, 0.3731428742203143, 0.5185510118841392, 0.6758944161167976, 0.5328053285830581, 0.5667956010113835, 0.6517666630072857], [1.26501870204176, 1.0866765668047262, 0.7510503174971686, 0.423817002197408, 0.23917800714842186, 0.3419500529347851, 0.2954694887945758, 0.41902046100043605, 0.5052563811620463, 0.2683678590745966, 0.1295000654872978, 0.0, 0.1483870695621598, 0.3893385333890069, 0.26171072591394307, 0.28546489020444765, 0.41015773739956546, 0.6080073466195881, 0.49435851767459743, 0.4945204251990641, 0.5584111276410652], [1.1237289342143497, 0.9400321287627442, 0.6091798937845305, 0.2952668435415538, 0.15999200430566857, 0.23120713383799046, 0.3681939719821009, 0.5229148695745439, 0.6216161316294219, 0.13077597183035636, 0.2752818296764703, 0.1483870695621598, 0.0, 0.29512595503837324, 0.3010962723438745, 0.20818629404165326, 0.2808008342472409, 0.5281471920792996, 0.4616535840426986, 0.41560909262023543, 0.44548424995956487], [0.9293559694623247, 0.8305104706121124, 0.5980141572618372, 0.4069152392310613, 0.38481871228844056, 0.4096453185418982, 0.6554627350377157, 0.8030517337100731, 0.8929948837895462, 0.2083969135281899, 0.47634628126670964, 0.3893385333890069, 0.29512595503837324, 0.0, 0.2875266162267049, 0.11068128253356374, 0.13184790803895022, 0.23525974623020665, 0.2310609677487529, 0.1291455617671355, 0.17857298362786891], [1.214584009703642, 1.1081957419889492, 0.8344367493221228, 0.5566807220059029, 0.4143936885048432, 0.5084797252722213, 0.5481790723059643, 0.647423015398893, 0.7116842804255947, 0.3315806879618991, 0.2706677489321001, 0.26171072591394307, 0.3010962723438745, 0.2875266162267049, 0.0, 0.21217052903046166, 0.38352177668336984, 0.431817089203783, 0.2663713127250048, 0.334502669406014, 0.45542347517082205], [1.0214950232815772, 0.8983745786477338, 0.6296012711214836, 0.38467086173644083, 0.3121613051686081, 0.36498167552764615, 0.5586168436010999, 0.7012549845957643, 0.7895817141337669, 0.16271977588496597, 0.3731428742203143, 0.28546489020444765, 0.20818629404165326, 0.11068128253356374, 0.21217052903046166, 0.0, 0.17252900891865397, 0.3300036077604911, 0.26571689756516137, 0.21421872824931731, 0.2798199403981496], [0.8610102224986579, 0.7265422279481499, 0.4750685596868838, 0.30465306505166356, 0.3432526897664418, 0.3280604380453567, 0.6394540703842712, 0.8015493310380642, 0.9012235310314034, 0.16460941664983725, 0.5185510118841392, 0.41015773739956546, 0.2808008342472409, 0.13184790803895022, 0.38352177668336984, 0.17252900891865397, 0.0, 0.31386835083633946, 0.3544029315460606, 0.22394739382372564, 0.17833785208353167], [0.8486233537734185, 0.8445144246249359, 0.7144190921526886, 0.6103684213723612, 0.618020736740908, 0.6329097689298933, 0.8858715612052598, 1.0258259484947463, 1.108742309277679, 0.4406643904755166, 0.6758944161167976, 0.6080073466195881, 0.5281471920792996, 0.23525974623020665, 0.431817089203783, 0.3300036077604911, 0.31386835083633946, 0.0, 0.1985313638702486, 0.11837069033941622, 0.173898931495978], [1.041453059752546, 1.007580506001091, 0.8183233820364667, 0.6318365229151631, 0.5698174037897548, 0.6236163362892935, 0.7858260951451386, 0.903714727891744, 0.973829715127793, 0.4165689646444467, 0.5328053285830581, 0.49435851767459743, 0.4616535840426986, 0.2310609677487529, 0.2663713127250048, 0.26571689756516137, 0.3544029315460606, 0.1985313638702486, 0.0, 0.15799076191421008, 0.30686211566493105], [0.9005442259165268, 0.8510322988899998, 0.6697366474020048, 0.5209530864636261, 0.5090555452374721, 0.5330785300813576, 0.7718605712886789, 0.912336380264049, 0.996703518805198, 0.3346504380565631, 0.5667956010113835, 0.4945204251990641, 0.41560909262023543, 0.1291455617671355, 0.334502669406014, 0.21421872824931731, 0.22394739382372564, 0.11837069033941622, 0.15799076191421008, 0.0, 0.15020546455286074], [0.7615516778812784, 0.7013454615866945, 0.5435709756113859, 0.4616419734762042, 0.5143744170461797, 0.5001241869789478, 0.8086588194695513, 0.9652750892413604, 1.0600216168799497, 0.334872607474739, 0.6517666630072857, 0.5584111276410652, 0.44548424995956487, 0.17857298362786891, 0.45542347517082205, 0.2798199403981496, 0.17833785208353167, 0.173898931495978, 0.30686211566493105, 0.15020546455286074, 0.0]]