[[0.0, 0.4981085158268852, 1.0570763151192524, 1.4497436089055116, 1.6579858804451768, 1.1274907586915817, 1.46728644147242, 1.208406044873941, 1.003909893993359, 1.0, 1.345954154664156, 0.9615419967887611, 0.7231935552491271, 0.9236398957541706, 1.233973041720981, 0.814807538035419, 0.589627272046402, 0.9254527654847858, 1.1113250936078178, 0.8060060251071198, 0.6542021268244457], [0.4981085158268852, 0.0, 0.6607785168216062, 1.1318051700697938, 1.3840714388173005, 0.9098887401477278, 1.27499999033495, 0.9770051426315906, 0.7497411766421156, 0.9179730484591845, 1.2416504436224587, 0.8224627482311486, 0.6061376583132987, 0.9851106140202286, 1.2332395111084637, 0.8132756966835308, 0.6490250368281401, 1.130725283609103, 1.2180323691179444, 0.9414839071470148, 0.8474780309045985], [1.0570763151192524, 0.6607785168216062, 0.0, 0.4973667105319921, 0.7710421147882913, 0.45804740783725917, 0.7620640783726157, 0.4782364769861885, 0.3268230905787356, 0.6704418290074463, 0.8507871352305851, 0.5427892523606609, 0.5372738185067112, 0.9035302352451424, 0.9850372189289333, 0.7357536629999741, 0.7605624543356925, 1.1816173939891113, 1.1172557102465526, 0.9719823958284283, 0.9877762972731026], [1.4497436089055116, 1.1318051700697938, 0.4973667105319921, 0.0, 0.27950828163005087, 0.38935695632450373, 0.39979222594979014, 0.31958677934421087, 0.4535910990090478, 0.6695823753555561, 0.6148246791155111, 0.5957310403438164, 0.7667563830582788, 0.9444904468242977, 0.8556133584119778, 0.8462994671806421, 0.9883732913708673, 1.2503626575938183, 1.083194399396574, 1.0760499822101224, 1.1618789053019323], [1.6579858804451768, 1.3840714388173005, 0.7710421147882913, 0.27950828163005087, 0.0, 0.5354352029193143, 0.3091431186347584, 0.4533470886508835, 0.6579553587512842, 0.7594873587790643, 0.5669975864971405, 0.7291100513953656, 0.9441384735171341, 1.0134445987554017, 0.8371070261690747, 0.9620883952920787, 1.142892931242429, 1.3073872649200728, 1.0964459600819998, 1.164583708923841, 1.278629897472588], [1.1274907586915817, 0.9098887401477278, 0.45804740783725917, 0.38935695632450373, 0.5354352029193143, 0.0, 0.3653687737523269, 0.08437276419111513, 0.16662923969627508, 0.28839459333761164, 0.39383323449899615, 0.2076867099541474, 0.4092978246848938, 0.5637585905621836, 0.5468971500167302, 0.4573823591010027, 0.6129175793004986, 0.8695268771681777, 0.7300102404399105, 0.6883601290417978, 0.7738957946466758], [1.46728644147242, 1.27499999033495, 0.7620640783726157, 0.39979222594979014, 0.3091431186347584, 0.3653687737523269, 0.0, 0.30267274024201163, 0.5276605804952925, 0.4973171266103384, 0.2587257168704466, 0.5063246002097416, 0.7452274236196798, 0.7265496410543988, 0.5291633359421525, 0.7055023610557468, 0.909853267667229, 1.0108082737466426, 0.790646357134402, 0.883740237418809, 1.0119728075337995], [1.208406044873941, 0.9770051426315906, 0.4782364769861885, 0.31958677934421087, 0.4533470886508835, 0.08437276419111513, 0.30267274024201163, 0.0, 0.22759315805474664, 0.35154770423752146, 0.3819885444145582, 0.28521109456592325, 0.4914535212827329, 0.6266379281061178, 0.5721556763352695, 0.5324460495282343, 0.6945547629978853, 0.9326924979025031, 0.7765853782393373, 0.7582870717602593, 0.8505234554812446], [1.003909893993359, 0.7497411766421156, 0.3268230905787356, 0.4535910990090478, 0.6579553587512842, 0.16662923969627508, 0.5276605804952925, 0.22759315805474664, 0.0, 0.3473025929685866, 0.5482413217836383, 0.2226233572496416, 0.3168251813785847, 0.5974092313250565, 0.6595056693034822, 0.448581327981469, 0.5457130156348247, 0.8915228790357023, 0.7986738831977285, 0.6908483706096803, 0.742883302560347], [1.0, 0.9179730484591845, 0.6704418290074463, 0.6695823753555561, 0.7594873587790643, 0.28839459333761164, 0.4973171266103384, 0.35154770423752146, 0.3473025929685866, 0.0, 0.34722050310197794, 0.12967088444985886, 0.31501116477974356, 0.2759299640110943, 0.3338217033598261, 0.20893789417678096, 0.42058511505008306, 0.5820702157624935, 0.4534002146964147, 0.41066356242633106, 0.5201161927522895], [1.345954154664156, 1.2416504436224587, 0.8507871352305851, 0.6148246791155111, 0.5669975864971405, 0.39383323449899615, 0.2587257168704466, 0.3819885444145582, 0.5482413217836383, 0.34722050310197794, 0.0, 0.41977172721535344, 0.6529253262372201, 0.5084388096206155, 0.2714577962973971, 0.5383717822112615, 0.7613051301627971, 0.770753967869764, 0.5369571141366416, 0.6700557668722166, 0.8146497104060082], [0.9615419967887611, 0.8224627482311486, 0.5427892523606609, 0.5957310403438164, 0.7291100513953656, 0.2076867099541474, 0.5063246002097416, 0.28521109456592325, 0.2226233572496416, 0.12967088444985886, 0.41977172721535344, 0.0, 0.24223207320237403, 0.37873698556314683, 0.45852107917770923, 0.2513385641112954, 0.41456632855904857, 0.6789343799545717, 0.5767946855182042, 0.4875256825210712, 0.567127986396079], [0.7231935552491271, 0.6061376583132987, 0.5372738185067112, 0.7667563830582788, 0.9441384735171341, 0.4092978246848938, 0.7452274236196798, 0.4914535212827329, 0.3168251813785847, 0.31501116477974356, 0.6529253262372201, 0.24223207320237403, 0.0, 0.41833360191609203, 0.628916527163499, 0.23421628873042913, 0.233140005678415, 0.6581191137369019, 0.6541206173786798, 0.4455226885531984, 0.45141559053164654], [0.9236398957541706, 0.9851106140202286, 0.9035302352451424, 0.9444904468242977, 1.0134445987554017, 0.5637585905621836, 0.7265496410543988, 0.6266379281061178, 0.5974092313250565, 0.2759299640110943, 0.5084388096206155, 0.37873698556314683, 0.41833360191609203, 0.0, 0.3177267520927901, 0.18468633983708255, 0.3544991758033868, 0.30622291584755384, 0.237294544485515, 0.16275862878097955, 0.3145710895732159], [1.233973041720981, 1.2332395111084637, 0.9850372189289333, 0.8556133584119778, 0.8371070261690747, 0.5468971500167302, 0.5291633359421525, 0.5721556763352695, 0.6595056693034822, 0.3338217033598261, 0.2714577962973971, 0.45852107917770923, 0.628916527163499, 0.3177267520927901, 0.0, 0.4333980564235807, 0.6499277756366436, 0.5208115071517652, 0.2697191319030865, 0.468528578407307, 0.6285566810259255], [0.814807538035419, 0.8132756966835308, 0.7357536629999741, 0.8462994671806421, 0.9620883952920787, 0.4573823591010027, 0.7055023610557468, 0.5324460495282343, 0.448581327981469, 0.20893789417678096, 0.5383717822112615, 0.2513385641112954, 0.23421628873042913, 0.18468633983708255, 0.4333980564235807, 0.0, 0.22557190042291772, 0.44725943025254283, 0.42064480041280594, 0.24253587184795658, 0.31892104665871474], [0.589627272046402, 0.6490250368281401, 0.7605624543356925, 0.9883732913708673, 1.142892931242429, 0.6129175793004986, 0.909853267667229, 0.6945547629978853, 0.5457130156348247, 0.42058511505008306, 0.7613051301627971, 0.41456632855904857, 0.233140005678415, 0.3544991758033868, 0.6499277756366436, 0.22557190042291772, 0.0, 0.4923758794050394, 0.5761472036650219, 0.293371785685935, 0.23581726188499055], [0.9254527654847858, 1.130725283609103, 1.1816173939891113, 1.2503626575938183, 1.3073872649200728, 0.8695268771681777, 1.0108082737466426, 0.9326924979025031, 0.8915228790357023, 0.5820702157624935, 0.770753967869764, 0.6789343799545717, 0.6581191137369019, 0.30622291584755384, 0.5208115071517652, 0.44725943025254283, 0.4923758794050394, 0.0, 0.2677088823467645, 0.21308174155350254, 0.2886144437165639], [1.1113250936078178, 1.2180323691179444, 1.1172557102465526, 1.083194399396574, 1.0964459600819998, 0.7300102404399105, 0.790646357134402, 0.7765853782393373, 0.7986738831977285, 0.4534002146964147, 0.5369571141366416, 0.5767946855182042, 0.6541206173786798, 0.237294544485515, 0.2697191319030865, 0.42064480041280594, 0.5761472036650219, 0.2677088823467645, 0.0, 0.3058572573089985, 0.46083117390397144], [0.8060060251071198, 0.9414839071470148, 0.9719823958284283, 1.0760499822101224, 1.164583708923841, 0.6883601290417978, 0.883740237418809, 0.7582870717602593, 0.6908483706096803, 0.41066356242633106, 0.6700557668722166, 0.4875256825210712, 0.4455226885531984, 0.16275862878097955, 0.468528578407307, 0.24253587184795658, 0.293371785685935, 0.21308174155350254, 0.3058572573089985, 0.0, 0.16268776218847214], [0.6542021268244457, 0.8474780309045985, 0.9877762972731026, 1.1618789053019323, 1.278629897472588, 0.7738957946466758, 1.0119728075337995, 0.8505234554812446, 0.742883302560347, 0.5201161927522895, 0.8146497104060082, 0.567127986396079, 0.45141559053164654, 0.3145710895732159, 0.6285566810259255, 0.31892104665871474, 0.23581726188499055, 0.2886144437165639, 0.46083117390397144, 0.16268776218847214, 0.0]]