[[0.0, 0.4996045116960224, 0.9545979311089506, 1.276364621501007, 1.48409602749944, 1.0764789436115874, 1.3622330139974053, 1.109826214628385, 0.9100642730158832, 1.0, 1.24525788955429, 0.9403227833666918, 0.7501392167852354, 0.9396589686201982, 1.1778261945286206, 0.873832834820313, 0.6846245661768943, 0.9127229962463926, 1.0963329032966411, 0.8827918742252863, 0.7352051501447286], [0.4996045116960224, 0.0, 0.47976346859815067, 0.8260654389767436, 1.0676677802239565, 0.7061005998351171, 0.9979463776377032, 0.7323019096661342, 0.525642737413012, 0.7382447526117875, 0.9695709212571928, 0.6622299066152754, 0.48123648245299955, 0.8086258257066699, 1.0091448476082059, 0.7230604480029286, 0.568617625190983, 0.9212401922247879, 1.03584725150368, 0.8417403053352543, 0.7242258133021369], [0.9545979311089506, 0.47976346859815067, 0.0, 0.35384186675429924, 0.6154294872040666, 0.36546877980167347, 0.6076240552970661, 0.37314458040708504, 0.25742255035188455, 0.549139496178876, 0.6951438103334243, 0.48590602153278084, 0.4400382569250673, 0.7513761314198689, 0.8532930279403544, 0.6782064143545715, 0.6409522829730786, 0.9696447976239297, 0.9895425160944329, 0.86678193753989, 0.8194049948091098], [1.276364621501007, 0.8260654389767436, 0.35384186675429924, 0.0, 0.2750878309424071, 0.317112980543969, 0.35839935662553074, 0.2883723693478666, 0.39594339045727467, 0.5607110605098192, 0.5689531435213488, 0.5374380083266795, 0.6175227321229139, 0.8068341840715181, 0.8059856748906349, 0.7615490746876222, 0.8111506804363953, 1.059379631385344, 1.0080318628282237, 0.9569032239173174, 0.9636566749379893], [1.48409602749944, 1.0676677802239565, 0.6154294872040666, 0.2750878309424071, 0.0, 0.42155340602396896, 0.22622313486413387, 0.38418057376436765, 0.5744538174366893, 0.6093576795856983, 0.49896600913544553, 0.620906111442962, 0.7640294365526907, 0.8429591573124136, 0.7616222605775789, 0.8242018836495092, 0.9280475783295928, 1.0962854896325103, 0.9945425487284913, 1.0025891307238943, 1.048377693117961], [1.0764789436115874, 0.7061005998351171, 0.36546877980167347, 0.317112980543969, 0.42155340602396896, 0.0, 0.2955551843756735, 0.05958665513429415, 0.18593307416782082, 0.24623909420485432, 0.33147961278323157, 0.2254281985339575, 0.3472678397128734, 0.49163239228941275, 0.5193914341659159, 0.44761092708396155, 0.5178079048943521, 0.7441388128726194, 0.7012985782946025, 0.6424309477309497, 0.6568298377795153], [1.3622330139974053, 0.9979463776377032, 0.6076240552970661, 0.35839935662553074, 0.22622313486413387, 0.2955551843756735, 0.0, 0.26654693251781014, 0.4741018267560404, 0.41357548095567864, 0.2731950623430791, 0.44385397883883315, 0.6163655068239943, 0.6317236073688561, 0.5360953935872849, 0.624099755720805, 0.7518357185334594, 0.8812550799402504, 0.770601086817939, 0.7917601773915948, 0.8519248494054701], [1.109826214628385, 0.7323019096661342, 0.37314458040708504, 0.2883723693478666, 0.38418057376436765, 0.05958665513429415, 0.26654693251781014, 0.0, 0.2085740450720904, 0.2737385575205179, 0.33079712956954954, 0.25566602603670663, 0.3801970778139431, 0.5197748364598103, 0.5340673876203287, 0.47755874032636003, 0.5514454200745719, 0.7732607456760473, 0.7237164031098138, 0.6714815826458279, 0.6889407957127089], [0.9100642730158832, 0.525642737413012, 0.25742255035188455, 0.39594339045727467, 0.5744538174366893, 0.18593307416782082, 0.4741018267560404, 0.2085740450720904, 0.0, 0.2969617390043393, 0.4742230021092561, 0.22998058123690593, 0.2259970221555835, 0.49853598183335684, 0.6017121721427227, 0.42871654630647166, 0.42756966207757885, 0.7267713970805885, 0.734593878261488, 0.6225472531073916, 0.5951136156244987], [1.0, 0.7382447526117875, 0.549139496178876, 0.5607110605098192, 0.6093576795856983, 0.24623909420485432, 0.41357548095567864, 0.2737385575205179, 0.2969617390043393, 0.0, 0.24805468701076916, 0.08666525410979803, 0.26730009562047796, 0.24719826057214167, 0.306500447738818, 0.21812064678176996, 0.34658257745913656, 0.5023696161645554, 0.4580786011060922, 0.40348101355325816, 0.4428577975160254], [1.24525788955429, 0.9695709212571928, 0.6951438103334243, 0.5689531435213488, 0.49896600913544553, 0.33147961278323157, 0.2731950623430791, 0.33079712956954954, 0.4742230021092561, 0.24805468701076916, 0.0, 0.3146699100035601, 0.5094823273189703, 0.39292222778214175, 0.26305759745671353, 0.41093193382000726, 0.5773451167543757, 0.6269839801538704, 0.4997860386806999, 0.5469932619144834, 0.6333143864219682], [0.9403227833666918, 0.6622299066152754, 0.48590602153278084, 0.5374380083266795, 0.620906111442962, 0.2254281985339575, 0.44385397883883315, 0.25566602603670663, 0.22998058123690593, 0.08666525410979803, 0.3146699100035601, 0.0, 0.19571765951515577, 0.2797089127415524, 0.3781500794770667, 0.2247199454665812, 0.3097147041426853, 0.5251906013176209, 0.5085329866606505, 0.4216778655956894, 0.4342374644270013], [0.7501392167852354, 0.48123648245299955, 0.4400382569250673, 0.6175227321229139, 0.7640294365526907, 0.3472678397128734, 0.6163655068239943, 0.3801970778139431, 0.2259970221555835, 0.26730009562047796, 0.5094823273189703, 0.19571765951515577, 0.0, 0.3496603896328754, 0.5294301610316645, 0.26531643725898174, 0.20451951345191244, 0.5356494859820566, 0.590713851118671, 0.4354848258366718, 0.37998742407207575], [0.9396589686201982, 0.8086258257066699, 0.7513761314198689, 0.8068341840715181, 0.8429591573124136, 0.49163239228941275, 0.6317236073688561, 0.5197748364598103, 0.49853598183335684, 0.24719826057214167, 0.39292222778214175, 0.2797089127415524, 0.3496603896328754, 0.0, 0.24025404743267237, 0.09075033175505016, 0.26412997213823625, 0.25616909463761955, 0.2428776980056192, 0.16326513437565943, 0.24945555664097877], [1.1778261945286206, 1.0091448476082059, 0.8532930279403544, 0.8059856748906349, 0.7616222605775789, 0.5193914341659159, 0.5360953935872849, 0.5340673876203287, 0.6017121721427227, 0.306500447738818, 0.26305759745671353, 0.3781500794770667, 0.5294301610316645, 0.24025404743267237, 0.0, 0.30750867167969853, 0.4965651033604738, 0.4031644255639998, 0.24209102617366673, 0.3491727346836894, 0.4747825707224257], [0.873832834820313, 0.7230604480029286, 0.6782064143545715, 0.7615490746876222, 0.8242018836495092, 0.44761092708396155, 0.624099755720805, 0.47755874032636003, 0.42871654630647166, 0.21812064678176996, 0.41093193382000726, 0.2247199454665812, 0.26531643725898174, 0.09075033175505016, 0.30750867167969853, 0.0, 0.1900588370168114, 0.30202207119712327, 0.3262529985234074, 0.19784388362275807, 0.2285705919722831], [0.6846245661768943, 0.568617625190983, 0.6409522829730786, 0.8111506804363953, 0.9280475783295928, 0.5178079048943521, 0.7518357185334594, 0.5514454200745719, 0.42756966207757885, 0.34658257745913656, 0.5773451167543757, 0.3097147041426853, 0.20451951345191244, 0.26412997213823625, 0.4965651033604738, 0.1900588370168114, 0.0, 0.3613259454069839, 0.4703880775404071, 0.27436886686271206, 0.1812724034272489], [0.9127229962463926, 0.9212401922247879, 0.9696447976239297, 1.059379631385344, 1.0962854896325103, 0.7441388128726194, 0.8812550799402504, 0.7732607456760473, 0.7267713970805885, 0.5023696161645554, 0.6269839801538704, 0.5251906013176209, 0.5356494859820566, 0.25616909463761955, 0.4031644255639998, 0.30202207119712327, 0.3613259454069839, 0.0, 0.20751735191263088, 0.10522429542216859, 0.2000906107190603], [1.0963329032966411, 1.03584725150368, 0.9895425160944329, 1.0080318628282237, 0.9945425487284913, 0.7012985782946025, 0.770601086817939, 0.7237164031098138, 0.734593878261488, 0.4580786011060922, 0.4997860386806999, 0.5085329866606505, 0.590713851118671, 0.2428776980056192, 0.24209102617366673, 0.3262529985234074, 0.4703880775404071, 0.20751735191263088, 0.0, 0.21478854904403907, 0.3617202020920204], [0.8827918742252863, 0.8417403053352543, 0.86678193753989, 0.9569032239173174, 1.0025891307238943, 0.6424309477309497, 0.7917601773915948, 0.6714815826458279, 0.6225472531073916, 0.40348101355325816, 0.5469932619144834, 0.4216778655956894, 0.4354848258366718, 0.16326513437565943, 0.3491727346836894, 0.19784388362275807, 0.27436886686271206, 0.10522429542216859, 0.21478854904403907, 0.0, 0.1478097245187034], [0.7352051501447286, 0.7242258133021369, 0.8194049948091098, 0.9636566749379893, 1.048377693117961, 0.6568298377795153, 0.8519248494054701, 0.6889407957127089, 0.5951136156244987, 0.4428577975160254, 0.6333143864219682, 0.4342374644270013, 0.37998742407207575, 0.24945555664097877, 0.4747825707224257, 0.2285705919722831, 0.1812724034272489, 0.2000906107190603, 0.3617202020920204, 0.1478097245187034, 0.0]]