[[0.0, 0.5654085574090636, 1.0020475606251817, 1.3595108690975968, 1.589587336228239, 1.093518651590126, 1.434471291480367, 1.360780984772863, 1.2804185794849972, 1.0, 1.3499848929118174, 1.180015718938832, 0.9959056568250431, 0.941799094196068, 1.25615380199087, 1.061620018697389, 0.8584595379061155, 0.9244817630907353, 1.1406758414266462, 1.0147902901813437, 0.8749185895227276], [0.5654085574090636, 0.0, 0.4616354212814581, 0.8411280531688382, 1.1034509011682965, 0.6512733595560212, 0.9933293587380814, 0.904885002034345, 0.8122245157635741, 0.6715229350343632, 0.9939016090335496, 0.8033787687226294, 0.6031611763860785, 0.7618589843290209, 1.0050940618426045, 0.7947413785151646, 0.5982148773690594, 0.9016288370158744, 1.0273609496550289, 0.8944490076786593, 0.7613080157398767], [1.0020475606251817, 0.4616354212814581, 0.0, 0.3833238202153088, 0.6596980479487692, 0.3176428190978997, 0.5949041421774677, 0.49995635688780315, 0.40621437312796865, 0.4917208309519352, 0.6871114586437467, 0.5138497662480355, 0.373651294483499, 0.7080152473962411, 0.8076107182703103, 0.6379485326222039, 0.5401742569376611, 0.9419021135106618, 0.9575996307747552, 0.8527587840724529, 0.7711480229590086], [1.3595108690975968, 0.8411280531688382, 0.3833238202153088, 0.0, 0.28978757904398295, 0.33978232731254565, 0.32183832906969856, 0.2500412370760204, 0.2262659701588071, 0.5663860669666816, 0.5339111880386652, 0.45247064102513285, 0.47018079853948774, 0.8111580793932731, 0.7528775396653811, 0.6731356552571088, 0.6955513938936013, 1.0683180944044204, 0.9940669138870785, 0.9322753420513866, 0.9072778136409315], [1.589587336228239, 1.1034509011682965, 0.6596980479487692, 0.28978757904398295, 0.0, 0.5016028954715237, 0.22315142424849144, 0.25068620806518427, 0.3190338375255443, 0.673355563252756, 0.47061782805215807, 0.501145322134105, 0.6186749457621916, 0.891375281503286, 0.7251259141845197, 0.7290287588743624, 0.826594749381482, 1.138220873771772, 1.0053458404926205, 0.9813525249182109, 0.9983390421606372], [1.093518651590126, 0.6512733595560212, 0.3176428190978997, 0.33978232731254565, 0.5016028954715237, 0.0, 0.3471396719140452, 0.2689634511049877, 0.20422484371515195, 0.23355136528091439, 0.3738440912664608, 0.20165990623652033, 0.15035157240294061, 0.47991781725350513, 0.5005526081997121, 0.36479167934514956, 0.36152134907640177, 0.7361171762183715, 0.6915151056668762, 0.6126429042583389, 0.5749957077554415], [1.434471291480367, 0.9933293587380814, 0.5949041421774677, 0.32183832906969856, 0.22315142424849144, 0.3471396719140452, 0.0, 0.1094456495877771, 0.21070464673800837, 0.471924530313244, 0.2549072726933817, 0.29379588923453176, 0.44202727892952964, 0.6764199606420176, 0.5071694150161672, 0.5137629663544996, 0.6294953455932716, 0.9196988357077348, 0.7850596477966542, 0.7626520940976985, 0.7858923393308972], [1.360780984772863, 0.904885002034345, 0.49995635688780315, 0.2500412370760204, 0.25068620806518427, 0.2689634511049877, 0.1094456495877771, 0.0, 0.10311315060645508, 0.43089970981104975, 0.298721209562433, 0.25979140890600083, 0.3748720632992867, 0.6539942834649669, 0.5311596188456381, 0.49301847632035156, 0.5803251684339039, 0.9048401440547659, 0.7928684566157813, 0.7512204214384995, 0.7565591080184331], [1.2804185794849972, 0.8122245157635741, 0.40621437312796865, 0.2262659701588071, 0.3190338375255443, 0.20422484371515195, 0.21070464673800837, 0.10311315060645508, 0.0, 0.4004122505626844, 0.3596220063603882, 0.2563786070168698, 0.31229799717581, 0.6342176042141153, 0.562523037766958, 0.4821296997662212, 0.5325803490859647, 0.8877707847020203, 0.8014188917105152, 0.7417281418480194, 0.7275716495905655], [1.0, 0.6715229350343632, 0.4917208309519352, 0.5663860669666816, 0.673355563252756, 0.23355136528091439, 0.471924530313244, 0.43089970981104975, 0.4004122505626844, 0.0, 0.3510859279217245, 0.19233713574431022, 0.15025422326675303, 0.24672044692485998, 0.34165637994173226, 0.15487182892105397, 0.16489877758325183, 0.5036754400444626, 0.4703257596764303, 0.382741695079848, 0.34931416611204386], [1.3499848929118174, 0.9939016090335496, 0.6871114586437467, 0.5339111880386652, 0.47061782805215807, 0.3738440912664608, 0.2549072726933817, 0.298721209562433, 0.3596220063603882, 0.3510859279217245, 0.0, 0.1928800609442519, 0.39327634699700864, 0.482777643344494, 0.2555585380075777, 0.3190532746226585, 0.4954800008938616, 0.7018855581439919, 0.5406835684146164, 0.5379513130361152, 0.5906717861867352], [1.180015718938832, 0.8033787687226294, 0.5138497662480355, 0.45247064102513285, 0.501145322134105, 0.20165990623652033, 0.29379588923453176, 0.25979140890600083, 0.2563786070168698, 0.19233713574431022, 0.1928800609442519, 0.0, 0.20195982581200117, 0.39664288914824763, 0.31903447272976443, 0.23390688466286577, 0.34461275241019756, 0.6460957848708664, 0.5474867864139863, 0.49392729404687313, 0.4991140241092966], [0.9959056568250431, 0.6031611763860785, 0.373651294483499, 0.47018079853948774, 0.6186749457621916, 0.15035157240294061, 0.44202727892952964, 0.3748720632992867, 0.31229799717581, 0.15025422326675303, 0.39327634699700864, 0.20195982581200117, 0.0, 0.3712659721598704, 0.4518457726400111, 0.27196353321085504, 0.2286517232493842, 0.6199667206325186, 0.5991105350569832, 0.5027292499317685, 0.44876669366499233], [0.941799094196068, 0.7618589843290209, 0.7080152473962411, 0.8111580793932731, 0.891375281503286, 0.47991781725350513, 0.6764199606420176, 0.6539942834649669, 0.6342176042141153, 0.24672044692485998, 0.482777643344494, 0.39664288914824763, 0.3712659721598704, 0.0, 0.31866849575680384, 0.17336197624548738, 0.1904509329159574, 0.2575814333918386, 0.269578809077581, 0.1521657625203615, 0.12701022832380252], [1.25615380199087, 1.0050940618426045, 0.8076107182703103, 0.7528775396653811, 0.7251259141845197, 0.5005526081997121, 0.5071694150161672, 0.5311596188456381, 0.562523037766958, 0.34165637994173226, 0.2555585380075777, 0.31903447272976443, 0.4518457726400111, 0.31866849575680384, 0.0, 0.21253863860407665, 0.4216422562639768, 0.47929898105548824, 0.2891930776029324, 0.3151048793415041, 0.4089755230238862], [1.061620018697389, 0.7947413785151646, 0.6379485326222039, 0.6731356552571088, 0.7290287588743624, 0.36479167934514956, 0.5137629663544996, 0.49301847632035156, 0.4821296997662212, 0.15487182892105397, 0.3190532746226585, 0.23390688466286577, 0.27196353321085504, 0.17336197624548738, 0.21253863860407665, 0.0, 0.2115927182517977, 0.41385634626422324, 0.3340723324818525, 0.2617993528797373, 0.27623229450234227], [0.8584595379061155, 0.5982148773690594, 0.5401742569376611, 0.6955513938936013, 0.826594749381482, 0.36152134907640177, 0.6294953455932716, 0.5803251684339039, 0.5325803490859647, 0.16489877758325183, 0.4954800008938616, 0.34461275241019756, 0.2286517232493842, 0.1904509329159574, 0.4216422562639768, 0.2115927182517977, 0.0, 0.409886808403717, 0.45077399086088343, 0.3268766144319202, 0.23453198213564808], [0.9244817630907353, 0.9016288370158744, 0.9419021135106618, 1.0683180944044204, 1.138220873771772, 0.7361171762183715, 0.9196988357077348, 0.9048401440547659, 0.8877707847020203, 0.5036754400444626, 0.7018855581439919, 0.6460957848708664, 0.6199667206325186, 0.2575814333918386, 0.47929898105548824, 0.41385634626422324, 0.409886808403717, 0.0, 0.24040875899756334, 0.17427355991224044, 0.18610569609604902], [1.1406758414266462, 1.0273609496550289, 0.9575996307747552, 0.9940669138870785, 1.0053458404926205, 0.6915151056668762, 0.7850596477966542, 0.7928684566157813, 0.8014188917105152, 0.4703257596764303, 0.5406835684146164, 0.5474867864139863, 0.5991105350569832, 0.269578809077581, 0.2891930776029324, 0.3340723324818525, 0.45077399086088343, 0.24040875899756334, 0.0, 0.1366500665599263, 0.28139321374829274], [1.0147902901813437, 0.8944490076786593, 0.8527587840724529, 0.9322753420513866, 0.9813525249182109, 0.6126429042583389, 0.7626520940976985, 0.7512204214384995, 0.7417281418480194, 0.382741695079848, 0.5379513130361152, 0.49392729404687313, 0.5027292499317685, 0.1521657625203615, 0.3151048793415041, 0.2617993528797373, 0.3268766144319202, 0.17427355991224044, 0.1366500665599263, 0.0, 0.14607508378227735], [0.8749185895227276, 0.7613080157398767, 0.7711480229590086, 0.9072778136409315, 0.9983390421606372, 0.5749957077554415, 0.7858923393308972, 0.7565591080184331, 0.7275716495905655, 0.34931416611204386, 0.5906717861867352, 0.4991140241092966, 0.44876669366499233, 0.12701022832380252, 0.4089755230238862, 0.27623229450234227, 0.23453198213564808, 0.18610569609604902, 0.28139321374829274, 0.14607508378227735, 0.0]]