[[[0.0, -0.38941141361782283, -0.6209720600758906, -0.6700370842974879, -0.6815363620609314, -0.41835900234138323, -0.43564406000485145, -0.4407553089165668, -0.4382083486028754, -0.17275625423710242, -0.18097704580032048, -0.2169721816898505, -0.22522544402072536, 0.06510790381536165, 0.07526283309668463, 0.0021245519616833707, -0.02472173538145532, 0.30434793039645663, 0.28695490632659754, 0.19734137759074394, 0.1531467985209442], [0.38941141361782283, 0.0, -0.2315606464580678, -0.28062567067966493, -0.2921249484431081, -0.028947588723560565, -0.0462326463870288, -0.05134389529874384, -0.04879693498505235, 0.21665515938072033, 0.20843436781750235, 0.1724392319279721, 0.16418596959709728, 0.4545193174331844, 0.46467424671450736, 0.3915359655795064, 0.3646896782363674, 0.6937593440142797, 0.6763663199444204, 0.5867527912085667, 0.5425582121387672], [0.6209720600758906, 0.2315606464580678, 0.0, -0.04906502422159708, -0.06056430198504022, 0.20261305773450733, 0.18532800007103906, 0.18021675115932392, 0.18276371147301554, 0.4482158058387882, 0.4399950142755701, 0.4039998783860401, 0.3957466160551653, 0.6860799638912524, 0.6962348931725753, 0.6230966120375742, 0.5962503246944353, 0.9253199904723475, 0.9079269664024882, 0.8183134376666349, 0.774118858596835], [0.6700370842974879, 0.28062567067966493, 0.04906502422159708, 0.0, -0.011499277763443146, 0.25167808195610436, 0.2343930242926361, 0.22928177538092104, 0.23182873569461254, 0.49728083006038515, 0.48906003849716734, 0.4530649026076372, 0.44481164027676223, 0.7351449881128493, 0.7452999173941721, 0.6721616362591711, 0.6453153489160323, 0.9743850146939446, 0.9569919906240852, 0.8673784618882316, 0.8231838828184321], [0.6815363620609314, 0.2921249484431081, 0.06056430198504022, 0.011499277763443146, 0.0, 0.2631773597195474, 0.2458923020560793, 0.24078105314436418, 0.24332801345805571, 0.5087801078238285, 0.5005593162606103, 0.46456418037108016, 0.4563109180402054, 0.7466442658762926, 0.7567991951576157, 0.6836609140226143, 0.6568146266794755, 0.9858842924573878, 0.9684912683875286, 0.8788777396516747, 0.8346831605818754], [0.41835900234138323, 0.028947588723560565, -0.20261305773450733, -0.25167808195610436, -0.2631773597195474, 0.0, -0.017285057663468238, -0.022396306575183326, -0.019849346261491794, 0.24560274810428084, 0.23738195654106295, 0.20138682065153288, 0.19313355832065793, 0.4834669061567451, 0.4936218354380678, 0.4204835543030667, 0.393637266959928, 0.7227069327378404, 0.7053139086679807, 0.6157003799321273, 0.5715058008623276], [0.43564406000485145, 0.0462326463870288, -0.18532800007103906, -0.2343930242926361, -0.2458923020560793, 0.017285057663468238, 0.0, -0.005111248911715084, -0.0025642885980235648, 0.26288780576774906, 0.2546670142045311, 0.21867187831500104, 0.21041861598412612, 0.500751963820213, 0.5109068931015363, 0.437768611966535, 0.4109223246233963, 0.7399919904013081, 0.7225989663314489, 0.6329854375955956, 0.5887908585257957], [0.4407553089165668, 0.05134389529874384, -0.18021675115932392, -0.22928177538092104, -0.24078105314436418, 0.022396306575183326, 0.005111248911715084, 0.0, 0.0025469603136915233, 0.2679990546794642, 0.25977826311624624, 0.2237831272267161, 0.21552986489584117, 0.5058632127319281, 0.5160181420132512, 0.4428798608782501, 0.41603357353511133, 0.7451032393130232, 0.7277102152431643, 0.6380966865073107, 0.5939021074375108], [0.4382083486028754, 0.04879693498505235, -0.18276371147301554, -0.23182873569461254, -0.24332801345805571, 0.019849346261491794, 0.0025642885980235648, -0.0025469603136915233, 0.0, 0.26545209436577266, 0.25723130280255474, 0.22123616691302456, 0.21298290458214975, 0.5033162524182369, 0.5134711816995597, 0.44033290056455854, 0.4134866132214198, 0.7425562789993317, 0.7251632549294724, 0.6355497261936192, 0.5913551471238194], [0.17275625423710242, -0.21665515938072033, -0.4482158058387882, -0.49728083006038515, -0.5087801078238285, -0.24560274810428084, -0.26288780576774906, -0.2679990546794642, -0.26545209436577266, 0.0, -0.008220791563217986, -0.04421592745274815, -0.052469189783622985, 0.237864158052464, 0.24801908733378705, 0.17488080619878585, 0.14803451885564714, 0.47710418463355886, 0.45971116056369987, 0.37009763182784633, 0.32590305275804676], [0.18097704580032048, -0.20843436781750235, -0.4399950142755701, -0.48906003849716734, -0.5005593162606103, -0.23738195654106295, -0.2546670142045311, -0.25977826311624624, -0.25723130280255474, 0.008220791563217986, 0.0, -0.035995135889530176, -0.044248398220404994, 0.24608494961568197, 0.25623987889700506, 0.1831015977620038, 0.1562553104188651, 0.4853249761967769, 0.4679319521269176, 0.37831842339106453, 0.33412384432126474], [0.2169721816898505, -0.1724392319279721, -0.4039998783860401, -0.4530649026076372, -0.46456418037108016, -0.20138682065153288, -0.21867187831500104, -0.2237831272267161, -0.22123616691302456, 0.04421592745274815, 0.035995135889530176, 0.0, -0.008253262330874813, 0.2820800855052122, 0.2922350147865353, 0.21909673365153393, 0.19225044630839527, 0.5213201120863071, 0.503927088016448, 0.41431355928059477, 0.3701189802107948], [0.22522544402072536, -0.16418596959709728, -0.3957466160551653, -0.44481164027676223, -0.4563109180402054, -0.19313355832065793, -0.21041861598412612, -0.21552986489584117, -0.21298290458214975, 0.052469189783622985, 0.044248398220404994, 0.008253262330874813, 0.0, 0.290333347836087, 0.30048827711741, 0.2273499959824087, 0.2005037086392701, 0.5295733744171819, 0.512180350347323, 0.4225668216114695, 0.3783722425416698], [-0.06510790381536165, -0.4545193174331844, -0.6860799638912524, -0.7351449881128493, -0.7466442658762926, -0.4834669061567451, -0.500751963820213, -0.5058632127319281, -0.5033162524182369, -0.237864158052464, -0.24608494961568197, -0.2820800855052122, -0.290333347836087, 0.0, 0.010154929281322998, -0.06298335185367825, -0.08982963919681698, 0.2392400265810949, 0.22184700251123585, 0.13223347377538233, 0.08803889470558263], [-0.07526283309668463, -0.46467424671450736, -0.6962348931725753, -0.7452999173941721, -0.7567991951576157, -0.4936218354380678, -0.5109068931015363, -0.5160181420132512, -0.5134711816995597, -0.24801908733378705, -0.25623987889700506, -0.2922350147865353, -0.30048827711741, -0.010154929281322998, 0.0, -0.07313828113500125, -0.09998456847813994, 0.22908509729977208, 0.21169207322991285, 0.12207854449405939, 0.07788396542425963], [-0.0021245519616833707, -0.3915359655795064, -0.6230966120375742, -0.6721616362591711, -0.6836609140226143, -0.4204835543030667, -0.437768611966535, -0.4428798608782501, -0.44033290056455854, -0.17488080619878585, -0.1831015977620038, -0.21909673365153393, -0.2273499959824087, 0.06298335185367825, 0.07313828113500125, 0.0, -0.026846287343138667, 0.3022233784347732, 0.28483035436491416, 0.19521682562906068, 0.15102224655926094], [0.02472173538145532, -0.3646896782363674, -0.5962503246944353, -0.6453153489160323, -0.6568146266794755, -0.393637266959928, -0.4109223246233963, -0.41603357353511133, -0.4134866132214198, -0.14803451885564714, -0.1562553104188651, -0.19225044630839527, -0.2005037086392701, 0.08982963919681698, 0.09998456847813994, 0.026846287343138667, 0.0, 0.3290696657779118, 0.31167664170805276, 0.22206311297219933, 0.17786853390239962], [-0.30434793039645663, -0.6937593440142797, -0.9253199904723475, -0.9743850146939446, -0.9858842924573878, -0.7227069327378404, -0.7399919904013081, -0.7451032393130232, -0.7425562789993317, -0.47710418463355886, -0.4853249761967769, -0.5213201120863071, -0.5295733744171819, -0.2392400265810949, -0.22908509729977208, -0.3022233784347732, -0.3290696657779118, 0.0, -0.017393024069859132, -0.10700655280571258, -0.15120113187551232], [-0.28695490632659754, -0.6763663199444204, -0.9079269664024882, -0.9569919906240852, -0.9684912683875286, -0.7053139086679807, -0.7225989663314489, -0.7277102152431643, -0.7251632549294724, -0.45971116056369987, -0.4679319521269176, -0.503927088016448, -0.512180350347323, -0.22184700251123585, -0.21169207322991285, -0.28483035436491416, -0.31167664170805276, 0.017393024069859132, 0.0, -0.08961352873585343, -0.13380810780565322], [-0.19734137759074394, -0.5867527912085667, -0.8183134376666349, -0.8673784618882316, -0.8788777396516747, -0.6157003799321273, -0.6329854375955956, -0.6380966865073107, -0.6355497261936192, -0.37009763182784633, -0.37831842339106453, -0.41431355928059477, -0.4225668216114695, -0.13223347377538233, -0.12207854449405939, -0.19521682562906068, -0.22206311297219933, 0.10700655280571258, 0.08961352873585343, 0.0, -0.04419457906979979], [-0.1531467985209442, -0.5425582121387672, -0.774118858596835, -0.8231838828184321, -0.8346831605818754, -0.5715058008623276, -0.5887908585257957, -0.5939021074375108, -0.5913551471238194, -0.32590305275804676, -0.33412384432126474, -0.3701189802107948, -0.3783722425416698, -0.08803889470558263, -0.07788396542425963, -0.15102224655926094, -0.17786853390239962, 0.15120113187551232, 0.13380810780565322, 0.04419457906979979, 0.0]], [[0.0, -0.38941141361782283, -0.6209720600758906, -0.6700370842974879, -0.6815363620609314, -0.41835900234138323, -0.43564406000485145, -0.4407553089165668, -0.4382083486028754, -0.17275625423710242, -0.18097704580032048, -0.2169721816898505, -0.22522544402072536, 0.06510790381536165, 0.07526283309668463, 0.0021245519616833707, -0.02472173538145532, 0.30434793039645663, 0.28695490632659754, 0.19734137759074394, 0.1531467985209442], [0.38941141361782283, 0.0, -0.2315606464580678, -0.28062567067966493, -0.2921249484431081, -0.028947588723560565, -0.0462326463870288, -0.05134389529874384, -0.04879693498505235, 0.21665515938072033, 0.20843436781750235, 0.1724392319279721, 0.16418596959709728, 0.4545193174331844, 0.46467424671450736, 0.3915359655795064, 0.3646896782363674, 0.6937593440142797, 0.6763663199444204, 0.5867527912085667, 0.5425582121387672], [0.6209720600758906, 0.2315606464580678, 0.0, -0.04906502422159708, -0.06056430198504022, 0.20261305773450733, 0.18532800007103906, 0.18021675115932392, 0.18276371147301554, 0.4482158058387882, 0.4399950142755701, 0.4039998783860401, 0.3957466160551653, 0.6860799638912524, 0.6962348931725753, 0.6230966120375742, 0.5962503246944353, 0.9253199904723475, 0.9079269664024882, 0.8183134376666349, 0.774118858596835], [0.6700370842974879, 0.28062567067966493, 0.04906502422159708, 0.0, -0.011499277763443146, 0.25167808195610436, 0.2343930242926361, 0.22928177538092104, 0.23182873569461254, 0.49728083006038515, 0.48906003849716734, 0.4530649026076372, 0.44481164027676223, 0.7351449881128493, 0.7452999173941721, 0.6721616362591711, 0.6453153489160323, 0.9743850146939446, 0.9569919906240852, 0.8673784618882316, 0.8231838828184321], [0.6815363620609314, 0.2921249484431081, 0.06056430198504022, 0.011499277763443146, 0.0, 0.2631773597195474, 0.2458923020560793, 0.24078105314436418, 0.24332801345805571, 0.5087801078238285, 0.5005593162606103, 0.46456418037108016, 0.4563109180402054, 0.7466442658762926, 0.7567991951576157, 0.6836609140226143, 0.6568146266794755, 0.9858842924573878, 0.9684912683875286, 0.8788777396516747, 0.8346831605818754], [0.41835900234138323, 0.028947588723560565, -0.20261305773450733, -0.25167808195610436, -0.2631773597195474, 0.0, -0.017285057663468238, -0.022396306575183326, -0.019849346261491794, 0.24560274810428084, 0.23738195654106295, 0.20138682065153288, 0.19313355832065793, 0.4834669061567451, 0.4936218354380678, 0.4204835543030667, 0.393637266959928, 0.7227069327378404, 0.7053139086679807, 0.6157003799321273, 0.5715058008623276], [0.43564406000485145, 0.0462326463870288, -0.18532800007103906, -0.2343930242926361, -0.2458923020560793, 0.017285057663468238, 0.0, -0.005111248911715084, -0.0025642885980235648, 0.26288780576774906, 0.2546670142045311, 0.21867187831500104, 0.21041861598412612, 0.500751963820213, 0.5109068931015363, 0.437768611966535, 0.4109223246233963, 0.7399919904013081, 0.7225989663314489, 0.6329854375955956, 0.5887908585257957], [0.4407553089165668, 0.05134389529874384, -0.18021675115932392, -0.22928177538092104, -0.24078105314436418, 0.022396306575183326, 0.005111248911715084, 0.0, 0.0025469603136915233, 0.2679990546794642, 0.25977826311624624, 0.2237831272267161, 0.21552986489584117, 0.5058632127319281, 0.5160181420132512, 0.4428798608782501, 0.41603357353511133, 0.7451032393130232, 0.7277102152431643, 0.6380966865073107, 0.5939021074375108], [0.4382083486028754, 0.04879693498505235, -0.18276371147301554, -0.23182873569461254, -0.24332801345805571, 0.019849346261491794, 0.0025642885980235648, -0.0025469603136915233, 0.0, 0.26545209436577266, 0.25723130280255474, 0.22123616691302456, 0.21298290458214975, 0.5033162524182369, 0.5134711816995597, 0.44033290056455854, 0.4134866132214198, 0.7425562789993317, 0.7251632549294724, 0.6355497261936192, 0.5913551471238194], [0.17275625423710242, -0.21665515938072033, -0.4482158058387882, -0.49728083006038515, -0.5087801078238285, -0.24560274810428084, -0.26288780576774906, -0.2679990546794642, -0.26545209436577266, 0.0, -0.008220791563217986, -0.04421592745274815, -0.052469189783622985, 0.237864158052464, 0.24801908733378705, 0.17488080619878585, 0.14803451885564714, 0.47710418463355886, 0.45971116056369987, 0.37009763182784633, 0.32590305275804676], [0.18097704580032048, -0.20843436781750235, -0.4399950142755701, -0.48906003849716734, -0.5005593162606103, -0.23738195654106295, -0.2546670142045311, -0.25977826311624624, -0.25723130280255474, 0.008220791563217986, 0.0, -0.035995135889530176, -0.044248398220404994, 0.24608494961568197, 0.25623987889700506, 0.1831015977620038, 0.1562553104188651, 0.4853249761967769, 0.4679319521269176, 0.37831842339106453, 0.33412384432126474], [0.2169721816898505, -0.1724392319279721, -0.4039998783860401, -0.4530649026076372, -0.46456418037108016, -0.20138682065153288, -0.21867187831500104, -0.2237831272267161, -0.22123616691302456, 0.04421592745274815, 0.035995135889530176, 0.0, -0.008253262330874813, 0.2820800855052122, 0.2922350147865353, 0.21909673365153393, 0.19225044630839527, 0.5213201120863071, 0.503927088016448, 0.41431355928059477, 0.3701189802107948], [0.22522544402072536, -0.16418596959709728, -0.3957466160551653, -0.44481164027676223, -0.4563109180402054, -0.19313355832065793, -0.21041861598412612, -0.21552986489584117, -0.21298290458214975, 0.052469189783622985, 0.044248398220404994, 0.008253262330874813, 0.0, 0.290333347836087, 0.30048827711741, 0.2273499959824087, 0.2005037086392701, 0.5295733744171819, 0.512180350347323, 0.4225668216114695, 0.3783722425416698], [-0.06510790381536165, -0.4545193174331844, -0.6860799638912524, -0.7351449881128493, -0.7466442658762926, -0.4834669061567451, -0.500751963820213, -0.5058632127319281, -0.5033162524182369, -0.237864158052464, -0.24608494961568197, -0.2820800855052122, -0.290333347836087, 0.0, 0.010154929281322998, -0.06298335185367825, -0.08982963919681698, 0.2392400265810949, 0.22184700251123585, 0.13223347377538233, 0.08803889470558263], [-0.07526283309668463, -0.46467424671450736, -0.6962348931725753, -0.7452999173941721, -0.7567991951576157, -0.4936218354380678, -0.5109068931015363, -0.5160181420132512, -0.5134711816995597, -0.24801908733378705, -0.25623987889700506, -0.2922350147865353, -0.30048827711741, -0.010154929281322998, 0.0, -0.07313828113500125, -0.09998456847813994, 0.22908509729977208, 0.21169207322991285, 0.12207854449405939, 0.07788396542425963], [-0.0021245519616833707, -0.3915359655795064, -0.6230966120375742, -0.6721616362591711, -0.6836609140226143, -0.4204835543030667, -0.437768611966535, -0.4428798608782501, -0.44033290056455854, -0.17488080619878585, -0.1831015977620038, -0.21909673365153393, -0.2273499959824087, 0.06298335185367825, 0.07313828113500125, 0.0, -0.026846287343138667, 0.3022233784347732, 0.28483035436491416, 0.19521682562906068, 0.15102224655926094], [0.02472173538145532, -0.3646896782363674, -0.5962503246944353, -0.6453153489160323, -0.6568146266794755, -0.393637266959928, -0.4109223246233963, -0.41603357353511133, -0.4134866132214198, -0.14803451885564714, -0.1562553104188651, -0.19225044630839527, -0.2005037086392701, 0.08982963919681698, 0.09998456847813994, 0.026846287343138667, 0.0, 0.3290696657779118, 0.31167664170805276, 0.22206311297219933, 0.17786853390239962], [-0.30434793039645663, -0.6937593440142797, -0.9253199904723475, -0.9743850146939446, -0.9858842924573878, -0.7227069327378404, -0.7399919904013081, -0.7451032393130232, -0.7425562789993317, -0.47710418463355886, -0.4853249761967769, -0.5213201120863071, -0.5295733744171819, -0.2392400265810949, -0.22908509729977208, -0.3022233784347732, -0.3290696657779118, 0.0, -0.017393024069859132, -0.10700655280571258, -0.15120113187551232], [-0.28695490632659754, -0.6763663199444204, -0.9079269664024882, -0.9569919906240852, -0.9684912683875286, -0.7053139086679807, -0.7225989663314489, -0.7277102152431643, -0.7251632549294724, -0.45971116056369987, -0.4679319521269176, -0.503927088016448, -0.512180350347323, -0.22184700251123585, -0.21169207322991285, -0.28483035436491416, -0.31167664170805276, 0.017393024069859132, 0.0, -0.08961352873585343, -0.13380810780565322], [-0.19734137759074394, -0.5867527912085667, -0.8183134376666349, -0.8673784618882316, -0.8788777396516747, -0.6157003799321273, -0.6329854375955956, -0.6380966865073107, -0.6355497261936192, -0.37009763182784633, -0.37831842339106453, -0.41431355928059477, -0.4225668216114695, -0.13223347377538233, -0.12207854449405939, -0.19521682562906068, -0.22206311297219933, 0.10700655280571258, 0.08961352873585343, 0.0, -0.04419457906979979], [-0.1531467985209442, -0.5425582121387672, -0.774118858596835, -0.8231838828184321, -0.8346831605818754, -0.5715058008623276, -0.5887908585257957, -0.5939021074375108, -0.5913551471238194, -0.32590305275804676, -0.33412384432126474, -0.3701189802107948, -0.3783722425416698, -0.08803889470558263, -0.07788396542425963, -0.15102224655926094, -0.17786853390239962, 0.15120113187551232, 0.13380810780565322, 0.04419457906979979, 0.0]]]