[[0.0, 0.40933009162872175, 0.7757238498868992, 1.0729332991175187, 1.2992936189546058, 1.010863592188276, 1.4360253175436335, 1.6976373596776104, 1.916352977317041, 1.0, 1.4421608109540898, 1.721792383798283, 1.9583651595239702, 0.9574593078389075, 1.3594596700689427, 1.628373621995023, 1.8484179943716603, 0.8941429674712538, 1.1977137150599306, 1.3967162113044624, 1.5721013376913044], [0.40933009162872175, 0.0, 0.38926301024203314, 0.7071355800892385, 0.9523289784501222, 0.7112517249124857, 1.1251321889488624, 1.3846105395559603, 1.6040389391765881, 0.7630535676559999, 1.1713459875163401, 1.4429126427183343, 1.6738097960864358, 0.797048031143372, 1.1433758985936195, 1.3931414725794549, 1.5992095340566206, 0.8361826138169267, 1.0752411225298613, 1.2407116366440958, 1.389730444319242], [0.7757238498868992, 0.38926301024203314, 0.0, 0.32242397938789824, 0.5742464712109103, 0.39847829617690594, 0.7692235298060076, 1.0210568018003885, 1.23789599803533, 0.5211288802206591, 0.8486628382311792, 1.1035325484508818, 1.3254013267596587, 0.63939717985632, 0.8759705227590548, 1.092757306084059, 1.2797740382187772, 0.7801025283856785, 0.9116091202077402, 1.0259233876369018, 1.1388143784663105], [1.0729332991175187, 0.7071355800892385, 0.32242397938789824, 0.0, 0.2544905075716466, 0.24536222265497415, 0.468527960781431, 0.7082292964725445, 0.9218000256279036, 0.4216808029463594, 0.5833378282560386, 0.8108445287761131, 1.0216270921375321, 0.6008375370838616, 0.6736139604235655, 0.8395828069057366, 1.0020335379615255, 0.8059765842632483, 0.8168604186375257, 0.8668352175463113, 0.9344423946188641], [1.2992936189546058, 0.9523289784501222, 0.5742464712109103, 0.2544905075716466, 0.0, 0.3245963784229251, 0.23578029560526353, 0.455911879730523, 0.6676374818452048, 0.45796482500542773, 0.3910243007883588, 0.5747848366206482, 0.7739224129589962, 0.6417308254882538, 0.5468998593549389, 0.6435366317792031, 0.7764561202819789, 0.867141651521604, 0.7792759291167528, 0.7648658575130605, 0.7833554333883492], [1.010863592188276, 0.7112517249124857, 0.39847829617690594, 0.24536222265497415, 0.3245963784229251, 0.0, 0.42538707576944396, 0.6872774256620373, 0.9066041323067067, 0.17642963939470152, 0.46181094143991047, 0.7317517623937196, 0.9637222760363167, 0.3581858659227577, 0.47969129555536627, 0.6970289931316829, 0.8926043128756007, 0.5715471821926343, 0.575456545649202, 0.6473438368364836, 0.7438855894989779], [1.4360253175436335, 1.1251321889488624, 0.7692235298060076, 0.468527960781431, 0.23578029560526353, 0.42538707576944396, 0.0, 0.2619923798324119, 0.481622845296315, 0.47847460959567345, 0.18132443747833465, 0.34292366698039006, 0.5564006778349783, 0.6299871608630684, 0.38548228220180797, 0.4160800488782602, 0.5411078768644068, 0.8502225908237403, 0.6782361928383187, 0.6058716203147744, 0.5821336844854096], [1.6976373596776104, 1.3846105395559603, 1.0210568018003885, 0.7082292964725445, 0.455911879730523, 0.6872774256620373, 0.2619923798324119, 0.0, 0.21986406749885185, 0.726543275614291, 0.3144728354682218, 0.19270626909083685, 0.32407751937910617, 0.8582818501372386, 0.5219788476526227, 0.3928742563935289, 0.39537656311080377, 1.066982042961081, 0.8426344919688049, 0.711022941063697, 0.614337428816466], [1.916352977317041, 1.6040389391765881, 1.23789599803533, 0.9218000256279036, 0.6676374818452048, 0.9066041323067067, 0.481622845296315, 0.21986406749885185, 0.0, 0.9376506252067065, 0.5052958231394847, 0.2656903059315007, 0.185591070967967, 1.0572414794632299, 0.687331434144821, 0.48430839688305594, 0.37165905533454313, 1.256405589232953, 1.0050658940443173, 0.8438226752501958, 0.7074417936594376], [1.0, 0.7630535676559999, 0.5211288802206591, 0.4216808029463594, 0.45796482500542773, 0.17642963939470152, 0.47847460959567345, 0.726543275614291, 0.9376506252067065, 0.0, 0.444602598899025, 0.7241205293807481, 0.9609744105826798, 0.18726773984267936, 0.3803663946892564, 0.6360835275031997, 0.8512542904611256, 0.40999479183100335, 0.40510432484512626, 0.5053694243653714, 0.6319209523634978], [1.4421608109540898, 1.1713459875163401, 0.8486628382311792, 0.5833378282560386, 0.3910243007883588, 0.46181094143991047, 0.18132443747833465, 0.3144728354682218, 0.5052958231394847, 0.444602598899025, 0.0, 0.27978210344671994, 0.5166054911969858, 0.5519891713662557, 0.2193787066413301, 0.25728072651209116, 0.43172790238712855, 0.7543676407990936, 0.5338075809082562, 0.4325288092559649, 0.40155314347788507], [1.721792383798283, 1.4429126427183343, 1.1035325484508818, 0.8108445287761131, 0.5747848366206482, 0.7317517623937196, 0.34292366698039006, 0.19270626909083685, 0.2656903059315007, 0.7241205293807481, 0.27978210344671994, 0.0, 0.23688351266141947, 0.8194600414651082, 0.42931443259296104, 0.22340795534283978, 0.21132130737106286, 1.0066194213233361, 0.7426114778782427, 0.5782569001293464, 0.44956027229889733], [1.9583651595239702, 1.6738097960864358, 1.3254013267596587, 1.0216270921375321, 0.7739224129589962, 0.9637222760363167, 0.5564006778349783, 0.32407751937910617, 0.185591070967967, 0.9609744105826798, 0.5166054911969858, 0.23688351266141947, 0.0, 1.0519535884180282, 0.6512745939695372, 0.4009234768402433, 0.22157482568617673, 1.2312341663995816, 0.9508835133759865, 0.7656351445666479, 0.6030113763182435], [0.9574593078389075, 0.797048031143372, 0.63939717985632, 0.6008375370838616, 0.6417308254882538, 0.3581858659227577, 0.6299871608630684, 0.8582818501372386, 1.0572414794632299, 0.18726773984267936, 0.5519891713662557, 0.8194600414651082, 1.0519535884180282, 0.0, 0.41224283211177865, 0.6846715435108954, 0.9090812269294395, 0.22633259438037037, 0.2819479959685866, 0.44869091180313686, 0.6156239306916972], [1.3594596700689427, 1.1433758985936195, 0.8759705227590548, 0.6736139604235655, 0.5468998593549389, 0.47969129555536627, 0.38548228220180797, 0.5219788476526227, 0.687331434144821, 0.3803663946892564, 0.2193787066413301, 0.42931443259296104, 0.6512745939695372, 0.41224283211177865, 0.0, 0.27245938938407693, 0.4969163992271468, 0.5800137779941399, 0.32114130665679674, 0.22207121064155827, 0.26466948357998116], [1.628373621995023, 1.3931414725794549, 1.092757306084059, 0.8395828069057366, 0.6435366317792031, 0.6970289931316829, 0.4160800488782602, 0.3928742563935289, 0.48430839688305594, 0.6360835275031997, 0.25728072651209116, 0.22340795534283978, 0.4009234768402433, 0.6846715435108954, 0.27245938938407693, 0.0, 0.22480432150610127, 0.8428616156570959, 0.5514014993021721, 0.36623828675046427, 0.22634584052771742], [1.8484179943716603, 1.5992095340566206, 1.2797740382187772, 1.0020335379615255, 0.7764561202819789, 0.8926043128756007, 0.5411078768644068, 0.39537656311080377, 0.37165905533454313, 0.8512542904611256, 0.43172790238712855, 0.21132130737106286, 0.22157482568617673, 0.9090812269294395, 0.4969163992271468, 0.22480432150610127, 0.0, 1.0657072263988447, 0.766915387661597, 0.5680728158098708, 0.3923243504271258], [0.8941429674712538, 0.8361826138169267, 0.7801025283856785, 0.8059765842632483, 0.867141651521604, 0.5715471821926343, 0.8502225908237403, 1.066982042961081, 1.256405589232953, 0.40999479183100335, 0.7543676407990936, 1.0066194213233361, 1.2312341663995816, 0.22633259438037037, 0.5800137779941399, 0.8428616156570959, 1.0657072263988447, 0.0, 0.3199190489331712, 0.5320463755059033, 0.7211339271968498], [1.1977137150599306, 1.0752411225298613, 0.9116091202077402, 0.8168604186375257, 0.7792759291167528, 0.575456545649202, 0.6782361928383187, 0.8426344919688049, 1.0050658940443173, 0.40510432484512626, 0.5338075809082562, 0.7426114778782427, 0.9508835133759865, 0.2819479959685866, 0.32114130665679674, 0.5514014993021721, 0.766915387661597, 0.3199190489331712, 0.0, 0.2130742904693419, 0.4037093949374836], [1.3967162113044624, 1.2407116366440958, 1.0259233876369018, 0.8668352175463113, 0.7648658575130605, 0.6473438368364836, 0.6058716203147744, 0.711022941063697, 0.8438226752501958, 0.5053694243653714, 0.4325288092559649, 0.5782569001293464, 0.7656351445666479, 0.44869091180313686, 0.22207121064155827, 0.36623828675046427, 0.5680728158098708, 0.5320463755059033, 0.2130742904693419, 0.0, 0.1911550341118401], [1.5721013376913044, 1.389730444319242, 1.1388143784663105, 0.9344423946188641, 0.7833554333883492, 0.7438855894989779, 0.5821336844854096, 0.614337428816466, 0.7074417936594376, 0.6319209523634978, 0.40155314347788507, 0.44956027229889733, 0.6030113763182435, 0.6156239306916972, 0.26466948357998116, 0.22634584052771742, 0.3923243504271258, 0.7211339271968498, 0.4037093949374836, 0.1911550341118401, 0.0]]