[[0.0, 0.34901924150301733, 0.7182689157277856, 0.9951051981146876, 1.2300012180936513, 1.015256635116023, 1.3967266413681458, 1.6259597689443914, 1.8147043781439833, 1.0, 1.410804521464503, 1.665044340157193, 1.872175712657517, 0.9571955885746316, 1.3391938646377346, 1.579702509566931, 1.7730609064493192, 0.8974102046799177, 1.1897987502019496, 1.3740014141763428, 1.5378234050006845], [0.34901924150301733, 0.0, 0.38495812716773936, 0.6844665007842567, 0.9378481794644807, 0.7584892100528982, 1.1447546160350532, 1.3778873198212198, 1.569821326151917, 0.7979060635172798, 1.199777371682237, 1.453496365066149, 1.6594027625536483, 0.8192161695956198, 1.1745352598445, 1.4042534777187876, 1.5894942439381463, 0.8416982754098966, 1.0906514460482601, 1.255912523981631, 1.4056913356720526], [0.7182689157277856, 0.38495812716773936, 0.0, 0.31142802655105517, 0.5745038622778328, 0.45103587864942724, 0.8152402702354954, 1.0448767768462894, 1.2355659587952423, 0.5628709989777327, 0.9132014549582769, 1.1553302446841718, 1.3541008464853854, 0.667159987017578, 0.9439884836463892, 1.1472789845022853, 1.3162847339721506, 0.7867323663590677, 0.9462373158212352, 1.0737375383502135, 1.1973409053313433], [0.9951051981146876, 0.6844665007842567, 0.31142802655105517, 0.0, 0.2646165269205972, 0.23435950654234505, 0.5242446298633519, 0.7466679135329994, 0.9347441260063986, 0.4119360311295485, 0.6566870901238296, 0.8801941212604638, 1.0701906377586041, 0.5809023940687242, 0.7390054704446777, 0.9064232383439662, 1.056823046427492, 0.7664089146335737, 0.8227476906053803, 0.9039195695289939, 0.9965138161491138], [1.2300012180936513, 0.9378481794644807, 0.5745038622778328, 0.2646165269205972, 0.0, 0.25573017067669895, 0.2859940078695966, 0.4910975858407685, 0.6751591285814009, 0.40946091439862314, 0.4608862332402186, 0.6487228436911423, 0.825679643996764, 0.596321114404601, 0.6016268278993726, 0.7141560646505554, 0.8383589173329362, 0.8102308065983109, 0.7656027946145495, 0.7912987006802666, 0.8444716577094986], [1.015256635116023, 0.7584892100528982, 0.45103587864942724, 0.23435950654234505, 0.25573017067669895, 0.0, 0.3870573975501405, 0.6200764183490578, 0.8119516794976928, 0.18568394843794878, 0.46250921530020217, 0.7073784044319522, 0.9094534507042675, 0.3686547626908821, 0.5129799607723389, 0.6998761707283399, 0.8660198417183431, 0.5732288905675602, 0.5923465187517399, 0.6717968388376242, 0.771002867647991], [1.3967266413681458, 1.1447546160350532, 0.8152402702354954, 0.5242446298633519, 0.2859940078695966, 0.3870573975501405, 0.0, 0.23334908401356466, 0.4255356766024716, 0.4252664678021187, 0.20543696399818454, 0.3635929831383701, 0.5466895153292912, 0.5714078018537829, 0.3970681355538827, 0.44471370624788703, 0.5543299063473502, 0.7802584359336227, 0.6307514315161258, 0.5931175571881199, 0.6035676909152081], [1.6259597689443914, 1.3778873198212198, 1.0448767768462894, 0.7466679135329994, 0.4910975858407685, 0.6200764183490578, 0.23334908401356466, 0.0, 0.1922826430779908, 0.6392019554188492, 0.27952752604888753, 0.22155518433268906, 0.3450536792519812, 0.7589864109343258, 0.4779257818997471, 0.39456622414303333, 0.4177283049329174, 0.9525792997554074, 0.7452421931747709, 0.6487317546015379, 0.595508629603966], [1.8147043781439833, 1.569821326151917, 1.2355659587952423, 0.9347441260063986, 0.6751591285814009, 0.8119516794976928, 0.4255356766024716, 0.1922826430779908, 0.0, 0.8220658933925918, 0.4331131935544714, 0.24562019794936252, 0.22467938372412127, 0.9270466720383906, 0.6037962357565099, 0.4459859741906442, 0.37790893511029283, 1.1087069614314113, 0.8723391769447177, 0.7440206556665379, 0.6500200906638764], [1.0, 0.7979060635172798, 0.5628709989777327, 0.4119360311295485, 0.40946091439862314, 0.18568394843794878, 0.4252664678021187, 0.6392019554188492, 0.8220658933925918, 0.0, 0.41132468310520864, 0.6663309563854222, 0.8737618521924685, 0.18818612432163462, 0.3857874080732006, 0.6074543658575907, 0.792247586472346, 0.4015113598833732, 0.41222129068619767, 0.5139475238180158, 0.6355785965655815], [1.410804521464503, 1.199777371682237, 0.9132014549582769, 0.6566870901238296, 0.4608862332402186, 0.46250921530020217, 0.20543696399818454, 0.27952752604888753, 0.4331131935544714, 0.41132468310520864, 0.0, 0.2553607553209579, 0.462798080484286, 0.49519756366378365, 0.20808678419289708, 0.25460374170431366, 0.4042625139144464, 0.6780474922351081, 0.4688599731780434, 0.39756740594833057, 0.3986696146289963], [1.665044340157193, 1.453496365066149, 1.1553302446841718, 0.8801941212604638, 0.6487228436911423, 0.7073784044319522, 0.3635929831383701, 0.22155518433268906, 0.24562019794936252, 0.6663309563854222, 0.2553607553209579, 0.0, 0.2075202137639441, 0.734791125747895, 0.3773275360372614, 0.20162143528057816, 0.20046596151343457, 0.8966612331544809, 0.6399750266318649, 0.5010759516852675, 0.4074923987916889], [1.872175712657517, 1.6594027625536483, 1.3541008464853854, 1.0701906377586041, 0.825679643996764, 0.9094534507042675, 0.5466895153292912, 0.3450536792519812, 0.22467938372412127, 0.8737618521924685, 0.462798080484286, 0.2075202137639441, 0.0, 0.9368740367141639, 0.5667458655707073, 0.3454167641215987, 0.19501481259819267, 1.0882908907645836, 0.815144622583868, 0.6536554530939124, 0.5218266545536108], [0.9571955885746316, 0.8192161695956198, 0.667159987017578, 0.5809023940687242, 0.596321114404601, 0.3686547626908821, 0.5714078018537829, 0.7589864109343258, 0.9270466720383906, 0.18818612432163462, 0.49519756366378365, 0.734791125747895, 0.9368740367141639, 0.0, 0.3834376485729399, 0.6248943130464489, 0.8195128004910168, 0.21665418449860926, 0.28203750468966304, 0.4369963725064859, 0.5901421278382821], [1.3391938646377346, 1.1745352598445, 0.9439884836463892, 0.7390054704446777, 0.6016268278993726, 0.5129799607723389, 0.3970681355538827, 0.4779257818997471, 0.6037962357565099, 0.3857874080732006, 0.20808678419289708, 0.3773275360372614, 0.5667458655707073, 0.3834376485729399, 0.0, 0.2415843569189611, 0.43641808597011333, 0.5218184943740127, 0.2698964065016111, 0.1972066044726153, 0.2585357680062733], [1.579702509566931, 1.4042534777187876, 1.1472789845022853, 0.9064232383439662, 0.7141560646505554, 0.6998761707283399, 0.44471370624788703, 0.39456622414303333, 0.4459859741906442, 0.6074543658575907, 0.25460374170431366, 0.20162143528057816, 0.3454167641215987, 0.6248943130464489, 0.2415843569189611, 0.0, 0.19502666793514958, 0.7532152968157981, 0.4710368451670671, 0.3102684363947316, 0.20680666095645875], [1.7730609064493192, 1.5894942439381463, 1.3162847339721506, 1.056823046427492, 0.8383589173329362, 0.8660198417183431, 0.5543299063473502, 0.4177283049329174, 0.37790893511029283, 0.792247586472346, 0.4042625139144464, 0.20046596151343457, 0.19501481259819267, 0.8195128004910168, 0.43641808597011333, 0.19502666793514958, 0.0, 0.9454099603044397, 0.6564709979919924, 0.4811516674330996, 0.3348767433688365], [0.8974102046799177, 0.8416982754098966, 0.7867323663590677, 0.7664089146335737, 0.8102308065983109, 0.5732288905675602, 0.7802584359336227, 0.9525792997554074, 1.1087069614314113, 0.4015113598833732, 0.6780474922351081, 0.8966612331544809, 1.0882908907645836, 0.21665418449860926, 0.5218184943740127, 0.7532152968157981, 0.9454099603044397, 0.0, 0.3027176008410674, 0.4923423504699075, 0.661027818009008], [1.1897987502019496, 1.0906514460482601, 0.9462373158212352, 0.8227476906053803, 0.7656027946145495, 0.5923465187517399, 0.6307514315161258, 0.7452421931747709, 0.8723391769447177, 0.41222129068619767, 0.4688599731780434, 0.6399750266318649, 0.815144622583868, 0.28203750468966304, 0.2698964065016111, 0.4710368451670671, 0.6564709979919924, 0.3027176008410674, 0.0, 0.18978093587495273, 0.3586485959939945], [1.3740014141763428, 1.255912523981631, 1.0737375383502135, 0.9039195695289939, 0.7912987006802666, 0.6717968388376242, 0.5931175571881199, 0.6487317546015379, 0.7440206556665379, 0.5139475238180158, 0.39756740594833057, 0.5010759516852675, 0.6536554530939124, 0.4369963725064859, 0.1972066044726153, 0.3102684363947316, 0.4811516674330996, 0.4923423504699075, 0.18978093587495273, 0.0, 0.16898371439386253], [1.5378234050006845, 1.4056913356720526, 1.1973409053313433, 0.9965138161491138, 0.8444716577094986, 0.771002867647991, 0.6035676909152081, 0.595508629603966, 0.6500200906638764, 0.6355785965655815, 0.3986696146289963, 0.4074923987916889, 0.5218266545536108, 0.5901421278382821, 0.2585357680062733, 0.20680666095645875, 0.3348767433688365, 0.661027818009008, 0.3586485959939945, 0.16898371439386253, 0.0]]