[[0.0, 0.36136730058223804, 0.6608441623972814, 0.8550377953459667, 0.8993389204811613, 1.0051987518668992, 1.3462661925443697, 1.4959742629727872, 1.5645600059770401, 1.0, 1.4040273995349346, 1.5140536908323963, 1.5175270156161185, 0.9664853446678298, 1.3308057881208304, 1.445945902707853, 1.453973343223226, 0.8998721228776347, 1.1955573514876812, 1.327536963509225, 1.3829580549586749], [0.36136730058223804, 0.0, 0.3201122073980946, 0.5394556382200628, 0.6281187304506893, 0.7872924815291172, 1.1305481995428557, 1.2758965392477664, 1.3414088855451056, 0.8411243343587177, 1.2414491637357776, 1.3440246057326857, 1.3415972933167124, 0.8731040456138902, 1.2234799686471776, 1.326686270842548, 1.3251503225888663, 0.887020524063128, 1.148758183965635, 1.265361889737631, 1.3075010695225684], [0.6608441623972814, 0.3201122073980946, 0.0, 0.22993498895773637, 0.35781969909024314, 0.5547249195322322, 0.8766860009710368, 1.013379796928454, 1.0747265571491118, 0.6622372407718661, 1.0278102014166115, 1.1196666381666562, 1.1125321725759099, 0.7545156326049294, 1.0595537804734199, 1.1464956492370997, 1.1368495064090463, 0.8420378992205585, 1.044794105890032, 1.1391712670817888, 1.1669862316708066], [0.8550377953459667, 0.5394556382200628, 0.22993498895773637, 0.0, 0.16757192209489413, 0.381840093926973, 0.6708235265425871, 0.8000078264260284, 0.8583978240646205, 0.5267211501741801, 0.8450965230130433, 0.9275969554718784, 0.9175952906530324, 0.6600733321060569, 0.9112719860062443, 0.9836877344258721, 0.9687003077634745, 0.7965735408085169, 0.9414903951908591, 1.0153581668278848, 1.0318157355322006], [0.8993389204811613, 0.6281187304506893, 0.35781969909024314, 0.16757192209489413, 0.0, 0.22799784127957398, 0.530330742745087, 0.6662338745762942, 0.7278844327332312, 0.3710912953374173, 0.6892083368292319, 0.7751006453546455, 0.7664196210479011, 0.5140138647489046, 0.7506563495172702, 0.8231465465311483, 0.8087176664998104, 0.6686037232368988, 0.7882161990073121, 0.8568397689201785, 0.8715338873095615], [1.0051987518668992, 0.7872924815291172, 0.5547249195322322, 0.381840093926973, 0.22799784127957398, 0.0, 0.34575474578069354, 0.4942092018120238, 0.5624564297318143, 0.17533125745206055, 0.473492112442048, 0.5667487666290298, 0.5614006117887554, 0.34818748296213825, 0.5326430315945688, 0.6036898153557853, 0.5899406181466587, 0.5384258221695463, 0.5941439491146792, 0.6484260676332054, 0.658103652255593], [1.3462661925443697, 1.1305481995428557, 0.8766860009710368, 0.6708235265425871, 0.530330742745087, 0.34575474578069354, 0.0, 0.1512267630460664, 0.22347010334250808, 0.37676565052457717, 0.2370643619362598, 0.2770192968926191, 0.262603178894085, 0.5146375489806244, 0.4249589420888868, 0.4235803979945762, 0.3953395842243119, 0.7167466962070813, 0.6114792228165149, 0.5894537354804593, 0.562414573007652], [1.4959742629727872, 1.2758965392477664, 1.013379796928454, 0.8000078264260284, 0.6662338745762942, 0.4942092018120238, 0.1512267630460664, 0.0, 0.07568009848576991, 0.520648067507147, 0.2630467045917493, 0.23625550661772832, 0.22020065461640528, 0.6447969428501196, 0.4802714255318681, 0.43948648300300597, 0.40578571280961, 0.8408370280430283, 0.6956134751751344, 0.6458621526153572, 0.6043740035865326], [1.5645600059770401, 1.3414088855451056, 1.0747265571491118, 0.8583978240646205, 0.7278844327332312, 0.5624564297318143, 0.22347010334250808, 0.07568009848576991, 0.0, 0.5899135584973596, 0.31037171309608247, 0.2543814007894122, 0.23092136432015814, 0.710577390729389, 0.5261290466420213, 0.4698707913124499, 0.4316732425658184, 0.9041677730471281, 0.747356331206837, 0.6876056819790203, 0.6400028238873537], [1.0, 0.8411243343587177, 0.6622372407718661, 0.5267211501741801, 0.3710912953374173, 0.17533125745206055, 0.37676565052457717, 0.520648067507147, 0.5899135584973596, 0.0, 0.4068973081703898, 0.5154667367218088, 0.5190219635438568, 0.17789577664768472, 0.3976500191486607, 0.49007068191704617, 0.48587365706413527, 0.37887861151524355, 0.4226478096093896, 0.48960462687821277, 0.5091379568695101], [1.4040273995349346, 1.2414491637357776, 1.0278102014166115, 0.8450965230130433, 0.6892083368292319, 0.473492112442048, 0.2370643619362598, 0.2630467045917493, 0.31037171309608247, 0.4068973081703898, 0.0, 0.11717275703170527, 0.14788464591881006, 0.4663175560105739, 0.2193051339913939, 0.19009976717800114, 0.17070210700312743, 0.6368820781076693, 0.44459043246644575, 0.38557688449875743, 0.34705785991654514], [1.5140536908323963, 1.3440246057326857, 1.1196666381666562, 0.9275969554718784, 0.7751006453546455, 0.5667487666290298, 0.2770192968926191, 0.23625550661772832, 0.2543814007894122, 0.5154667367218088, 0.11717275703170527, 0.0, 0.05520825738540429, 0.5773615014463552, 0.2988331527690027, 0.22010781906238577, 0.18678265886173342, 0.7433465782460174, 0.5317618827277468, 0.44999045166222623, 0.3964954468042217], [1.5175270156161185, 1.3415972933167124, 1.1125321725759099, 0.9175952906530324, 0.7664196210479011, 0.5614006117887554, 0.262603178894085, 0.22020065461640528, 0.23092136432015814, 0.5190219635438568, 0.14788464591881006, 0.05520825738540429, 0.0, 0.5891887507915483, 0.329766098001731, 0.2515968685234626, 0.207275186090709, 0.7591527166718279, 0.5568560496428919, 0.477342147109966, 0.4219036676816599], [0.9664853446678298, 0.8731040456138902, 0.7545156326049294, 0.6600733321060569, 0.5140138647489046, 0.34818748296213825, 0.5146375489806244, 0.6447969428501196, 0.710577390729389, 0.17789577664768472, 0.4663175560105739, 0.5773615014463552, 0.5891887507915483, 0.0, 0.36472318412242166, 0.47986110616348915, 0.4904321124432079, 0.2062713821154464, 0.29060944442654235, 0.3941290142350441, 0.4352288571430558], [1.3308057881208304, 1.2234799686471776, 1.0595537804734199, 0.9112719860062443, 0.7506563495172702, 0.5326430315945688, 0.4249589420888868, 0.4802714255318681, 0.5261290466420213, 0.3976500191486607, 0.2193051339913939, 0.2988331527690027, 0.329766098001731, 0.36472318412242166, 0.0, 0.12306231152392924, 0.1580961210096936, 0.4814837209416894, 0.23541703671619063, 0.16887827983547754, 0.14680333704329987], [1.445945902707853, 1.326686270842548, 1.1464956492370997, 0.9836877344258721, 0.8231465465311483, 0.6036898153557853, 0.4235803979945762, 0.43948648300300597, 0.4698707913124499, 0.49007068191704617, 0.19009976717800114, 0.22010781906238577, 0.2515968685234626, 0.47986110616348915, 0.12306231152392924, 0.0, 0.05799898828979603, 0.6004687442529744, 0.3415284606302653, 0.23712587918455333, 0.17932760995947017], [1.453973343223226, 1.3251503225888663, 1.1368495064090463, 0.9687003077634745, 0.8087176664998104, 0.5899406181466587, 0.3953395842243119, 0.40578571280961, 0.4316732425658184, 0.48587365706413527, 0.17070210700312743, 0.18678265886173342, 0.207275186090709, 0.4904321124432079, 0.1580961210096936, 0.05799898828979603, 0.0, 0.622071355965594, 0.3765822363785465, 0.27792783858784664, 0.21666495632092275], [0.8998721228776347, 0.887020524063128, 0.8420378992205585, 0.7965735408085169, 0.6686037232368988, 0.5384258221695463, 0.7167466962070813, 0.8408370280430283, 0.9041677730471281, 0.37887861151524355, 0.6368820781076693, 0.7433465782460174, 0.7591527166718279, 0.2062713821154464, 0.4814837209416894, 0.6004687442529744, 0.622071355965594, 0.0, 0.2992203879267605, 0.43480484501198907, 0.49702814731561373], [1.1955573514876812, 1.148758183965635, 1.044794105890032, 0.9414903951908591, 0.7882161990073121, 0.5941439491146792, 0.6114792228165149, 0.6956134751751344, 0.747356331206837, 0.4226478096093896, 0.44459043246644575, 0.5317618827277468, 0.5568560496428919, 0.29060944442654235, 0.23541703671619063, 0.3415284606302653, 0.3765822363785465, 0.2992203879267605, 0.0, 0.1377079527156217, 0.20653491014752517], [1.327536963509225, 1.265361889737631, 1.1391712670817888, 1.0153581668278848, 0.8568397689201785, 0.6484260676332054, 0.5894537354804593, 0.6458621526153572, 0.6876056819790203, 0.48960462687821277, 0.38557688449875743, 0.44999045166222623, 0.477342147109966, 0.3941290142350441, 0.16887827983547754, 0.23712587918455333, 0.27792783858784664, 0.43480484501198907, 0.1377079527156217, 0.0, 0.0754548032527707], [1.3829580549586749, 1.3075010695225684, 1.1669862316708066, 1.0318157355322006, 0.8715338873095615, 0.658103652255593, 0.562414573007652, 0.6043740035865326, 0.6400028238873537, 0.5091379568695101, 0.34705785991654514, 0.3964954468042217, 0.4219036676816599, 0.4352288571430558, 0.14680333704329987, 0.17932760995947017, 0.21666495632092275, 0.49702814731561373, 0.20653491014752517, 0.0754548032527707, 0.0]]