[[0.0, 0.36376879466481027, 0.7142914386358639, 0.9799531548297271, 1.1685955742570933, 0.987392593212329, 1.2890349939805994, 1.458080891545316, 1.5340241127674725, 1.0, 1.366801938669402, 1.5053396731367255, 1.495307626815348, 0.9692966770676931, 1.3261389006316333, 1.4381205843086269, 1.411616714248517, 0.9186260264247443, 1.2082167561608181, 1.3214358832750537, 1.3278773593866442], [0.36376879466481027, 0.0, 0.37723644798736067, 0.6657921468115222, 0.8742226257187486, 0.7483767855279253, 1.044598326801298, 1.2062070056805898, 1.2745143953645364, 0.8247361615147552, 1.1912280964786017, 1.3105852894942296, 1.2812870367341886, 0.8643623952712164, 1.2136239556373996, 1.2982661627931018, 1.2463972126762046, 0.9011913439605155, 1.166607426233286, 1.246946023350773, 1.2220298846248125], [0.7142914386358639, 0.37723644798736067, 0.0, 0.2949266490321563, 0.511833221029619, 0.4512374542589182, 0.717300625182875, 0.866636164492713, 0.9275139739445802, 0.5940095432529079, 0.92259594902024, 1.017105140122263, 0.9713807906235213, 0.7098480086994059, 1.0084552192515261, 1.0590118417891226, 0.9848673201081479, 0.8371866775206769, 1.040703433651569, 1.07894511341984, 1.023238410294167], [0.9799531548297271, 0.6657921468115222, 0.2949266490321563, 0.0, 0.2202890197133023, 0.2803278108209845, 0.462792944874571, 0.5950647259775903, 0.6490669254822001, 0.47113667698400247, 0.7152514086935834, 0.7811874851565989, 0.7218846216421713, 0.6429459346614651, 0.8562884068820844, 0.8716141855092776, 0.7805757515458123, 0.829891508115624, 0.9577983581699284, 0.9557016031561603, 0.8760111070781634], [1.1685955742570933, 0.8742226257187486, 0.511833221029619, 0.2202890197133023, 0.0, 0.28785107480725514, 0.29341781126192285, 0.3986678553613588, 0.44632758655751986, 0.4463783757265227, 0.5719542060776633, 0.6077921714030908, 0.538418708483832, 0.634556162340028, 0.754528360871835, 0.7379330133903552, 0.6364033192613335, 0.847368597786182, 0.9079362537437025, 0.8729575684054707, 0.7775053853653769], [0.987392593212329, 0.7483767855279253, 0.4512374542589182, 0.2803278108209845, 0.28785107480725514, 0.0, 0.3025892112604632, 0.4711450063038161, 0.5479710893631078, 0.19535947420309008, 0.47226693020799837, 0.5708284101814475, 0.53519428499408, 0.37897621642606893, 0.5847918638847238, 0.6153323833761273, 0.5363580639692498, 0.585666682586664, 0.684587338263833, 0.68046836599767, 0.6038466862382199], [1.2890349939805994, 1.044598326801298, 0.717300625182875, 0.462792944874571, 0.29341781126192285, 0.3025892112604632, 0.0, 0.1710615715680345, 0.25297246086745967, 0.3527295705564032, 0.3063900030411664, 0.3286525425939154, 0.26480883927856796, 0.521798886792362, 0.5219432706588016, 0.47697827409632837, 0.3702660126269338, 0.7441088101466352, 0.7226730253394166, 0.6545201979488934, 0.5471730701010367], [1.458080891545316, 1.2062070056805898, 0.866636164492713, 0.5950647259775903, 0.3986678553613588, 0.4711450063038161, 0.1710615715680345, 0.0, 0.08643732740486172, 0.5122718209333554, 0.34477175360556955, 0.2843899735353781, 0.19628591145790922, 0.6660239088444316, 0.5854031791733334, 0.499556146378533, 0.3910464067041315, 0.8833764439406343, 0.8182409780166173, 0.7245174920813693, 0.6108603650868794], [1.5340241127674725, 1.2745143953645364, 0.9275139739445802, 0.6490669254822001, 0.44632758655751986, 0.5479710893631078, 0.25297246086745967, 0.08643732740486172, 0.0, 0.5955003835214705, 0.4102957478247473, 0.32346611601660796, 0.23246923759603524, 0.74823500584283, 0.6507898686552552, 0.5532694377221877, 0.44693142208241965, 0.9644807941749727, 0.8900864566182506, 0.7897067766072732, 0.6752497523595781], [1.0, 0.8247361615147552, 0.5940095432529079, 0.47113667698400247, 0.4463783757265227, 0.19535947420309008, 0.3527295705564032, 0.5122718209333554, 0.5955003835214705, 0.0, 0.3708297913204579, 0.5057289175245052, 0.5021801077564231, 0.19213628163572388, 0.41497475177372095, 0.47697268988635566, 0.42392922990246196, 0.4116205469857879, 0.4896511978932667, 0.49480966514976626, 0.430813843663452], [1.366801938669402, 1.1912280964786017, 0.92259594902024, 0.7152514086935834, 0.5719542060776633, 0.47226693020799837, 0.3063900030411664, 0.34477175360556955, 0.4102957478247473, 0.3708297913204579, 0.0, 0.15562784746330946, 0.20616556199484734, 0.4321058670111818, 0.24182581142966286, 0.17109874872453507, 0.07694067204909684, 0.6152242595803723, 0.48680542819016187, 0.38157108239402626, 0.2686560945424669], [1.5053396731367255, 1.3105852894942296, 1.017105140122263, 0.7811874851565989, 0.6077921714030908, 0.5708284101814475, 0.3286525425939154, 0.2843899735353781, 0.32346611601660796, 0.5057289175245052, 0.15562784746330946, 0.0, 0.09631305778101502, 0.5846625069672352, 0.36292864427753846, 0.24027856755139415, 0.15288539356995265, 0.7678853950837781, 0.6200707068740577, 0.4970572999263229, 0.38600550573448544], [1.495307626815348, 1.2812870367341886, 0.9713807906235213, 0.7218846216421713, 0.538418708483832, 0.53519428499408, 0.26480883927856796, 0.19628591145790922, 0.23246923759603524, 0.5021801077564231, 0.20616556199484734, 0.09631305778101502, 0.0, 0.6087730583628782, 0.4354083368353263, 0.32498580133741206, 0.22294538014083629, 0.8063486596342692, 0.6859439376479227, 0.5720498739095399, 0.45815105117369564], [0.9692966770676931, 0.8643623952712164, 0.7098480086994059, 0.6429459346614651, 0.634556162340028, 0.37897621642606893, 0.521798886792362, 0.6660239088444316, 0.74823500584283, 0.19213628163572388, 0.4321058670111818, 0.5846625069672352, 0.6087730583628782, 0.0, 0.3586009616551699, 0.4710648969692837, 0.4620510369554598, 0.22355603771253707, 0.3318539916909257, 0.38445530226350205, 0.3638577493579194], [1.3261389006316333, 1.2136239556373996, 1.0084552192515261, 0.8562884068820844, 0.754528360871835, 0.5847918638847238, 0.5219432706588016, 0.5854031791733334, 0.6507898686552552, 0.41497475177372095, 0.24182581142966286, 0.36292864427753846, 0.4354083368353263, 0.3586009616551699, 0.0, 0.14619919800806652, 0.21546119137218261, 0.46391782053651726, 0.25956465956078395, 0.14016994276882921, 0.04438126382247115], [1.4381205843086269, 1.2982661627931018, 1.0590118417891226, 0.8716141855092776, 0.7379330133903552, 0.6153323833761273, 0.47697827409632837, 0.499556146378533, 0.5532694377221877, 0.47697268988635566, 0.17109874872453507, 0.24027856755139415, 0.32498580133741206, 0.4710648969692837, 0.14619919800806652, 0.0, 0.11377332847002739, 0.6032941391938358, 0.40068432011103206, 0.2640957972523357, 0.1633221037224391], [1.411616714248517, 1.2463972126762046, 0.9848673201081479, 0.7805757515458123, 0.6364033192613335, 0.5363580639692498, 0.3702660126269338, 0.3910464067041315, 0.44693142208241965, 0.42392922990246196, 0.07694067204909684, 0.15288539356995265, 0.22294538014083629, 0.4620510369554598, 0.21546119137218261, 0.11377332847002739, 0.0, 0.6282416983583395, 0.46998014297982516, 0.3500391168479214, 0.2365291685387309], [0.9186260264247443, 0.9011913439605155, 0.8371866775206769, 0.829891508115624, 0.847368597786182, 0.585666682586664, 0.7441088101466352, 0.8833764439406343, 0.9644807941749727, 0.4116205469857879, 0.6152242595803723, 0.7678853950837781, 0.8063486596342692, 0.22355603771253707, 0.46391782053651726, 0.6032941391938358, 0.6282416983583395, 0.0, 0.2903532603817527, 0.4165425460259946, 0.45631289252383717], [1.2082167561608181, 1.166607426233286, 1.040703433651569, 0.9577983581699284, 0.9079362537437025, 0.684587338263833, 0.7226730253394166, 0.8182409780166173, 0.8900864566182506, 0.4896511978932667, 0.48680542819016187, 0.6200707068740577, 0.6859439376479227, 0.3318539916909257, 0.25956465956078395, 0.40068432011103206, 0.46998014297982516, 0.2903532603817527, 0.0, 0.15028489116773897, 0.24092565996567308], [1.3214358832750537, 1.246946023350773, 1.07894511341984, 0.9557016031561603, 0.8729575684054707, 0.68046836599767, 0.6545201979488934, 0.7245174920813693, 0.7897067766072732, 0.49480966514976626, 0.38157108239402626, 0.4970572999263229, 0.5720498739095399, 0.38445530226350205, 0.14016994276882921, 0.2640957972523357, 0.3500391168479214, 0.4165425460259946, 0.15028489116773897, 0.0, 0.1158464227406054], [1.3278773593866442, 1.2220298846248125, 1.023238410294167, 0.8760111070781634, 0.7775053853653769, 0.6038466862382199, 0.5471730701010367, 0.6108603650868794, 0.6752497523595781, 0.430813843663452, 0.2686560945424669, 0.38600550573448544, 0.45815105117369564, 0.3638577493579194, 0.04438126382247115, 0.1633221037224391, 0.2365291685387309, 0.45631289252383717, 0.24092565996567308, 0.1158464227406054, 0.0]]