[[0.0, 0.3413338294338418, 0.6414089171400117, 0.855213558840638, 1.0264697888390681, 0.9955007010342185, 1.2538051737683682, 1.349920769865013, 1.3880190743133816, 1.0, 1.310244830277895, 1.4279072295268715, 1.4491533739070792, 0.9868127597773395, 1.3204730990150357, 1.4714682145516358, 1.5146199090632941, 0.9653243452293888, 1.2626726967160975, 1.435514874904472, 1.5327868503145263], [0.3413338294338418, 0.0, 0.3316800239482975, 0.6007516233230443, 0.8167019301608452, 0.7314496088732169, 0.9985001305936688, 1.121649364211871, 1.19368418340437, 0.8038903008301976, 1.1238406050442133, 1.2624471138871451, 1.3067993622254306, 0.8674454099004488, 1.197559076580384, 1.3578532003768518, 1.4149057762727233, 0.9344509869671789, 1.2121515524307345, 1.3772367034878377, 1.4716995096136893], [0.6414089171400117, 0.3316800239482975, 0.0, 0.2984612706170928, 0.5388293169952657, 0.41357964463672786, 0.6790961706924341, 0.815801589426286, 0.9099472742352684, 0.539836885931036, 0.8486149336057571, 0.9989362885208958, 1.060818865634061, 0.6738040030175378, 0.9732582710008498, 1.134152115663927, 1.201112084531878, 0.8215843838248967, 1.0539993914401489, 1.2021661347690704, 1.2897580375942923], [0.855213558840638, 0.6007516233230443, 0.2984612706170928, 0.0, 0.24527875638435032, 0.15535886283826167, 0.4057711550686959, 0.524505901103378, 0.6130545267769979, 0.2599019637609022, 0.5539635649058052, 0.7060216140578122, 0.7739228532147214, 0.44407826914063864, 0.700283623414411, 0.8578267940399148, 0.9291463867218512, 0.650851920046074, 0.8260723670195013, 0.9558046366308145, 1.0363313981486428], [1.0264697888390681, 0.8167019301608452, 0.5388293169952657, 0.24527875638435032, 0.0, 0.216894361959214, 0.288258863288913, 0.33643707621961055, 0.3859384640038062, 0.1052548245207064, 0.3239293904312712, 0.46926975207495447, 0.535732179606782, 0.2884268863099412, 0.4709613572092475, 0.6240909793669241, 0.6974854310380104, 0.5326883710222123, 0.6345435845630769, 0.7435862367063539, 0.8169872913130755], [0.9955007010342185, 0.7314496088732169, 0.41357964463672786, 0.15535886283826167, 0.216894361959214, 0.0, 0.26914731102450234, 0.4095244304100615, 0.5252953316476888, 0.24218472478587885, 0.4758130071212895, 0.635123276275828, 0.7180717330253021, 0.47008334843313376, 0.6661560599361148, 0.8160528350724146, 0.8929164474117749, 0.7056384848884396, 0.8349840928182239, 0.9455974306155283, 1.0180296358563172], [1.2538051737683682, 0.9985001305936688, 0.6790961706924341, 0.4057711550686959, 0.288258863288913, 0.26914731102450234, 0.0, 0.17433717960954373, 0.3352039220655889, 0.3253198531055773, 0.3255728695387101, 0.4716981195591244, 0.5753283296140794, 0.5321236456890402, 0.5784297749405544, 0.6963498897296261, 0.7772189009019245, 0.7823102102589687, 0.8143376711045817, 0.8794914967084366, 0.9315173941198228], [1.349920769865013, 1.121649364211871, 0.815801589426286, 0.524505901103378, 0.33643707621961055, 0.4095244304100615, 0.17433717960954373, 0.0, 0.17089219516089876, 0.3613262422317648, 0.19140421352593112, 0.312316206062097, 0.42111242099821555, 0.5065113351639502, 0.452894447979705, 0.547919462922103, 0.6282717715868505, 0.7422443793732084, 0.7130473661022892, 0.7509762942203234, 0.7916981755673457], [1.3880190743133816, 1.19368418340437, 0.9099472742352684, 0.6130545267769979, 0.3859384640038062, 0.5252953316476888, 0.3352039220655889, 0.17089219516089876, 0.0, 0.3965081079409431, 0.09587295334055082, 0.1444455275739299, 0.2527562880922172, 0.45826161815985605, 0.30585565583411983, 0.38152207008720296, 0.46061672049094804, 0.6618629170279, 0.5774008738861939, 0.593683718750231, 0.6273153048076745], [1.0, 0.8038903008301976, 0.539836885931036, 0.2599019637609022, 0.1052548245207064, 0.24218472478587885, 0.3253198531055773, 0.3613262422317648, 0.3965081079409431, 0.0, 0.3211410904875966, 0.4649392424254, 0.5258251975684003, 0.23382886989168913, 0.44514455054994123, 0.6036803087141219, 0.6762109276203805, 0.48027496526161895, 0.5932936014680327, 0.709788293538809, 0.7869404080157829], [1.310244830277895, 1.1238406050442133, 0.8486149336057571, 0.5539635649058052, 0.3239293904312712, 0.4758130071212895, 0.3255728695387101, 0.19140421352593112, 0.09587295334055082, 0.3211410904875966, 0.0, 0.16098686146464833, 0.25532876442969044, 0.37498335107031244, 0.2625230536779119, 0.3712757647062615, 0.452807758763352, 0.5851203779163398, 0.5242703953132343, 0.5623437916554535, 0.6083232790772276], [1.4279072295268715, 1.2624471138871451, 0.9989362885208958, 0.7060216140578122, 0.46926975207495447, 0.635123276275828, 0.4716981195591244, 0.312316206062097, 0.1444455275739299, 0.4649392424254, 0.16098686146464833, 0.0, 0.11498154702901069, 0.4553939552263905, 0.2022832002066041, 0.2410106739717891, 0.31998901823543213, 0.6151474308864632, 0.4744053015136378, 0.4640659736831019, 0.48969645663636074], [1.4491533739070792, 1.3067993622254306, 1.060818865634061, 0.7739228532147214, 0.535732179606782, 0.7180717330253021, 0.5753283296140794, 0.42111242099821555, 0.2527562880922172, 0.5258251975684003, 0.25532876442969044, 0.11498154702901069, 0.0, 0.4676657655232433, 0.16381082960536675, 0.13946145049636063, 0.2106846029654063, 0.5842326979778592, 0.4022201475400676, 0.366780383462506, 0.3837436231325697], [0.9868127597773395, 0.8674454099004488, 0.6738040030175378, 0.44407826914063864, 0.2884268863099412, 0.47008334843313376, 0.5321236456890402, 0.5065113351639502, 0.45826161815985605, 0.23382886989168913, 0.37498335107031244, 0.4553939552263905, 0.4676657655232433, 0.0, 0.3362982938175799, 0.49438520498807587, 0.5509520285004124, 0.25110367184696253, 0.38592719687614385, 0.5295127103142719, 0.6187342513396801], [1.3204730990150357, 1.197559076580384, 0.9732582710008498, 0.700283623414411, 0.4709613572092475, 0.6661560599361148, 0.5784297749405544, 0.452894447979705, 0.30585565583411983, 0.44514455054994123, 0.2625230536779119, 0.2022832002066041, 0.16381082960536675, 0.3362982938175799, 0.0, 0.1639510142344476, 0.23584600444237258, 0.4357435146143886, 0.2758379728928797, 0.3017739967941593, 0.35848970116173107], [1.4714682145516358, 1.3578532003768518, 1.134152115663927, 0.8578267940399148, 0.6240909793669241, 0.8160528350724146, 0.6963498897296261, 0.547919462922103, 0.38152207008720296, 0.6036803087141219, 0.3712757647062615, 0.2410106739717891, 0.13946145049636063, 0.49438520498807587, 0.1639510142344476, 0.0, 0.09001538143885923, 0.5519438128056255, 0.31300073509124177, 0.2391259175994797, 0.2512048875423136], [1.5146199090632941, 1.4149057762727233, 1.201112084531878, 0.9291463867218512, 0.6974854310380104, 0.8929164474117749, 0.7772189009019245, 0.6282717715868505, 0.46061672049094804, 0.6762109276203805, 0.452807758763352, 0.31998901823543213, 0.2106846029654063, 0.5509520285004124, 0.23584600444237258, 0.09001538143885923, 0.0, 0.5777281950171983, 0.31630977797162496, 0.20285655318656373, 0.18275070098087606], [0.9653243452293888, 0.9344509869671789, 0.8215843838248967, 0.650851920046074, 0.5326883710222123, 0.7056384848884396, 0.7823102102589687, 0.7422443793732084, 0.6618629170279, 0.48027496526161895, 0.5851203779163398, 0.6151474308864632, 0.5842326979778592, 0.25110367184696253, 0.4357435146143886, 0.5519438128056255, 0.5777281950171983, 0.0, 0.29816961355919214, 0.47123820353239637, 0.5690979665968025], [1.2626726967160975, 1.2121515524307345, 1.0539993914401489, 0.8260723670195013, 0.6345435845630769, 0.8349840928182239, 0.8143376711045817, 0.7130473661022892, 0.5774008738861939, 0.5932936014680327, 0.5242703953132343, 0.4744053015136378, 0.4022201475400676, 0.38592719687614385, 0.2758379728928797, 0.31300073509124177, 0.31630977797162496, 0.29816961355919214, 0.0, 0.1741061494111133, 0.2736507691512956], [1.435514874904472, 1.3772367034878377, 1.2021661347690704, 0.9558046366308145, 0.7435862367063539, 0.9455974306155283, 0.8794914967084366, 0.7509762942203234, 0.593683718750231, 0.709788293538809, 0.5623437916554535, 0.4640659736831019, 0.366780383462506, 0.5295127103142719, 0.3017739967941593, 0.2391259175994797, 0.20285655318656373, 0.47123820353239637, 0.1741061494111133, 0.0, 0.1009011347444641], [1.5327868503145263, 1.4716995096136893, 1.2897580375942923, 1.0363313981486428, 0.8169872913130755, 1.0180296358563172, 0.9315173941198228, 0.7916981755673457, 0.6273153048076745, 0.7869404080157829, 0.6083232790772276, 0.48969645663636074, 0.3837436231325697, 0.6187342513396801, 0.35848970116173107, 0.2512048875423136, 0.18275070098087606, 0.5690979665968025, 0.2736507691512956, 0.1009011347444641, 0.0]]