[[0.0, 0.30260030209525285, 0.6803869798347338, 0.9882045797229948, 1.2243139601319815, 1.0550057809900237, 1.2893737087217358, 1.3587561173412466, 1.4094508759518478, 1.0, 1.2273290877302139, 1.2937590766912868, 1.3533077696335563, 0.9087691700787992, 1.1356720001602447, 1.1944625378172338, 1.245717891525902, 0.8184483591063214, 1.0190913066145295, 1.08496411683914, 1.148328701979626], [0.30260030209525285, 0.0, 0.3813698937150302, 0.6895659918358501, 0.927709933584876, 0.8405290471786699, 1.019301979169653, 1.0660358352383748, 1.1112450749987024, 0.771121357480239, 0.9470351141812613, 0.9980331523176222, 1.0574308534593988, 0.6625152972055557, 0.8502950641376242, 0.8992812681909368, 0.9537026212428147, 0.5642360806250757, 0.7336156950544356, 0.7924798950356546, 0.8580188007048671], [0.6803869798347338, 0.3813698937150302, 0.0, 0.3207290824895193, 0.5677100474086196, 0.6176705242683392, 0.6772214034486119, 0.689577932533981, 0.7375259694894472, 0.5232811614862493, 0.5860711714769697, 0.6196238733208246, 0.6966411333344944, 0.38813958939277937, 0.4818050795511592, 0.5282077682087813, 0.6089209973200141, 0.28490795803926355, 0.36952071479079907, 0.43073504192881557, 0.5198857368269625], [0.9882045797229948, 0.6895659918358501, 0.3207290824895193, 0.0, 0.2484263620418158, 0.6880562512142082, 0.5482003136345981, 0.4366925766340304, 0.43017782442142705, 0.5835894280467236, 0.4164159693337023, 0.33056441310745205, 0.378255914104916, 0.4506186521772805, 0.2907363025595797, 0.22321193799345032, 0.3070048398808511, 0.3812651559962912, 0.20381057883281553, 0.15525217124761165, 0.2374452828616925], [1.2243139601319815, 0.927709933584876, 0.5677100474086196, 0.2484263620418158, 0.0, 0.8506790589930436, 0.5955948383165998, 0.36241532573986546, 0.2354853369786445, 0.7527051098907676, 0.4552698082063884, 0.2266861705374942, 0.14255715392032278, 0.6427970689177667, 0.35238556283986744, 0.15013006312616065, 0.12536838660752053, 0.6021333937044703, 0.33291220255069776, 0.18727533881437503, 0.15486422903199834], [1.0550057809900237, 0.8405290471786699, 0.6176705242683392, 0.6880562512142082, 0.8506790589930436, 0.0, 0.4034349084445033, 0.6599418990688963, 0.8602015540682754, 0.11245701533349353, 0.46601926730869647, 0.7186592135270053, 0.9279627963088728, 0.2640266138669537, 0.517456945004598, 0.7482179882316441, 0.9250191952158038, 0.38608212865678737, 0.5477885077577684, 0.7347388284879319, 0.8826175177228929], [1.2893737087217358, 1.019301979169653, 0.6772214034486119, 0.5482003136345981, 0.5955948383165998, 0.4034349084445033, 0.0, 0.29198042350447406, 0.5192107339157702, 0.37148523126538746, 0.15041043500052, 0.4014696307269887, 0.627509321334727, 0.41003743605252985, 0.28814476859967464, 0.4926268878401355, 0.673442634182681, 0.5026263305745556, 0.41161371453931705, 0.5416627352503763, 0.6711230606172157], [1.3587561173412466, 1.0660358352383748, 0.689577932533981, 0.4366925766340304, 0.36241532573986546, 0.6599418990688963, 0.29198042350447406, 0.0, 0.23042875175973734, 0.5944659386864863, 0.20688550989220789, 0.14864883650987812, 0.3555338483783926, 0.5612133978292203, 0.2527178651822403, 0.2852838515965045, 0.4344781337621451, 0.599485021626146, 0.37297240946505994, 0.3870465986581457, 0.4669275631056008], [1.4094508759518478, 1.1112450749987024, 0.7375259694894472, 0.43017782442142705, 0.2354853369786445, 0.8602015540682754, 0.5192107339157702, 0.23042875175973734, 0.0, 0.7799190823852348, 0.40364878392668535, 0.15926022649413973, 0.15207994421917576, 0.7111789955255129, 0.3743235871774683, 0.23639057299119925, 0.2737303590881169, 0.7123086634019674, 0.4403148273494334, 0.3521806800609342, 0.3498851477564193], [1.0, 0.771121357480239, 0.5232811614862493, 0.5835894280467236, 0.7527051098907676, 0.11245701533349353, 0.37148523126538746, 0.5944659386864863, 0.7799190823852348, 0.0, 0.3957150101334306, 0.6338381228539652, 0.8357642685319542, 0.15385912353965253, 0.4251203307262139, 0.6510368768219706, 0.8248567944427055, 0.27900557335810766, 0.44316665751077244, 0.6307977697591843, 0.7786093822465553], [1.2273290877302139, 0.9470351141812613, 0.5860711714769697, 0.4164159693337023, 0.4552698082063884, 0.46601926730869647, 0.15041043500052, 0.20688550989220789, 0.40364878392668535, 0.3957150101334306, 0.0, 0.26842060278147384, 0.49287166997427717, 0.3719914870538981, 0.1429622817889057, 0.34656281045908804, 0.5291907907480013, 0.4327029191431707, 0.2771363976150928, 0.39448584435637457, 0.5237969247134917], [1.2937590766912868, 0.9980331523176222, 0.6196238733208246, 0.33056441310745205, 0.2266861705374942, 0.7186592135270053, 0.4014696307269887, 0.14864883650987812, 0.15926022649413973, 0.6338381228539652, 0.26842060278147384, 0.0, 0.22666277258543033, 0.5611244796262893, 0.2190478214350786, 0.1428985219354387, 0.2902570852699242, 0.5660559145892085, 0.29731784941044204, 0.2568393478006636, 0.3220492261736331], [1.3533077696335563, 1.0574308534593988, 0.6966411333344944, 0.378255914104916, 0.14255715392032278, 0.9279627963088728, 0.627509321334727, 0.3555338483783926, 0.15207994421917576, 0.8357642685319542, 0.49287166997427717, 0.22666277258543033, 0.0, 0.740368707874146, 0.4143971481492183, 0.20101947382271665, 0.13617566687394067, 0.7134228809944535, 0.43120428760691104, 0.2877080461092327, 0.23075447946733937], [0.9087691700787992, 0.6625152972055557, 0.38813958939277937, 0.4506186521772805, 0.6427970689177667, 0.2640266138669537, 0.41003743605252985, 0.5612133978292203, 0.7111789955255129, 0.15385912353965253, 0.3719914870538981, 0.5611244796262893, 0.740368707874146, 0.0, 0.3454868591911018, 0.5475808543095855, 0.7100846075810197, 0.12824522467918667, 0.32272199796688666, 0.5076120856845892, 0.6533070759025554], [1.1356720001602447, 0.8502950641376242, 0.4818050795511592, 0.2907363025595797, 0.35238556283986744, 0.517456945004598, 0.28814476859967464, 0.2527178651822403, 0.3743235871774683, 0.4251203307262139, 0.1429622817889057, 0.2190478214350786, 0.4143971481492183, 0.3454868591911018, 0.0, 0.2363073083651102, 0.41940443835588864, 0.36094085645623797, 0.140089048838491, 0.25976578942441075, 0.39811042900142146], [1.1944625378172338, 0.8992812681909368, 0.5282077682087813, 0.22321193799345032, 0.15013006312616065, 0.7482179882316441, 0.4926268878401355, 0.2852838515965045, 0.23639057299119925, 0.6510368768219706, 0.34656281045908804, 0.1428985219354387, 0.20101947382271665, 0.5475808543095855, 0.2363073083651102, 0.0, 0.18441264935924398, 0.5185528694037561, 0.23402028640193367, 0.12254295995995582, 0.18775251625736594], [1.245717891525902, 0.9537026212428147, 0.6089209973200141, 0.3070048398808511, 0.12536838660752053, 0.9250191952158038, 0.673442634182681, 0.4344781337621451, 0.2737303590881169, 0.8248567944427055, 0.5291907907480013, 0.2902570852699242, 0.13617566687394067, 0.7100846075810197, 0.41940443835588864, 0.18441264935924398, 0.0, 0.6601364381416336, 0.3890103746261715, 0.20917340210363178, 0.10305897031882244], [0.8184483591063214, 0.5642360806250757, 0.28490795803926355, 0.3812651559962912, 0.6021333937044703, 0.38608212865678737, 0.5026263305745556, 0.599485021626146, 0.7123086634019674, 0.27900557335810766, 0.4327029191431707, 0.5660559145892085, 0.7134228809944535, 0.12824522467918667, 0.36094085645623797, 0.5185528694037561, 0.6601364381416336, 0.0, 0.28616920316614936, 0.4525838636651259, 0.590191419043563], [1.0190913066145295, 0.7336156950544356, 0.36952071479079907, 0.20381057883281553, 0.33291220255069776, 0.5477885077577684, 0.41161371453931705, 0.37297240946505994, 0.4403148273494334, 0.44316665751077244, 0.2771363976150928, 0.29731784941044204, 0.43120428760691104, 0.32272199796688666, 0.140089048838491, 0.23402028640193367, 0.3890103746261715, 0.28616920316614936, 0.0, 0.18848378262946297, 0.3368650083551053], [1.08496411683914, 0.7924798950356546, 0.43073504192881557, 0.15525217124761165, 0.18727533881437503, 0.7347388284879319, 0.5416627352503763, 0.3870465986581457, 0.3521806800609342, 0.6307977697591843, 0.39448584435637457, 0.2568393478006636, 0.2877080461092327, 0.5076120856845892, 0.25976578942441075, 0.12254295995995582, 0.20917340210363178, 0.4525838636651259, 0.18848378262946297, 0.0, 0.14895366816722982], [1.148328701979626, 0.8580188007048671, 0.5198857368269625, 0.2374452828616925, 0.15486422903199834, 0.8826175177228929, 0.6711230606172157, 0.4669275631056008, 0.3498851477564193, 0.7786093822465553, 0.5237969247134917, 0.3220492261736331, 0.23075447946733937, 0.6533070759025554, 0.39811042900142146, 0.18775251625736594, 0.10305897031882244, 0.590191419043563, 0.3368650083551053, 0.14895366816722982, 0.0]]