[[0.0, 0.30135673313480743, 0.5936589256333579, 0.8070578450353727, 0.9794460242888735, 1.0889358050672093, 1.5376131343508463, 1.8252928210066586, 2.057409983707638, 1.0, 1.3542800703700444, 1.1910783143268966, 1.001955895444172, 0.9209226514062163, 1.1197899844979091, 0.9052168082755082, 0.7310671939642712, 0.8471183311813614, 1.0135966984466425, 0.858798114053017, 0.7034994699244127], [0.30135673313480743, 0.0, 0.32376458628161375, 0.594138656312385, 0.8057002991742767, 0.8144149987952237, 1.270381641200606, 1.5630484017193607, 1.7985470806426929, 0.7660004856741341, 1.1354235947886329, 0.9815721080696579, 0.7924172925290252, 0.7469444114495074, 0.9530303667813262, 0.7473069848061928, 0.5747885818737387, 0.7435997579095452, 0.9056040107086409, 0.7636620740801515, 0.6271221513655674], [0.5936589256333579, 0.32376458628161375, 0.0, 0.30360962856126616, 0.5366878855909389, 0.4965295973776154, 0.949314436965355, 1.240753442816909, 1.4756964936761257, 0.44969529807237757, 0.8215912891056868, 0.675327296948645, 0.49184062026283476, 0.4826334520779869, 0.6816823307712814, 0.5012441360345775, 0.3619042813743522, 0.5585812919870654, 0.6961779942801714, 0.5864394003689815, 0.5004193712219582], [0.8070578450353727, 0.594138656312385, 0.30360962856126616, 0.0, 0.2359059576162807, 0.3859611236537996, 0.7677541864509752, 1.039446704992832, 1.2645028896020647, 0.20217537708227643, 0.5486769500942303, 0.38945183329736593, 0.20065889085998578, 0.18786182551274064, 0.3794903221339543, 0.22507177988096194, 0.18650909962850215, 0.3356930774075589, 0.4310495126704701, 0.36903347771539463, 0.3645046172923738], [0.9794460242888735, 0.8057002991742767, 0.5366878855909389, 0.2359059576162807, 0.0, 0.4856457185754141, 0.7353053896261211, 0.9671716529125153, 1.1727277848980393, 0.2436908008097393, 0.4116075571472762, 0.24845520921201028, 0.14122868982005313, 0.06479405734024184, 0.1518977287933039, 0.10998421717475533, 0.2526465914708104, 0.24375710681377005, 0.245811461538172, 0.27149952070475647, 0.3633482032373263], [1.0889358050672093, 0.8144149987952237, 0.4965295973776154, 0.3859611236537996, 0.4856457185754141, 0.0, 0.45773301676376577, 0.7525292316104877, 0.9896202008882065, 0.24339808004805616, 0.4648147192925168, 0.4036646932778018, 0.3498256751278886, 0.47942745949043264, 0.5548382605953831, 0.5371263177118797, 0.5589236050091797, 0.6889014481550717, 0.7250617045827907, 0.7183526959686158, 0.7424310200772929], [1.5376131343508463, 1.270381641200606, 0.949314436965355, 0.7677541864509752, 0.7353053896261211, 0.45773301676376577, 0.0, 0.2954783903395252, 0.5329643360790014, 0.5680022134400577, 0.3986995551949316, 0.5078540542380255, 0.6231535159322273, 0.7648543704974756, 0.706026953331248, 0.8178532742294599, 0.9168508828662734, 0.9769133065027619, 0.9351081935243418, 0.9984355211477624, 1.0788865486385284], [1.8252928210066586, 1.5630484017193607, 1.240753442816909, 1.039446704992832, 0.9671716529125153, 0.7525292316104877, 0.2954783903395252, 0.0, 0.23755546565920066, 0.8381097930336793, 0.5712263353895295, 0.7224431277645929, 0.8741085016156237, 1.0065624386762502, 0.90290146276914, 1.053783166546062, 1.175237755659036, 1.2059464783288503, 1.133790822838457, 1.222990051843711, 1.3231997478178408], [2.057409983707638, 1.7985470806426929, 1.4756964936761257, 1.2645028896020647, 1.1727277848980393, 0.9896202008882065, 0.5329643360790014, 0.23755546565920066, 0.0, 1.0640157544830182, 0.7645030815958823, 0.9259791822919012, 1.0906551651983851, 1.216563434383041, 1.0917737108516803, 1.2601143617978838, 1.3923460074793383, 1.4062239746038232, 1.317812511476398, 1.4204930777094815, 1.5310509190214259], [1.0, 0.7660004856741341, 0.44969529807237757, 0.20217537708227643, 0.2436908008097393, 0.24339808004805616, 0.5680022134400577, 0.8381097930336793, 1.0640157544830182, 0.0, 0.3723144906135041, 0.2366351557983498, 0.11081843883946227, 0.23826454512712947, 0.328421827271531, 0.2994639249040574, 0.3558318340908309, 0.45294601480871294, 0.48226217431645624, 0.4822844246975043, 0.527350775370715], [1.3542800703700444, 1.1354235947886329, 0.8215912891056868, 0.5486769500942303, 0.4116075571472762, 0.4648147192925168, 0.3986995551949316, 0.5712263353895295, 0.7645030815958823, 0.3723144906135041, 0.0, 0.16856995878526088, 0.35442400688091324, 0.45957106825715627, 0.3331878865133456, 0.5002870220594849, 0.6463795517323989, 0.6419895698520888, 0.5636892490376305, 0.6576933920202253, 0.7703725229981154], [1.1910783143268966, 0.9815721080696579, 0.675327296948645, 0.38945183329736593, 0.24845520921201028, 0.4036646932778018, 0.5078540542380255, 0.7224431277645929, 0.9259791822919012, 0.2366351557983498, 0.16856995878526088, 0.0, 0.1911531444893604, 0.2939409780285649, 0.2061537833643758, 0.33759064183091475, 0.47923851998365885, 0.4849029391944296, 0.43032290380360694, 0.5038841708009683, 0.6071182774467054], [1.001955895444172, 0.7924172925290252, 0.49184062026283476, 0.20065889085998578, 0.14122868982005313, 0.3498256751278886, 0.6231535159322273, 0.8741085016156237, 1.0906551651983851, 0.11081843883946227, 0.35442400688091324, 0.1911531444893604, 0.0, 0.151710449952988, 0.23003892548051647, 0.21297227559092102, 0.3068849755622976, 0.3666971403797495, 0.37996066040442444, 0.3945555958800305, 0.46027758315834555], [0.9209226514062163, 0.7469444114495074, 0.4826334520779869, 0.18786182551274064, 0.06479405734024184, 0.47942745949043264, 0.7648543704974756, 1.0065624386762502, 1.216563434383041, 0.23826454512712947, 0.45957106825715627, 0.2939409780285649, 0.151710449952988, 0.0, 0.20631719523853798, 0.07878603837690203, 0.19661339123543414, 0.2180666948586457, 0.25741038629326085, 0.2486053616201788, 0.3209277373713053], [1.1197899844979091, 0.9530303667813262, 0.6816823307712814, 0.3794903221339543, 0.1518977287933039, 0.5548382605953831, 0.706026953331248, 0.90290146276914, 1.0917737108516803, 0.328421827271531, 0.3331878865133456, 0.2061537833643758, 0.23003892548051647, 0.20631719523853798, 0.0, 0.21582461717039295, 0.3911564800033554, 0.3246096549585959, 0.23271730715165667, 0.3334696068965264, 0.4650718316457494], [0.9052168082755082, 0.7473069848061928, 0.5012441360345775, 0.22507177988096194, 0.10998421717475533, 0.5371263177118797, 0.8178532742294599, 1.053783166546062, 1.2601143617978838, 0.2994639249040574, 0.5002870220594849, 0.33759064183091475, 0.21297227559092102, 0.07878603837690203, 0.21582461717039295, 0.0, 0.1766753627367925, 0.1749122704143744, 0.21410956916934612, 0.1893720668662304, 0.27196998890383073], [0.7310671939642712, 0.5747885818737387, 0.3619042813743522, 0.18650909962850215, 0.2526465914708104, 0.5589236050091797, 0.9168508828662734, 1.175237755659036, 1.3923460074793383, 0.3558318340908309, 0.6463795517323989, 0.47923851998365885, 0.3068849755622976, 0.19661339123543414, 0.3911564800033554, 0.1766753627367925, 0.0, 0.20499698507931818, 0.34186855878365874, 0.2291096741898228, 0.19015892864193518], [0.8471183311813614, 0.7435997579095452, 0.5585812919870654, 0.3356930774075589, 0.24375710681377005, 0.6889014481550717, 0.9769133065027619, 1.2059464783288503, 1.4062239746038232, 0.45294601480871294, 0.6419895698520888, 0.4849029391944296, 0.3666971403797495, 0.2180666948586457, 0.3246096549585959, 0.1749122704143744, 0.20499698507931818, 0.0, 0.16738893078211828, 0.05562388845329745, 0.15443960414924182], [1.0135966984466425, 0.9056040107086409, 0.6961779942801714, 0.4310495126704701, 0.245811461538172, 0.7250617045827907, 0.9351081935243418, 1.133790822838457, 1.317812511476398, 0.48226217431645624, 0.5636892490376305, 0.43032290380360694, 0.37996066040442444, 0.25741038629326085, 0.23271730715165667, 0.21410956916934612, 0.34186855878365874, 0.16738893078211828, 0.0, 0.15601987989017815, 0.31217819566015165], [0.858798114053017, 0.7636620740801515, 0.5864394003689815, 0.36903347771539463, 0.27149952070475647, 0.7183526959686158, 0.9984355211477624, 1.222990051843711, 1.4204930777094815, 0.4822844246975043, 0.6576933920202253, 0.5038841708009683, 0.3945555958800305, 0.2486053616201788, 0.3334696068965264, 0.1893720668662304, 0.2291096741898228, 0.05562388845329745, 0.15601987989017815, 0.0, 0.15638060201967247], [0.7034994699244127, 0.6271221513655674, 0.5004193712219582, 0.3645046172923738, 0.3633482032373263, 0.7424310200772929, 1.0788865486385284, 1.3231997478178408, 1.5310509190214259, 0.527350775370715, 0.7703725229981154, 0.6071182774467054, 0.46027758315834555, 0.3209277373713053, 0.4650718316457494, 0.27196998890383073, 0.19015892864193518, 0.15443960414924182, 0.31217819566015165, 0.15638060201967247, 0.0]]