[[0.0, 0.29484864014146456, 0.5773784961077585, 0.7184025395972882, 0.8157956034633758, 1.0692792141256438, 1.5415638826873517, 1.833834514648853, 2.0655946364967304, 1.0, 1.302132676961127, 1.163802982683556, 1.0320252260580904, 0.9262500191566133, 1.2104525635446286, 1.0314344544485357, 0.8605785650609704, 0.8584973091183717, 1.1144831970509026, 1.0219442284755893, 0.8804862318956295], [0.29484864014146456, 0.0, 0.33169704021448676, 0.5576532039439273, 0.7351300195578975, 0.9060364754218313, 1.3838632514296443, 1.677144417162728, 1.9128223016934092, 0.8920899455624683, 1.2135500446645358, 1.0808557608902394, 0.9484990823407027, 0.8792798547022999, 1.169607311269162, 0.9947211569295541, 0.8235610496375432, 0.8804038600685901, 1.1337767749257026, 1.038040858829876, 0.8909934339626893], [0.5773784961077585, 0.33169704021448676, 0.0, 0.2848805111622253, 0.5225873868861934, 0.6002507452910048, 1.07145832615437, 1.3625048701962361, 1.5985335914708925, 0.6334388795277959, 0.9544840498528341, 0.8342745559166285, 0.7130948940510585, 0.6838274294575409, 0.956604776325008, 0.7984863730448933, 0.6461743745259774, 0.7601732883032293, 0.985005122449133, 0.8938717517100774, 0.7567818290801946], [0.7184025395972882, 0.5576532039439273, 0.2848805111622253, 0.0, 0.2524330202101351, 0.3562067614467893, 0.8330159425936273, 1.1265683990201811, 1.3611753944293525, 0.3509672784956691, 0.6732732002943388, 0.5514396685396431, 0.43281571584759765, 0.4139057057304338, 0.6753832257536334, 0.5242437889794679, 0.38838504531496393, 0.5317117719111284, 0.7272774653057239, 0.641824897703266, 0.5188595232597519], [0.8157956034633758, 0.7351300195578975, 0.5225873868861934, 0.2524330202101351, 0.0, 0.34652189006299294, 0.7588987321497167, 1.0419435318900576, 1.2669737359096904, 0.19820439976159615, 0.49268098983144915, 0.35666989080436756, 0.22872046650577044, 0.1685375206157789, 0.4438445854022973, 0.28062951611010706, 0.14591310537099775, 0.3043581575588601, 0.47792462875140956, 0.3947288386868435, 0.28409858083021666], [1.0692792141256438, 0.9060364754218313, 0.6002507452910048, 0.3562067614467893, 0.34652189006299294, 0.0, 0.4784610594314785, 0.7721878041188625, 1.0074024211542436, 0.20873372784460137, 0.41630168677863183, 0.36093110892200025, 0.3482196819307423, 0.40891703278632463, 0.5235103841919275, 0.46011676742284663, 0.4435412861526496, 0.6134658381997733, 0.68966495096229, 0.638281640188168, 0.5830473976120103], [1.5415638826873517, 1.3838632514296443, 1.07145832615437, 0.8330159425936273, 0.7588987321497167, 0.4784610594314785, 0.0, 0.293871829777993, 0.5291305776346715, 0.5656612724450835, 0.40810908679159824, 0.5095176353084949, 0.6174546833078604, 0.7287081113674116, 0.6215297006634826, 0.6981256378347558, 0.7910587876171684, 0.9268246370991369, 0.864931483759475, 0.8659708507378039, 0.8896975808272254], [1.833834514648853, 1.677144417162728, 1.3625048701962361, 1.1265683990201811, 1.0419435318900576, 0.7721878041188625, 0.293871829777993, 0.0, 0.23615199022770988, 0.8480730498265061, 0.6268523879920609, 0.7470322895993378, 0.8626688905019873, 0.9931692382179211, 0.8299231513151003, 0.9432592478398344, 1.058898461621083, 1.1788563347908267, 1.073107428326586, 1.0934161160539444, 1.1414770989602325], [2.0655946364967304, 1.9128223016934092, 1.5985335914708925, 1.3611753944293525, 1.2669737359096904, 1.0074024211542436, 0.5291305776346715, 0.23615199022770988, 0.0, 1.0736697190664792, 0.8257474814283142, 0.9533003494982597, 1.0714717673772873, 1.2063841175402548, 1.0143124868375701, 1.1457159446079035, 1.273698145247862, 1.382070120764804, 1.2501842565226169, 1.282212464256749, 1.3450168538006948], [1.0, 0.8920899455624683, 0.6334388795277959, 0.3509672784956691, 0.19820439976159615, 0.20873372784460137, 0.5656612724450835, 0.8480730498265061, 1.0736697190664792, 0.0, 0.3244399946452393, 0.2108852396002417, 0.1716146568754139, 0.2029618757294982, 0.3513094504295878, 0.2557601067241017, 0.2483560008695225, 0.4116326747811863, 0.48573601351949525, 0.4304764484098971, 0.379754025327047], [1.302132676961127, 1.2135500446645358, 0.9544840498528341, 0.6732732002943388, 0.49268098983144915, 0.41630168677863183, 0.40810908679159824, 0.6268523879920609, 0.8257474814283142, 0.3244399946452393, 0.0, 0.17078804935532754, 0.3280618781731285, 0.3906805141001927, 0.21623346798385984, 0.32141814448632994, 0.46066836240672077, 0.5569348283066241, 0.46035540784123286, 0.4694550170815792, 0.5204630193520411], [1.163802982683556, 1.0808557608902394, 0.8342745559166285, 0.5514396685396431, 0.35666989080436756, 0.36093110892200025, 0.5095176353084949, 0.7470322895993378, 0.9533003494982597, 0.2108852396002417, 0.17078804935532754, 0.0, 0.15902803163591403, 0.25933346628185183, 0.21879580894166265, 0.21539687532186325, 0.32531433566220147, 0.4431416384443553, 0.4116997715682447, 0.3902836944677348, 0.40556839988896654], [1.0320252260580904, 0.9484990823407027, 0.7130948940510585, 0.43281571584759765, 0.22872046650577044, 0.3482196819307423, 0.6174546833078604, 0.8626688905019873, 1.0714717673772873, 0.1716146568754139, 0.3280618781731285, 0.15902803163591403, 0.0, 0.1930688467699224, 0.3347518514212288, 0.23393881498303123, 0.22873915423706298, 0.3858719618544108, 0.44897731158554327, 0.39599287215888396, 0.35216170046747536], [0.9262500191566133, 0.8792798547022999, 0.6838274294575409, 0.4139057057304338, 0.1685375206157789, 0.40891703278632463, 0.7287081113674116, 0.9931692382179211, 1.2063841175402548, 0.2029618757294982, 0.3906805141001927, 0.25933346628185183, 0.1930688467699224, 0.0, 0.2913406738222234, 0.12038997518433414, 0.07834557264438013, 0.21016164363935824, 0.3191881057357559, 0.24517974127768632, 0.17864194915955572], [1.2104525635446286, 1.169607311269162, 0.956604776325008, 0.6753832257536334, 0.4438445854022973, 0.5235103841919275, 0.6215297006634826, 0.8299231513151003, 1.0143124868375701, 0.3513094504295878, 0.21623346798385984, 0.21879580894166265, 0.3347518514212288, 0.2913406738222234, 0.0, 0.1812747415679423, 0.3540319583279984, 0.3900649910616202, 0.24595803788824072, 0.2692473831938222, 0.35706795537965186], [1.0314344544485357, 0.9947211569295541, 0.7984863730448933, 0.5242437889794679, 0.28062951611010706, 0.46011676742284663, 0.6981256378347558, 0.9432592478398344, 1.1457159446079035, 0.2557601067241017, 0.32141814448632994, 0.21539687532186325, 0.23393881498303123, 0.12038997518433414, 0.1812747415679423, 0.0, 0.17380254224218505, 0.23854451873174157, 0.23389585485465247, 0.18576768817805336, 0.2002328733132259], [0.8605785650609704, 0.8235610496375432, 0.6461743745259774, 0.38838504531496393, 0.14591310537099775, 0.4435412861526496, 0.7910587876171684, 1.058898461621083, 1.273698145247862, 0.2483560008695225, 0.46066836240672077, 0.32531433566220147, 0.22873915423706298, 0.07834557264438013, 0.3540319583279984, 0.17380254224218505, 0.0, 0.1774029060714706, 0.34225257326343467, 0.25528081060220986, 0.1492222063810653], [0.8584973091183717, 0.8804038600685901, 0.7601732883032293, 0.5317117719111284, 0.3043581575588601, 0.6134658381997733, 0.9268246370991369, 1.1788563347908267, 1.382070120764804, 0.4116326747811863, 0.5569348283066241, 0.4431416384443553, 0.3858719618544108, 0.21016164363935824, 0.3900649910616202, 0.23854451873174157, 0.1774029060714706, 0.0, 0.25804929368294294, 0.1650308298214649, 0.048899650274629586], [1.1144831970509026, 1.1337767749257026, 0.985005122449133, 0.7272774653057239, 0.47792462875140956, 0.68966495096229, 0.864931483759475, 1.073107428326586, 1.2501842565226169, 0.48573601351949525, 0.46035540784123286, 0.4116997715682447, 0.44897731158554327, 0.3191881057357559, 0.24595803788824072, 0.23389585485465247, 0.34225257326343467, 0.25804929368294294, 0.0, 0.0970413104425643, 0.24383549452857456], [1.0219442284755893, 1.038040858829876, 0.8938717517100774, 0.641824897703266, 0.3947288386868435, 0.638281640188168, 0.8659708507378039, 1.0934161160539444, 1.282212464256749, 0.4304764484098971, 0.4694550170815792, 0.3902836944677348, 0.39599287215888396, 0.24517974127768632, 0.2692473831938222, 0.18576768817805336, 0.25528081060220986, 0.1650308298214649, 0.0970413104425643, 0.0, 0.1475264895124572], [0.8804862318956295, 0.8909934339626893, 0.7567818290801946, 0.5188595232597519, 0.28409858083021666, 0.5830473976120103, 0.8896975808272254, 1.1414770989602325, 1.3450168538006948, 0.379754025327047, 0.5204630193520411, 0.40556839988896654, 0.35216170046747536, 0.17864194915955572, 0.35706795537965186, 0.2002328733132259, 0.1492222063810653, 0.048899650274629586, 0.24383549452857456, 0.1475264895124572, 0.0]]