[[0.0, 0.4322508192496177, 0.7737200673145997, 1.0015856866368136, 1.0758604989780824, 1.0093711287944915, 1.3438265685753887, 1.5216331750403413, 1.6400782777987997, 1.0, 1.3451744916152857, 1.482464321871527, 1.558054098177716, 0.987908845495721, 1.3063663370720888, 1.43289449786585, 1.4993156004796535, 0.9742319406353585, 1.2202196171674036, 1.3324647560178757, 1.404764328257342], [0.4322508192496177, 0.0, 0.37832523624012104, 0.6456883548796131, 0.7693690504355828, 0.6627435953327118, 1.0027154186931146, 1.1886200688167152, 1.3140305399954681, 0.7383609792140666, 1.0863386507251214, 1.2251955094058098, 1.3015039237369084, 0.8195160779803176, 1.1290147128730181, 1.2532803969335569, 1.319211891607213, 0.9100517747102657, 1.1345957213609075, 1.238343328187055, 1.3035233865743365], [0.7737200673145997, 0.37832523624012104, 0.0, 0.28041976389626777, 0.4374073948416246, 0.30371799915469266, 0.634299675945805, 0.8210105925299416, 0.9479056752615675, 0.4552203338556635, 0.7698303852670927, 0.903045710332005, 0.9771007307601833, 0.6184353957565804, 0.8782189803436967, 0.9911004366375776, 1.052660237241279, 0.7928255966002983, 0.9652757719615268, 1.0511213797818977, 1.1047302475780416], [1.0015856866368136, 0.6456883548796131, 0.28041976389626777, 0.0, 0.1846854525656464, 0.05033585940901274, 0.3589959265580898, 0.5448084084237953, 0.6708287473897143, 0.2689593661506757, 0.5113193115410998, 0.63741131454173, 0.7092215833510869, 0.4848896518595258, 0.6675315901676518, 0.7653936064104091, 0.8214951768564657, 0.7063527695590603, 0.8166832328326131, 0.8820090598637745, 0.9235353360686825], [1.0758604989780824, 0.7693690504355828, 0.4374073948416246, 0.1846854525656464, 0.0, 0.1599265564363426, 0.28637665463429873, 0.4518956688028412, 0.5682165027688982, 0.14231003509654058, 0.34242572398803317, 0.47362411555145806, 0.5478917824572244, 0.35349962214735997, 0.4916249211465093, 0.586939319430264, 0.6430617668836648, 0.586015426909514, 0.6593855115739123, 0.7152922965865723, 0.7523617276372531], [1.0093711287944915, 0.6627435953327118, 0.30371799915469266, 0.05033585940901274, 0.1599265564363426, 0.0, 0.34103298904761353, 0.5262463595051142, 0.6515644752365694, 0.23682481109630038, 0.4794082814518517, 0.6072544422611905, 0.679876594730365, 0.455565830629527, 0.6340363803207477, 0.7322484714539754, 0.7886904565619227, 0.6796655244798354, 0.7854047954106498, 0.8497683449790107, 0.8909063013619196], [1.3438265685753887, 1.0027154186931146, 0.634299675945805, 0.3589959265580898, 0.28637665463429873, 0.34103298904761353, 0.0, 0.18691879277287574, 0.3141002287561646, 0.40174824625122163, 0.31899763751597854, 0.3861602172580478, 0.4403593008409008, 0.5825693545881125, 0.5741541135832641, 0.6191029988157546, 0.6542845786805693, 0.81090417036534, 0.8136102908783118, 0.8350643232577494, 0.8497071389500206], [1.5216331750403413, 1.1886200688167152, 0.8210105925299416, 0.5448084084237953, 0.4518956688028412, 0.5262463595051142, 0.18691879277287574, 0.0, 0.12769578050508795, 0.5493651531071216, 0.33355680770573565, 0.32588317713887577, 0.3500664642254209, 0.6935023778449674, 0.5951239964262338, 0.6007693192108824, 0.6172932245784053, 0.9058768921491466, 0.858613646754864, 0.8554213834264747, 0.8538822877412232], [1.6400782777987997, 1.3140305399954681, 0.9479056752615675, 0.6708287473897143, 0.5682165027688982, 0.6515644752365694, 0.3141002287561646, 0.12769578050508795, 0.0, 0.6555425688836862, 0.3871510705027243, 0.32969668262240437, 0.3231578472143314, 0.7771683956849041, 0.6295496164344424, 0.6085678957334547, 0.6105592479091734, 0.9759193900636873, 0.8987363113836776, 0.879561649946932, 0.8670887665766042], [1.0, 0.7383609792140666, 0.4552203338556635, 0.2689593661506757, 0.14231003509654058, 0.23682481109630038, 0.40174824625122163, 0.5493651531071216, 0.6555425688836862, 0.0, 0.351946420346276, 0.4915880253473526, 0.5684087287044022, 0.2222648785241543, 0.4238129526407156, 0.5368405969913335, 0.5996086660375701, 0.45329376695820933, 0.5494382823119945, 0.6182127403488282, 0.6639608849128981], [1.3451744916152857, 1.0863386507251214, 0.7698303852670927, 0.5113193115410998, 0.34242572398803317, 0.4794082814518517, 0.31899763751597854, 0.33355680770573565, 0.3871510705027243, 0.351946420346276, 0.0, 0.14047311076265778, 0.2204873285149573, 0.40496331988561307, 0.2651832858335037, 0.30140035752864114, 0.3424859590642469, 0.5906694093783516, 0.52568101986742, 0.5284761899405997, 0.536271685403032], [1.482464321871527, 1.2251955094058098, 0.903045710332005, 0.63741131454173, 0.47362411555145806, 0.6072544422611905, 0.3861602172580478, 0.32588317713887577, 0.32969668262240437, 0.4915880253473526, 0.14047311076265778, 0.0, 0.08122976222805917, 0.5260819732360591, 0.30811808388963785, 0.2812395552082077, 0.29278092841688586, 0.6868736029579456, 0.5766039829982633, 0.5512083028973495, 0.5392385775802453], [1.558054098177716, 1.3015039237369084, 0.9771007307601833, 0.7092215833510869, 0.5478917824572244, 0.679876594730365, 0.4403593008409008, 0.3500664642254209, 0.3231578472143314, 0.5684087287044022, 0.2204873285149573, 0.08122976222805917, 0.0, 0.5964757637291206, 0.3569828394838982, 0.3025762501533476, 0.2932803687559211, 0.7464071449172519, 0.6183493697564831, 0.5799188102994205, 0.5575690318601685], [0.987908845495721, 0.8195160779803176, 0.6184353957565804, 0.4848896518595258, 0.35349962214735997, 0.455565830629527, 0.5825693545881125, 0.6935023778449674, 0.7771683956849041, 0.2222648785241543, 0.40496331988561307, 0.5260819732360591, 0.5964757637291206, 0.0, 0.3207942142195769, 0.44796281891122525, 0.5149152705234878, 0.23426499954068591, 0.34763736700669484, 0.43491852361134525, 0.4932055035838149], [1.3063663370720888, 1.1290147128730181, 0.8782189803436967, 0.6675315901676518, 0.4916249211465093, 0.6340363803207477, 0.5741541135832641, 0.5951239964262338, 0.6295496164344424, 0.4238129526407156, 0.2651832858335037, 0.30811808388963785, 0.3569828394838982, 0.3207942142195769, 0.0, 0.12795777908972808, 0.19762446023572647, 0.4052227863863085, 0.2701972468950032, 0.26407776006337713, 0.2795082841120775], [1.43289449786585, 1.2532803969335569, 0.9911004366375776, 0.7653936064104091, 0.586939319430264, 0.7322484714539754, 0.6191029988157546, 0.6007693192108824, 0.6085678957334547, 0.5368405969913335, 0.30140035752864114, 0.2812395552082077, 0.3025762501533476, 0.44796281891122525, 0.12795777908972808, 0.0, 0.07074871492663144, 0.5142294902074436, 0.3332618911687306, 0.28036322014990134, 0.2598496482766838], [1.4993156004796535, 1.319211891607213, 1.052660237241279, 0.8214951768564657, 0.6430617668836648, 0.7886904565619227, 0.6542845786805693, 0.6172932245784053, 0.6105592479091734, 0.5996086660375701, 0.3424859590642469, 0.29278092841688586, 0.2932803687559211, 0.5149152705234878, 0.19762446023572647, 0.07074871492663144, 0.0, 0.5741103851543224, 0.3799083921408608, 0.3106798867157844, 0.27306345857997333], [0.9742319406353585, 0.9100517747102657, 0.7928255966002983, 0.7063527695590603, 0.586015426909514, 0.6796655244798354, 0.81090417036534, 0.9058768921491466, 0.9759193900636873, 0.45329376695820933, 0.5906694093783516, 0.6868736029579456, 0.7464071449172519, 0.23426499954068591, 0.4052227863863085, 0.5142294902074436, 0.5741103851543224, 0.0, 0.24615349651977955, 0.3584959569836442, 0.43112707245363063], [1.2202196171674036, 1.1345957213609075, 0.9652757719615268, 0.8166832328326131, 0.6593855115739123, 0.7854047954106498, 0.8136102908783118, 0.858613646754864, 0.8987363113836776, 0.5494382823119945, 0.52568101986742, 0.5766039829982633, 0.6183493697564831, 0.34763736700669484, 0.2701972468950032, 0.3332618911687306, 0.3799083921408608, 0.24615349651977955, 0.0, 0.11261977991486244, 0.1857176030873109], [1.3324647560178757, 1.238343328187055, 1.0511213797818977, 0.8820090598637745, 0.7152922965865723, 0.8497683449790107, 0.8350643232577494, 0.8554213834264747, 0.879561649946932, 0.6182127403488282, 0.5284761899405997, 0.5512083028973495, 0.5799188102994205, 0.43491852361134525, 0.26407776006337713, 0.28036322014990134, 0.3106798867157844, 0.3584959569836442, 0.11261977991486244, 0.0, 0.07437370420025252], [1.404764328257342, 1.3035233865743365, 1.1047302475780416, 0.9235353360686825, 0.7523617276372531, 0.8909063013619196, 0.8497071389500206, 0.8538822877412232, 0.8670887665766042, 0.6639608849128981, 0.536271685403032, 0.5392385775802453, 0.5575690318601685, 0.4932055035838149, 0.2795082841120775, 0.2598496482766838, 0.27306345857997333, 0.43112707245363063, 0.1857176030873109, 0.07437370420025252, 0.0]]