[[0.0, 0.43152331636061264, 0.7917235988245608, 0.9842657733956937, 0.9102970979757969, 1.0131679285552493, 1.392989784860868, 1.3457173724973057, 1.2401560388380926, 1.0, 1.414919376714289, 1.2791838028709572, 1.0946636322621874, 0.98820175389729, 1.39602389147698, 1.2732444886869745, 1.0958118151925818, 0.9682516208488485, 1.2552900097207855, 1.1902245096087778, 1.066802351498082], [0.43152331636061264, 0.0, 0.38956550368011156, 0.624884783419916, 0.6221860090097446, 0.6531912679476273, 1.0426893290137462, 0.9995213644478314, 0.8929411969611103, 0.7141930297909681, 1.1281592856919564, 0.9965473439911556, 0.8110532863718747, 0.7834082442843229, 1.1695599475545495, 1.0494153419391992, 0.8787984344219525, 0.8471557369847765, 1.0977849809914626, 1.0322308873056014, 0.912968084716974], [0.7917235988245608, 0.38956550368011156, 0.0, 0.2604926948355891, 0.3513851993483915, 0.286479985278773, 0.6666345152775862, 0.6268460659622204, 0.5244850205401069, 0.4206811707613777, 0.7940196498194535, 0.6745018422754165, 0.5095609356484494, 0.5683086521474625, 0.8854532256475767, 0.7785420296568126, 0.6383431966864134, 0.7079606347898937, 0.8850326801720492, 0.8279017753822799, 0.7321709606198138], [0.9842657733956937, 0.624884783419916, 0.2604926948355891, 0.0, 0.19923229799957462, 0.08369063494681303, 0.42735012201146927, 0.38246362285781865, 0.2794702918233311, 0.216844825969763, 0.5413828613469349, 0.4259786251964258, 0.28728882504595493, 0.4086970787028864, 0.6504982204747382, 0.5541510256257426, 0.4486464055028375, 0.5882762711784263, 0.6929379313414854, 0.6455253223482293, 0.5774896675114275], [0.9102970979757969, 0.6221860090097446, 0.3513851993483915, 0.19923229799957462, 0.0, 0.22959319851495877, 0.5139737966574414, 0.46489432417064386, 0.37511975180274093, 0.14432756201014443, 0.5258122586481533, 0.3922008002633382, 0.21517933264380923, 0.2414239752049945, 0.566158073436315, 0.45028918689998076, 0.30271230368454705, 0.40477364764128154, 0.5478515931035438, 0.4918159482575376, 0.4069274726439054], [1.0131679285552493, 0.6531912679476273, 0.286479985278773, 0.08369063494681303, 0.22959319851495877, 0.0, 0.3904390880056123, 0.34875082373438604, 0.2510708303247664, 0.22078737258421804, 0.5193440201158019, 0.4125946794901333, 0.29172463388056197, 0.41981331880812944, 0.6399480465897065, 0.5507980028690692, 0.45625057377654504, 0.6033023720967347, 0.6955836725484607, 0.6513522540503616, 0.5885984933542205], [1.392989784860868, 1.0426893290137462, 0.6666345152775862, 0.42735012201146927, 0.5139737966574414, 0.3904390880056123, 0.0, 0.1008843095003483, 0.21032515992575104, 0.42916127863488884, 0.28227894546710924, 0.30412226249747726, 0.39284579335217645, 0.574094869233664, 0.498857492766887, 0.4905058864881385, 0.5320790114280507, 0.7550211011676911, 0.6838042516836776, 0.6754263381743536, 0.6849972392119114], [1.3457173724973057, 0.9995213644478314, 0.6268460659622204, 0.38246362285781865, 0.46489432417064386, 0.34875082373438604, 0.1008843095003483, 0.0, 0.12163085974585407, 0.38207303589565506, 0.28048971357764174, 0.2565665395405938, 0.3264441845791851, 0.5300193854084025, 0.4836189551767741, 0.4520179793784841, 0.47622919453427015, 0.7121602370046753, 0.6535347489734147, 0.635923432534848, 0.6361416661821366], [1.2401560388380926, 0.8929411969611103, 0.5244850205401069, 0.2794702918233311, 0.37511975180274093, 0.2510708303247664, 0.21032515992575104, 0.12163085974585407, 0.0, 0.3131664310856379, 0.3497125887214473, 0.27367835283247477, 0.2561197857234266, 0.47901050177412907, 0.5206187648883793, 0.4568722616566827, 0.4313621235057829, 0.663287205218312, 0.6511027294916027, 0.6186974062877789, 0.5939935549929418], [1.0, 0.7141930297909681, 0.4206811707613777, 0.216844825969763, 0.14432756201014443, 0.22078737258421804, 0.42916127863488884, 0.38207303589565506, 0.3131664310856379, 0.0, 0.4208036889875118, 0.2884514747124865, 0.13024766767244317, 0.20161849309066374, 0.4704347385863024, 0.3632071410704271, 0.24681978594330092, 0.390733360635534, 0.48257699942159604, 0.4352059717013961, 0.37259289561106096], [1.414919376714289, 1.1281592856919564, 0.7940196498194535, 0.5413828613469349, 0.5258122586481533, 0.5193440201158019, 0.28227894546710924, 0.28048971357764174, 0.3497125887214473, 0.4208036889875118, 0.0, 0.14882387155312932, 0.33748912180861135, 0.46263293714630654, 0.2245207970402403, 0.25890453702888777, 0.37976771572868595, 0.6017304180534835, 0.4442013457098042, 0.4553627445311971, 0.5066190300846682], [1.2791838028709572, 0.9965473439911556, 0.6745018422754165, 0.4259786251964258, 0.3922008002633382, 0.4125946794901333, 0.30412226249747726, 0.2565665395405938, 0.27367835283247477, 0.2884514747124865, 0.14882387155312932, 0.0, 0.19215007755899424, 0.34136153432801253, 0.25627568150053537, 0.19730299422397393, 0.2543107275539959, 0.49816517600781873, 0.4032067699978564, 0.3863001704836625, 0.40423757940925253], [1.0946636322621874, 0.8110532863718747, 0.5095609356484494, 0.28728882504595493, 0.21517933264380923, 0.29172463388056197, 0.39284579335217645, 0.3264441845791851, 0.2561197857234266, 0.13024766767244317, 0.33748912180861135, 0.19215007755899424, 0.0, 0.24093716971610626, 0.39864967893165754, 0.2865006041479481, 0.1893756543740881, 0.4199344265877638, 0.44933038639044076, 0.39954840663980895, 0.35160700847388837], [0.98820175389729, 0.7834082442843229, 0.5683086521474625, 0.4086970787028864, 0.2414239752049945, 0.41981331880812944, 0.574094869233664, 0.5300193854084025, 0.47901050177412907, 0.20161849309066374, 0.46263293714630654, 0.34136153432801253, 0.24093716971610626, 0.0, 0.4093363048386439, 0.2890552562960539, 0.1321004923361917, 0.19224404892282554, 0.3244549294143043, 0.26681547373569, 0.18771270162387044], [1.39602389147698, 1.1695599475545495, 0.8854532256475767, 0.6504982204747382, 0.566158073436315, 0.6399480465897065, 0.498857492766887, 0.4836189551767741, 0.5206187648883793, 0.4704347385863024, 0.2245207970402403, 0.25627568150053537, 0.39864967893165754, 0.4093363048386439, 0.0, 0.136792004184594, 0.3137480966730689, 0.4810916684669383, 0.24761669728025903, 0.2827686322199192, 0.37485093853659884], [1.2732444886869745, 1.0494153419391992, 0.7785420296568126, 0.5541510256257426, 0.45028918689998076, 0.5507980028690692, 0.4905058864881385, 0.4520179793784841, 0.4568722616566827, 0.3632071410704271, 0.25890453702888777, 0.19730299422397393, 0.2865006041479481, 0.2890552562960539, 0.136792004184594, 0.0, 0.18077223609547893, 0.37767586128250935, 0.21400534785081768, 0.20566742520700768, 0.2656186148023875], [1.0958118151925818, 0.8787984344219525, 0.6383431966864134, 0.4486464055028375, 0.30271230368454705, 0.45625057377654504, 0.5320790114280507, 0.47622919453427015, 0.4313621235057829, 0.24681978594330092, 0.37976771572868595, 0.2543107275539959, 0.1893756543740881, 0.1321004923361917, 0.3137480966730689, 0.18077223609547893, 0.0, 0.26393418895706094, 0.2797893802842601, 0.21922515811581048, 0.17149960538013853], [0.9682516208488485, 0.8471557369847765, 0.7079606347898937, 0.5882762711784263, 0.40477364764128154, 0.6033023720967347, 0.7550211011676911, 0.7121602370046753, 0.663287205218312, 0.390733360635534, 0.6017304180534835, 0.49816517600781873, 0.4199344265877638, 0.19224404892282554, 0.4810916684669383, 0.37767586128250935, 0.26393418895706094, 0.0, 0.2921356731138044, 0.23466379698472037, 0.13938886962819327], [1.2552900097207855, 1.0977849809914626, 0.8850326801720492, 0.6929379313414854, 0.5478515931035438, 0.6955836725484607, 0.6838042516836776, 0.6535347489734147, 0.6511027294916027, 0.48257699942159604, 0.4442013457098042, 0.4032067699978564, 0.44933038639044076, 0.3244549294143043, 0.24761669728025903, 0.21400534785081768, 0.2797893802842601, 0.2921356731138044, 0.0, 0.08112830914165306, 0.20282769845477638], [1.1902245096087778, 1.0322308873056014, 0.8279017753822799, 0.6455253223482293, 0.4918159482575376, 0.6513522540503616, 0.6754263381743536, 0.635923432534848, 0.6186974062877789, 0.4352059717013961, 0.4553627445311971, 0.3863001704836625, 0.39954840663980895, 0.26681547373569, 0.2827686322199192, 0.20566742520700768, 0.21922515811581048, 0.23466379698472037, 0.08112830914165306, 0.0, 0.12705843908631395], [1.066802351498082, 0.912968084716974, 0.7321709606198138, 0.5774896675114275, 0.4069274726439054, 0.5885984933542205, 0.6849972392119114, 0.6361416661821366, 0.5939935549929418, 0.37259289561106096, 0.5066190300846682, 0.40423757940925253, 0.35160700847388837, 0.18771270162387044, 0.37485093853659884, 0.2656186148023875, 0.17149960538013853, 0.13938886962819327, 0.20282769845477638, 0.12705843908631395, 0.0]]