[[0.0, 0.34811057153675024, 0.6912936986824885, 0.95546178043048, 1.0040632643490695, 0.9641598219532443, 1.2454302675329665, 1.2766859165036357, 1.248795833524333, 1.0, 1.4358169492912967, 1.7140936518590126, 1.9724001881059352, 0.9638763445903656, 1.3746962423992606, 1.65773016585128, 1.894357235829651, 0.8689205902220981, 1.1761586980519594, 1.3900229917590892, 1.5781183679979305], [0.34811057153675024, 0.0, 0.36767516955739327, 0.6570122927849357, 0.746999217944187, 0.7625601989066583, 1.0337590756379378, 1.0525473032127008, 1.0189295923066841, 0.8691612774443834, 1.2806519035534825, 1.5504070029336534, 1.8048985907750466, 0.9047302520907201, 1.3264027732341612, 1.609085903821444, 1.8421703938261154, 0.8928636199762829, 1.2245340034884613, 1.4486400629148164, 1.639225386952543], [0.6912936986824885, 0.36767516955739327, 0.0, 0.297606518890885, 0.4249020157993346, 0.5058160588199528, 0.7381538838015876, 0.7434301115519828, 0.7063031662950303, 0.6820226227024752, 1.028312916724372, 1.2785151601901101, 1.522861114575563, 0.7944964237686076, 1.1826619182629339, 1.4487411561045949, 1.6689576699543425, 0.8748746343014304, 1.1914462681752063, 1.409446457210079, 1.591967764077749], [0.95546178043048, 0.6570122927849357, 0.297606518890885, 0.0, 0.18241387828466743, 0.34429827538868013, 0.4901493857676095, 0.48100787143284207, 0.4432956147723784, 0.5619215464727415, 0.8062456778304508, 1.0308485895634774, 1.2631296627788209, 0.7313034465380684, 1.0510501980360734, 1.2900343743373428, 1.4927248210444617, 0.8805164742260746, 1.1545182661750448, 1.354599995138324, 1.5225095280174825], [1.0040632643490695, 0.746999217944187, 0.4249020157993346, 0.18241387828466743, 0.0, 0.18956080476151027, 0.3261162683005616, 0.32636539761301064, 0.2897954906344108, 0.40578483869801457, 0.6334737718718404, 0.8667500466410837, 1.1057903422249753, 0.5900384617956667, 0.8813232731949785, 1.1152858893626685, 1.3167036595944046, 0.7642760012931149, 1.0123186076022825, 1.203245055015814, 1.365139699848165], [0.9641598219532443, 0.7625601989066583, 0.5058160588199528, 0.34429827538868013, 0.18956080476151027, 0.0, 0.28158384432155636, 0.3161140144240846, 0.29473825249152297, 0.21959588447091524, 0.5272116992264873, 0.789784414219768, 1.0428249851310687, 0.40354231617369957, 0.7096972874956339, 0.9583102872031699, 1.1707605833585513, 0.5864654975736996, 0.8257138366917587, 1.017463524280526, 1.1814499235279063], [1.2454302675329665, 1.0337590756379378, 0.7381538838015876, 0.4901493857676095, 0.3261162683005616, 0.28158384432155636, 0.0, 0.07106425496906554, 0.11142102178597808, 0.34496083255173615, 0.32405119402393723, 0.543546497494231, 0.7849517342259463, 0.5347934260108392, 0.6655988107779014, 0.8522897529633956, 1.031553970351468, 0.7545374187110747, 0.905191707396619, 1.055294336814078, 1.1894706453321602], [1.2766859165036357, 1.0525473032127008, 0.7434301115519828, 0.48100787143284207, 0.32636539761301064, 0.3161140144240846, 0.07106425496906554, 0.0, 0.05460565746560204, 0.40193041012808706, 0.3589242275541837, 0.5522605806124639, 0.7841858247422467, 0.5933942791251292, 0.7193410995833037, 0.8961738515891239, 1.067990209340268, 0.8118379594908697, 0.9643035126415586, 1.1126121135507026, 1.244496323629023], [1.248795833524333, 1.0189295923066841, 0.7063031662950303, 0.4432956147723784, 0.2897954906344108, 0.29473825249152297, 0.11142102178597808, 0.05460565746560204, 0.0, 0.40455943353291196, 0.4028131558481546, 0.5947943912600009, 0.8242561935243613, 0.5987712727957333, 0.7480143556740537, 0.9312665170738305, 1.105636113524766, 0.8130659232315551, 0.9788569450394476, 1.1328249213131407, 1.2684181561949521], [1.0, 0.8691612774443834, 0.6820226227024752, 0.5619215464727415, 0.40578483869801457, 0.21959588447091524, 0.34496083255173615, 0.40193041012808706, 0.40455943353291196, 0.0, 0.43659082247989356, 0.7151406728530612, 0.9732860088026629, 0.19996575813467118, 0.5030261700652177, 0.7673433808192271, 0.9909244292225066, 0.4120623585924039, 0.6118979107803966, 0.7986043487146164, 0.9619778232259047], [1.4358169492912967, 1.2806519035534825, 1.028312916724372, 0.8062456778304508, 0.6334737718718404, 0.5272116992264873, 0.32405119402393723, 0.3589242275541837, 0.4028131558481546, 0.43659082247989356, 0.0, 0.2785888394428094, 0.5368018513694197, 0.5388102247891964, 0.43526343067355405, 0.5517192226156103, 0.7122166055897432, 0.7498161220575641, 0.772992882679928, 0.8641777193015736, 0.9615577086555522], [1.7140936518590126, 1.5504070029336534, 1.2785151601901101, 1.0308485895634774, 0.8667500466410837, 0.789784414219768, 0.543546497494231, 0.5522605806124639, 0.5947943912600009, 0.7151406728530612, 0.2785888394428094, 0.0, 0.2583655679298392, 0.8057324226600915, 0.5899317910546659, 0.5674519289598917, 0.6351553682829473, 1.0058591552545413, 0.9690047989639348, 1.0076905611578248, 1.059772667258467], [1.9724001881059352, 1.8048985907750466, 1.522861114575563, 1.2631296627788209, 1.1057903422249753, 1.0428249851310687, 0.7849517342259463, 0.7841858247422467, 0.8242561935243613, 0.9732860088026629, 0.5368018513694197, 0.2583655679298392, 0.0, 1.0565172812553842, 0.790307097239907, 0.68200399390084, 0.6572767676648757, 1.2487597014598897, 1.1749850168816733, 1.1771205865320946, 1.193813874084035], [0.9638763445903656, 0.9047302520907201, 0.7944964237686076, 0.7313034465380684, 0.5900384617956667, 0.40354231617369957, 0.5347934260108392, 0.5933942791251292, 0.5987712727957333, 0.19996575813467118, 0.5388102247891964, 0.8057324226600915, 1.0565172812553842, 0.0, 0.42278107365017514, 0.7070780841771093, 0.9424457002376146, 0.22357394523295146, 0.4240989238041308, 0.62654794714148, 0.8021811933151316], [1.3746962423992606, 1.3264027732341612, 1.1826619182629339, 1.0510501980360734, 0.8813232731949785, 0.7096972874956339, 0.6655988107779014, 0.7193410995833037, 0.7480143556740537, 0.5030261700652177, 0.43526343067355405, 0.5899317910546659, 0.790307097239907, 0.42278107365017514, 0.0, 0.28483264924030727, 0.5211511439600591, 0.5269278777920174, 0.3848992058294012, 0.4310868087946103, 0.5314781945025814], [1.65773016585128, 1.609085903821444, 1.4487411561045949, 1.2900343743373428, 1.1152858893626685, 0.9583102872031699, 0.8522897529633956, 0.8961738515891239, 0.9312665170738305, 0.7673433808192271, 0.5517192226156103, 0.5674519289598917, 0.68200399390084, 0.7070780841771093, 0.28483264924030727, 0.0, 0.23672748410059183, 0.8006813503417337, 0.5855422555693796, 0.5164183533510791, 0.5119437276527773], [1.894357235829651, 1.8421703938261154, 1.6689576699543425, 1.4927248210444617, 1.3167036595944046, 1.1707605833585513, 1.031553970351468, 1.067990209340268, 1.105636113524766, 0.9909244292225066, 0.7122166055897432, 0.6351553682829473, 0.6572767676648757, 0.9424457002376146, 0.5211511439600591, 0.23672748410059183, 0.0, 1.0353628314903083, 0.7996326832662451, 0.6874775158297566, 0.621814668008455], [0.8689205902220981, 0.8928636199762829, 0.8748746343014304, 0.8805164742260746, 0.7642760012931149, 0.5864654975736996, 0.7545374187110747, 0.8118379594908697, 0.8130659232315551, 0.4120623585924039, 0.7498161220575641, 1.0058591552545413, 1.2487597014598897, 0.22357394523295146, 0.5269278777920174, 0.8006813503417337, 1.0353628314903083, 0.0, 0.33223246528186623, 0.556517218021493, 0.7467442884200327], [1.1761586980519594, 1.2245340034884613, 1.1914462681752063, 1.1545182661750448, 1.0123186076022825, 0.8257138366917587, 0.905191707396619, 0.9643035126415586, 0.9788569450394476, 0.6118979107803966, 0.772992882679928, 0.9690047989639348, 1.1749850168816733, 0.4240989238041308, 0.3848992058294012, 0.5855422555693796, 0.7996326832662451, 0.33223246528186623, 0.0, 0.22435530589633626, 0.41477042107471074], [1.3900229917590892, 1.4486400629148164, 1.409446457210079, 1.354599995138324, 1.203245055015814, 1.017463524280526, 1.055294336814078, 1.1126121135507026, 1.1328249213131407, 0.7986043487146164, 0.8641777193015736, 1.0076905611578248, 1.1771205865320946, 0.62654794714148, 0.4310868087946103, 0.5164183533510791, 0.6874775158297566, 0.556517218021493, 0.22435530589633626, 0.0, 0.19094750881097647], [1.5781183679979305, 1.639225386952543, 1.591967764077749, 1.5225095280174825, 1.365139699848165, 1.1814499235279063, 1.1894706453321602, 1.244496323629023, 1.2684181561949521, 0.9619778232259047, 0.9615577086555522, 1.059772667258467, 1.193813874084035, 0.8021811933151316, 0.5314781945025814, 0.5119437276527773, 0.621814668008455, 0.7467442884200327, 0.41477042107471074, 0.19094750881097647, 0.0]]