[[0.0, 0.45817881729451493, 0.7819110720748647, 1.0319857206147902, 1.30385142950326, 1.018332683869839, 1.3447883079851137, 1.3972772357366177, 1.304084098277392, 1.0, 1.4767454828384856, 1.7755024938124908, 2.032324953301554, 0.9660964141121875, 1.4235764604734373, 1.7307349677898096, 1.9777717338870964, 0.9336342972511791, 1.276296284102071, 1.5234343108722657, 1.7345713734833368], [0.45817881729451493, 0.0, 0.34514273881925694, 0.6211366090870992, 0.9194739961596022, 0.6700006803255549, 0.9806276809259971, 1.0241096867577228, 0.9262607649875884, 0.7413498154607246, 1.1907194217198238, 1.4776451544792928, 1.7286055023852982, 0.8074653238190115, 1.2350529834468715, 1.525807700791748, 1.7637101572502873, 0.8811682918749086, 1.2167030643845698, 1.451367520130461, 1.6504707664649687], [0.7819110720748647, 0.34514273881925694, 0.0, 0.2831060967805449, 0.5894556805539746, 0.3870180734448086, 0.6614755219071475, 0.6980397950016187, 0.6003258407291764, 0.5401812333809799, 0.9199584542624344, 1.188352163279583, 1.430514043658168, 0.688232787305893, 1.0382859532802522, 1.3007460914175146, 1.5240480278011808, 0.8378387020874871, 1.1241308683295455, 1.331210543658969, 1.510386429236863], [1.0319857206147902, 0.6211366090870992, 0.2831060967805449, 0.0, 0.30791143296010465, 0.20470443802972574, 0.38676289578117595, 0.4178834032941663, 0.3219068251014805, 0.42443131443336923, 0.6814566706831313, 0.9278801961653833, 1.1617915910414036, 0.6275137037220997, 0.8643308211744799, 1.0905667037871156, 1.2969927610300516, 0.8233411821476859, 1.0398992301268979, 1.2114828618846694, 1.366805368009152], [1.30385142950326, 0.9194739961596022, 0.5894556805539746, 0.30791143296010465, 0.0, 0.2986609264656757, 0.11658217978863711, 0.1158486904908674, 0.07620112371250244, 0.45437659865395447, 0.44919461829892343, 0.6454200210707746, 0.8654339444177144, 0.6617393997790518, 0.7163153558969418, 0.8753483070395935, 1.0520794848588078, 0.8756918394280775, 0.9920055835139973, 1.108810235218089, 1.227140779882614], [1.018332683869839, 0.6700006803255549, 0.3870180734448086, 0.20470443802972574, 0.2986609264656757, 0.0, 0.3269933749367649, 0.3816663118403336, 0.2958408842163492, 0.22387276308252602, 0.5341462708133383, 0.8107676962831882, 1.0594951112449598, 0.43408779128915015, 0.6726960500575031, 0.9184316359954043, 1.1380071717200473, 0.6390754127731387, 0.8383426323776466, 1.0100160798500557, 1.1689408457135269], [1.3447883079851137, 0.9806276809259971, 0.6614755219071475, 0.38676289578117595, 0.11658217978863711, 0.3269933749367649, 0.0, 0.07477852969463172, 0.12870678482727177, 0.4338340562635674, 0.34837856916913656, 0.5489026244510413, 0.7763689303490396, 0.6283142254835351, 0.6291680229065345, 0.7763467389536869, 0.9520520247709378, 0.8408840544415144, 0.9254368697034611, 1.0273578158755123, 1.1373984457142157], [1.3972772357366177, 1.0241096867577228, 0.6980397950016187, 0.4178834032941663, 0.1158486904908674, 0.3816663118403336, 0.07477852969463172, 0.0, 0.11079849803935345, 0.49753435250166494, 0.3779811128929187, 0.5412368512590495, 0.7548909886040045, 0.6912110979317875, 0.6721548367677653, 0.7973258361242814, 0.9593977143010948, 0.9028309769965165, 0.9793893635997553, 1.0724323610974635, 1.174310461677038], [1.304084098277392, 0.9262607649875884, 0.6003258407291764, 0.3219068251014805, 0.07620112371250244, 0.2958408842163492, 0.12870678482727177, 0.11079849803935345, 0.0, 0.44479649178635716, 0.44022989942247626, 0.6321944540283057, 0.848737751953947, 0.6486243928081911, 0.6984450468445824, 0.8546062178318711, 1.0295955946589093, 0.8605816252177193, 0.9722233637539671, 1.0865984388647207, 1.203295047846138], [1.0, 0.7413498154607246, 0.5401812333809799, 0.42443131443336923, 0.45437659865395447, 0.22387276308252602, 0.4338340562635674, 0.49753435250166494, 0.44479649178635716, 0.0, 0.47688004984450033, 0.7757009852639416, 1.0325438766940227, 0.21509268104251053, 0.5032812999435868, 0.7851723953592985, 1.0225868059124728, 0.4271879593408909, 0.6171303400619137, 0.8008840166301995, 0.9723658556904391], [1.4767454828384856, 1.1907194217198238, 0.9199584542624344, 0.6814566706831313, 0.44919461829892343, 0.5341462708133383, 0.34837856916913656, 0.3779811128929187, 0.44022989942247626, 0.47688004984450033, 0.0, 0.29912708299930424, 0.5559704963985299, 0.5709983535514175, 0.3312891268703453, 0.42894643781206176, 0.6171104981704937, 0.7451189711761276, 0.6969479693753148, 0.7347244134048335, 0.8126067548934275], [1.7755024938124908, 1.4776451544792928, 1.188352163279583, 0.9278801961653833, 0.6454200210707746, 0.8107676962831882, 0.5489026244510413, 0.5412368512590495, 0.6321944540283057, 0.7757009852639416, 0.29912708299930424, 0.0, 0.2569406149992312, 0.8600872906793302, 0.5116778863589683, 0.39538827783618996, 0.45712994865276235, 1.0164535323754849, 0.8957694154659595, 0.85493275976173, 0.8597421460619994], [2.032324953301554, 1.7286055023852982, 1.430514043658168, 1.1617915910414036, 0.8654339444177144, 1.0594951112449598, 0.7763689303490396, 0.7548909886040045, 0.848737751953947, 1.0325438766940227, 0.5559704963985299, 0.2569406149992312, 0.0, 1.111575003900758, 0.7290253784874633, 0.5206499953361187, 0.44599873657135575, 1.2577916036143928, 1.1000716960242203, 1.0145525300680835, 0.9695578666432486], [0.9660964141121875, 0.8074653238190115, 0.688232787305893, 0.6275137037220997, 0.6617393997790518, 0.43408779128915015, 0.6283142254835351, 0.6912110979317875, 0.6486243928081911, 0.21509268104251053, 0.5709983535514175, 0.8600872906793302, 1.111575003900758, 0.0, 0.457737158854546, 0.7646930835384024, 1.0117394436952738, 0.21460087715274104, 0.4361410302818629, 0.6519688548452538, 0.8449528159316908], [1.4235764604734373, 1.2350529834468715, 1.0382859532802522, 0.8643308211744799, 0.7163153558969418, 0.6726960500575031, 0.6291680229065345, 0.6721548367677653, 0.6984450468445824, 0.5032812999435868, 0.3312891268703453, 0.5116778863589683, 0.7290253784874633, 0.457737158854546, 0.0, 0.30756704800355306, 0.5548274313981699, 0.5473716666967472, 0.38568402682288794, 0.4059700270041916, 0.5131570629968397], [1.7307349677898096, 1.525807700791748, 1.3007460914175146, 1.0905667037871156, 0.8753483070395935, 0.9184316359954043, 0.7763467389536869, 0.7973258361242814, 0.8546062178318711, 0.7851723953592985, 0.42894643781206176, 0.39538827783618996, 0.5206499953361187, 0.7646930835384024, 0.30756704800355306, 0.0, 0.24729286363448316, 0.8452491545442358, 0.6101325383013771, 0.49465512359319724, 0.46623742762421455], [1.9777717338870964, 1.7637101572502873, 1.5240480278011808, 1.2969927610300516, 1.0520794848588078, 1.1380071717200473, 0.9520520247709378, 0.9593977143010948, 1.0295955946589093, 1.0225868059124728, 0.6171104981704937, 0.45712994865276235, 0.44599873657135575, 1.0117394436952738, 0.5548274313981699, 0.24729286363448316, 0.0, 1.088640577136896, 0.8301381975567047, 0.6679496887578129, 0.5636694805799861], [0.9336342972511791, 0.8811682918749086, 0.8378387020874871, 0.8233411821476859, 0.8756918394280775, 0.6390754127731387, 0.8408840544415144, 0.9028309769965165, 0.8605816252177193, 0.4271879593408909, 0.7451189711761276, 1.0164535323754849, 1.2577916036143928, 0.21460087715274104, 0.5473716666967472, 0.8452491545442358, 1.088640577136896, 0.0, 0.34759902396475995, 0.5936333689829592, 0.8033850108136381], [1.276296284102071, 1.2167030643845698, 1.1241308683295455, 1.0398992301268979, 0.9920055835139973, 0.8383426323776466, 0.9254368697034611, 0.9793893635997553, 0.9722233637539671, 0.6171303400619137, 0.6969479693753148, 0.8957694154659595, 1.1000716960242203, 0.4361410302818629, 0.38568402682288794, 0.6101325383013771, 0.8301381975567047, 0.34759902396475995, 0.0, 0.24722080870540894, 0.4584103160137586], [1.5234343108722657, 1.451367520130461, 1.331210543658969, 1.2114828618846694, 1.108810235218089, 1.0100160798500557, 1.0273578158755123, 1.0724323610974635, 1.0865984388647207, 0.8008840166301995, 0.7347244134048335, 0.85493275976173, 1.0145525300680835, 0.6519688548452538, 0.4059700270041916, 0.49465512359319724, 0.6679496887578129, 0.5936333689829592, 0.24722080870540894, 0.0, 0.21156073451417773], [1.7345713734833368, 1.6504707664649687, 1.510386429236863, 1.366805368009152, 1.227140779882614, 1.1689408457135269, 1.1373984457142157, 1.174310461677038, 1.203295047846138, 0.9723658556904391, 0.8126067548934275, 0.8597421460619994, 0.9695578666432486, 0.8449528159316908, 0.5131570629968397, 0.46623742762421455, 0.5636694805799861, 0.8033850108136381, 0.4584103160137586, 0.21156073451417773, 0.0]]