[[0.0, 0.3013535810793149, 0.6153638670216651, 0.8351737867063419, 0.9608115120983615, 1.0849875358038013, 1.4984146367529072, 1.757826445396943, 1.973731262833406, 1.0, 1.2725119544710835, 1.078036942290292, 0.9076794789415153, 0.9340505817826922, 1.16909376774589, 0.9354449298320917, 0.7649949831567932, 0.889100272941596, 1.1025175687179938, 0.9696059893522373, 0.8374302746135014], [0.3013535810793149, 0.0, 0.35357975406488384, 0.6144325459540196, 0.7716335500095987, 0.8224935301942645, 1.244426859121909, 1.5112841166359565, 1.733021157058619, 0.7777561360359926, 1.0690611678744082, 0.8797940319281017, 0.7046514688233394, 0.7709138032239928, 1.016298837524455, 0.7904951887956821, 0.6197765044439385, 0.791543384559449, 1.003012565072791, 0.8760847815873641, 0.7532420125863805], [0.6153638670216651, 0.35357975406488384, 0.0, 0.27765817614024885, 0.4537945143565782, 0.47385825736392456, 0.8929058963623642, 1.1585688626347734, 1.3799788569298286, 0.43377832364017155, 0.7298311104026517, 0.5499085362044025, 0.38290670543189853, 0.4793614518471535, 0.7176250009534959, 0.5174950383735734, 0.3749833860517701, 0.5736822598591599, 0.7591656044887343, 0.6517857406864487, 0.5586243326600004], [0.8351737867063419, 0.6144325459540196, 0.27765817614024885, 0.0, 0.1830654218440269, 0.30541962726580424, 0.6765700030966844, 0.9274923004052832, 1.1410195170950734, 0.17501802901869945, 0.4593323845140491, 0.2788271003198726, 0.13783610724572565, 0.23585111483892743, 0.4536595509928772, 0.28953674962910403, 0.22728827498907012, 0.39670669793617774, 0.5350687733609574, 0.4560640036797236, 0.40959101947118515], [0.9608115120983615, 0.7716335500095987, 0.4537945143565782, 0.1830654218440269, 0.0, 0.3542223445555371, 0.6208020063725459, 0.8435081805881377, 1.0426674688025608, 0.14228365444884533, 0.3250021515662224, 0.14830162142492573, 0.18324452583738726, 0.11270820326233096, 0.28186440398290896, 0.16153255937496414, 0.22977850954160595, 0.29961406407782315, 0.3810973909995816, 0.3315473944122378, 0.33561062523812346], [1.0849875358038013, 0.8224935301942645, 0.47385825736392456, 0.30541962726580424, 0.3542223445555371, 0.0, 0.42372828877135177, 0.6940356475054301, 0.9190596834852264, 0.21904971830910355, 0.3999963705250863, 0.3433906018911968, 0.3597360793584953, 0.4445192405038814, 0.5495010098105868, 0.5064504230218465, 0.5166670350485044, 0.6469584158243896, 0.71461053370959, 0.6814758006865808, 0.6768180833177303], [1.4984146367529072, 1.244426859121909, 0.8929058963623642, 0.6765700030966844, 0.6208020063725459, 0.42372828877135177, 0.0, 0.2721126775728973, 0.49853648982975274, 0.5202768952600397, 0.38729409139696813, 0.5240815279208961, 0.6574570170354848, 0.6960486387953957, 0.636427745350399, 0.7430067569946445, 0.8358067782120644, 0.8871749846536835, 0.8489521000147261, 0.8822836164259197, 0.9363037845369915], [1.757826445396943, 1.5112841166359565, 1.1585688626347734, 0.9274923004052832, 0.8435081805881377, 0.6940356475054301, 0.2721126775728973, 0.0, 0.2266171758186573, 0.7638528112995069, 0.5528089619330526, 0.7253409705697065, 0.8784680556743322, 0.9062003672733947, 0.7846171523433009, 0.9430772650888777, 1.061849033289571, 1.0776700156051116, 0.9928954491853519, 1.0552736041996347, 1.1322802632500764], [1.973731262833406, 1.733021157058619, 1.3799788569298286, 1.1410195170950734, 1.0426674688025608, 0.9190596834852264, 0.49853648982975274, 0.2266171758186573, 0.0, 0.9751117528477644, 0.7358927527661602, 0.9198661535762678, 1.0770393956774704, 1.0972484314287254, 0.9444221143659626, 1.1276539736181366, 1.2596649671379285, 1.2535749112598251, 1.141746398737895, 1.2207935848436504, 1.31064804120378], [1.0, 0.7777561360359926, 0.43377832364017155, 0.17501802901869945, 0.14228365444884533, 0.21904971830910355, 0.5202768952600397, 0.7638528112995069, 0.9751117528477644, 0.0, 0.2990677027319915, 0.15431242512307095, 0.19137127330437864, 0.22620797693943925, 0.35811160283091764, 0.28814390118016836, 0.3241313689329551, 0.4303263248188704, 0.5010209095370933, 0.46270822336082396, 0.464292727122502], [1.2725119544710835, 1.0690611678744082, 0.7298311104026517, 0.4593323845140491, 0.3250021515662224, 0.3999963705250863, 0.38729409139696813, 0.5528089619330526, 0.7358927527661602, 0.2990677027319915, 0.0, 0.2117401373730131, 0.3985958646178169, 0.36271005419782015, 0.2502784839823445, 0.3929166877258954, 0.5286926015682374, 0.5251524511007897, 0.46329919861175284, 0.5064754227804247, 0.5800188667505841], [1.078036942290292, 0.8797940319281017, 0.5499085362044025, 0.2788271003198726, 0.14830162142492573, 0.3433906018911968, 0.5240815279208961, 0.7253409705697065, 0.9198661535762678, 0.15431242512307095, 0.2117401373730131, 0.0, 0.18953502556569593, 0.1912755282576476, 0.24844361654289096, 0.2376112452600604, 0.34072639006659844, 0.38491114170952123, 0.40844325643138796, 0.39559102638998384, 0.4299977457631365], [0.9076794789415153, 0.7046514688233394, 0.38290670543189853, 0.13783610724572565, 0.18324452583738726, 0.3597360793584953, 0.6574570170354848, 0.8784680556743322, 1.0770393956774704, 0.19137127330437864, 0.3985958646178169, 0.18953502556569593, 0.0, 0.20780917884654765, 0.3948912705883851, 0.25181171257338486, 0.22722595268988952, 0.3707189926245956, 0.4850785298805391, 0.4185823032674134, 0.39022526843550454], [0.9340505817826922, 0.7709138032239928, 0.4793614518471535, 0.23585111483892743, 0.11270820326233096, 0.4445192405038814, 0.6960486387953957, 0.9062003672733947, 1.0972484314287254, 0.22620797693943925, 0.36271005419782015, 0.1912755282576476, 0.20780917884654765, 0.0, 0.246166730718779, 0.06692771628254604, 0.17334324591148825, 0.2053440066507232, 0.30169707992053124, 0.2393954927423421, 0.24589907679197648], [1.16909376774589, 1.016298837524455, 0.7176250009534959, 0.4536595509928772, 0.28186440398290896, 0.5495010098105868, 0.636427745350399, 0.7846171523433009, 0.9444221143659626, 0.35811160283091764, 0.2502784839823445, 0.24844361654289096, 0.3948912705883851, 0.246166730718779, 0.0, 0.23433880476211957, 0.4063629405712451, 0.32034581530571415, 0.21356187425796416, 0.2770624400119003, 0.3798333298631873], [0.9354449298320917, 0.7904951887956821, 0.5174950383735734, 0.28953674962910403, 0.16153255937496414, 0.5064504230218465, 0.7430067569946445, 0.9430772650888777, 1.1276539736181366, 0.28814390118016836, 0.3929166877258954, 0.2376112452600604, 0.25181171257338486, 0.06692771628254604, 0.23433880476211957, 0.0, 0.17342939236432245, 0.15023563270538776, 0.249107788456108, 0.17780952927031726, 0.19405506119730603], [0.7649949831567932, 0.6197765044439385, 0.3749833860517701, 0.22728827498907012, 0.22977850954160595, 0.5166670350485044, 0.8358067782120644, 1.061849033289571, 1.2596649671379285, 0.3241313689329551, 0.5286926015682374, 0.34072639006659844, 0.22722595268988952, 0.17334324591148825, 0.4063629405712451, 0.17342939236432245, 0.0, 0.20216744347780605, 0.39256547948466214, 0.2784976213945895, 0.19473496717170097], [0.889100272941596, 0.791543384559449, 0.5736822598591599, 0.39670669793617774, 0.29961406407782315, 0.6469584158243896, 0.8871749846536835, 1.0776700156051116, 1.2535749112598251, 0.4303263248188704, 0.5251524511007897, 0.38491114170952123, 0.3707189926245956, 0.2053440066507232, 0.32034581530571415, 0.15023563270538776, 0.20216744347780605, 0.0, 0.21566982435247134, 0.0878225326897798, 0.06557622816427415], [1.1025175687179938, 1.003012565072791, 0.7591656044887343, 0.5350687733609574, 0.3810973909995816, 0.71461053370959, 0.8489521000147261, 0.9928954491853519, 1.141746398737895, 0.5010209095370933, 0.46329919861175284, 0.40844325643138796, 0.4850785298805391, 0.30169707992053124, 0.21356187425796416, 0.249107788456108, 0.39256547948466214, 0.21566982435247134, 0.0, 0.13341242303128226, 0.2656441682931345], [0.9696059893522373, 0.8760847815873641, 0.6517857406864487, 0.4560640036797236, 0.3315473944122378, 0.6814758006865808, 0.8822836164259197, 1.0552736041996347, 1.2207935848436504, 0.46270822336082396, 0.5064754227804247, 0.39559102638998384, 0.4185823032674134, 0.2393954927423421, 0.2770624400119003, 0.17780952927031726, 0.2784976213945895, 0.0878225326897798, 0.13341242303128226, 0.0, 0.13248633125691145], [0.8374302746135014, 0.7532420125863805, 0.5586243326600004, 0.40959101947118515, 0.33561062523812346, 0.6768180833177303, 0.9363037845369915, 1.1322802632500764, 1.31064804120378, 0.464292727122502, 0.5800188667505841, 0.4299977457631365, 0.39022526843550454, 0.24589907679197648, 0.3798333298631873, 0.19405506119730603, 0.19473496717170097, 0.06557622816427415, 0.2656441682931345, 0.13248633125691145, 0.0]]