[[0.0, 0.5168486639829437, 0.9796664780276904, 1.3831738406034564, 1.6860626797507587, 1.0825130917403107, 1.4098852055240443, 1.1964755617446465, 1.0018231785387162, 1.0, 1.3145986632086777, 1.029298155100844, 0.8202538091343805, 0.9449409761271812, 1.2172954414001742, 0.9913171811809954, 0.7996378548108836, 0.9319043515889054, 1.1343397142973313, 1.0021411975395045, 0.8870304138377076], [0.5168486639829437, 0.0, 0.4763904393064241, 0.8800121955837754, 1.1784459300418744, 0.6891376602229876, 1.0264126650704677, 0.7993996166413393, 0.5856815987303574, 0.7240101189956376, 1.0227853299007177, 0.7384129769749443, 0.5265439371630992, 0.8164194090964147, 1.041536995801952, 0.8295273267323457, 0.6567902931515994, 0.9466298874075025, 1.09274463392581, 0.9754627571842953, 0.8750673480555244], [0.9796664780276904, 0.4763904393064241, 0.0, 0.4045845555277365, 0.7065412629244799, 0.3966552601188154, 0.6723224618730859, 0.46596553498127796, 0.29928016429322113, 0.5951877834419299, 0.7875658539976966, 0.5834716715542112, 0.48347515922532525, 0.8224190884387904, 0.9373448989766827, 0.7966359213699843, 0.7122574998086969, 1.0490723325548037, 1.113193442972282, 1.0346865799109188, 0.973131305041418], [1.3831738406034564, 0.8800121955837754, 0.4045845555277365, 0.0, 0.30554705284255207, 0.521606696115951, 0.5816884940072364, 0.49614760367585137, 0.5019308216608798, 0.7801878463422589, 0.8189647643945431, 0.7517209378646375, 0.7645708924694964, 1.0473598444082066, 1.0619530075157202, 1.000636839299633, 0.9865913705610267, 1.3029386539286427, 1.3080084587419998, 1.2637916592456753, 1.2325350031652529], [1.6860626797507587, 1.1784459300418744, 0.7065412629244799, 0.30554705284255207, 0.0, 0.78670864702822, 0.7340120544193038, 0.7312278682049217, 0.7890057146007071, 1.040347691339974, 1.0081560432602337, 1.0078632204774367, 1.0535812644691824, 1.3094505615076162, 1.280373837620736, 1.2563794818670757, 1.2672937949188097, 1.569471469639667, 1.5495293196675317, 1.5212265103134928, 1.5025421841928859], [1.0825130917403107, 0.6891376602229876, 0.3966552601188154, 0.521606696115951, 0.78670864702822, 0.0, 0.33856755898785046, 0.11561892925549064, 0.11365216094326533, 0.25869769038070717, 0.3916424428549808, 0.2322665915946259, 0.29442278823291246, 0.5267561512681839, 0.564810821632102, 0.48001507637880864, 0.4849497730189249, 0.7847772311359471, 0.789369637783074, 0.7430199074540366, 0.7171233031620793], [1.4098852055240443, 1.0264126650704677, 0.6723224618730859, 0.5816884940072364, 0.7340120544193038, 0.33856755898785046, 0.0, 0.2274501898861612, 0.44167061292168763, 0.45537104053030286, 0.28272436987302796, 0.41869877540812644, 0.5948890992399094, 0.6847871269329339, 0.5709205576875479, 0.6201667848339328, 0.7174253896669083, 0.9364305998755137, 0.861735898036087, 0.8673345870303254, 0.8852966688789199], [1.1964755617446465, 0.7993996166413393, 0.46596553498127796, 0.49614760367585137, 0.7312278682049217, 0.11561892925549064, 0.2274501898861612, 0.0, 0.21435841446394224, 0.31757022420455777, 0.3417579046300772, 0.2815768365610603, 0.39835596261873585, 0.5830173417913599, 0.5666914438848298, 0.5268313577554409, 0.5669559029546949, 0.8438498770658454, 0.8208188348711364, 0.7912491330461222, 0.7801732536779662], [1.0018231785387162, 0.5856815987303574, 0.29928016429322113, 0.5019308216608798, 0.7890057146007071, 0.11365216094326533, 0.44167061292168763, 0.21435841446394224, 0.0, 0.31003294789517577, 0.49695859896412264, 0.2912128060040068, 0.26536486111924634, 0.5612172232071525, 0.6427817066977843, 0.523280830892438, 0.4858320136911998, 0.8088657750818504, 0.8404976997826913, 0.7780662003284858, 0.7360208947063532], [1.0, 0.7240101189956376, 0.5951877834419299, 0.7801878463422589, 1.040347691339974, 0.25869769038070717, 0.45537104053030286, 0.31757022420455777, 0.31003294789517577, 0.0, 0.31657106551235126, 0.046062547498975384, 0.20029556815975144, 0.26938163785625313, 0.34772944329928857, 0.2232947896648544, 0.2637419653105242, 0.5296079329586826, 0.5347576451208842, 0.4851575283273557, 0.4656983705430694], [1.3145986632086777, 1.0227853299007177, 0.7875658539976966, 0.8189647643945431, 1.0081560432602337, 0.3916424428549808, 0.28272436987302796, 0.3417579046300772, 0.49695859896412264, 0.31657106551235126, 0.0, 0.29185985934874187, 0.5112428790860304, 0.45817533026167767, 0.29126571961665865, 0.391700183747056, 0.5410007704381095, 0.6877195242482275, 0.5871500914472922, 0.6096437776851459, 0.6480222098466659], [1.029298155100844, 0.7384129769749443, 0.5834716715542112, 0.7517209378646375, 1.0078632204774367, 0.2322665915946259, 0.41869877540812644, 0.2815768365610603, 0.2912128060040068, 0.046062547498975384, 0.29185985934874187, 0.0, 0.21968212684160154, 0.30319726495813265, 0.3546691970051885, 0.24981668703219612, 0.2998515010604315, 0.5632988127795512, 0.5590027390922817, 0.5144921059442761, 0.49911786649123635], [0.8202538091343805, 0.5265439371630992, 0.48347515922532525, 0.7645708924694964, 1.0535812644691824, 0.29442278823291246, 0.5948890992399094, 0.39835596261873585, 0.26536486111924634, 0.20029556815975144, 0.5112428790860304, 0.21968212684160154, 0.0, 0.34616356268759707, 0.5229630932025924, 0.33284809984902713, 0.23144459388612082, 0.5669801359222744, 0.640055982849008, 0.5530586551414971, 0.49137841772201524], [0.9449409761271812, 0.8164194090964147, 0.8224190884387904, 1.0473598444082066, 1.3094505615076162, 0.5267561512681839, 0.6847871269329339, 0.5830173417913599, 0.5612172232071525, 0.26938163785625313, 0.45817533026167767, 0.30319726495813265, 0.34616356268759707, 0.0, 0.2738865591291712, 0.07214185360712429, 0.16343534577707688, 0.26128930868707845, 0.2952222156212002, 0.21980843958332325, 0.20446570864040742], [1.2172954414001742, 1.041536995801952, 0.9373448989766827, 1.0619530075157202, 1.280373837620736, 0.564810821632102, 0.5709205576875479, 0.5666914438848298, 0.6427817066977843, 0.34772944329928857, 0.29126571961665865, 0.3546691970051885, 0.5229630932025924, 0.2738865591291712, 0.0, 0.22779520370339396, 0.4217045216928611, 0.4313987614373207, 0.29817511316546397, 0.343572681288031, 0.41225588967041105], [0.9913171811809954, 0.8295273267323457, 0.7966359213699843, 1.000636839299633, 1.2563794818670757, 0.48001507637880864, 0.6201667848339328, 0.5268313577554409, 0.523280830892438, 0.2232947896648544, 0.391700183747056, 0.24981668703219612, 0.33284809984902713, 0.07214185360712429, 0.22779520370339396, 0.0, 0.19404924551456706, 0.3215364608495592, 0.3187609159531656, 0.2650902944526427, 0.2659079835988703], [0.7996378548108836, 0.6567902931515994, 0.7122574998086969, 0.9865913705610267, 1.2672937949188097, 0.4849497730189249, 0.7174253896669083, 0.5669559029546949, 0.4858320136911998, 0.2637419653105242, 0.5410007704381095, 0.2998515010604315, 0.23144459388612082, 0.16343534577707688, 0.4217045216928611, 0.19404924551456706, 0.0, 0.33818731244215255, 0.44059949958000894, 0.3350289240658636, 0.26126009753056756], [0.9319043515889054, 0.9466298874075025, 1.0490723325548037, 1.3029386539286427, 1.569471469639667, 0.7847772311359471, 0.9364305998755137, 0.8438498770658454, 0.8088657750818504, 0.5296079329586826, 0.6877195242482275, 0.5632988127795512, 0.5669801359222744, 0.26128930868707845, 0.4313987614373207, 0.3215364608495592, 0.33818731244215255, 0.0, 0.21198306703792594, 0.09537542781377763, 0.0835160651434387], [1.1343397142973313, 1.09274463392581, 1.113193442972282, 1.3080084587419998, 1.5495293196675317, 0.789369637783074, 0.861735898036087, 0.8208188348711364, 0.8404976997826913, 0.5347576451208842, 0.5871500914472922, 0.5590027390922817, 0.640055982849008, 0.2952222156212002, 0.29817511316546397, 0.3187609159531656, 0.44059949958000894, 0.21198306703792594, 0.0, 0.13255133892071003, 0.24794600000312664], [1.0021411975395045, 0.9754627571842953, 1.0346865799109188, 1.2637916592456753, 1.5212265103134928, 0.7430199074540366, 0.8673345870303254, 0.7912491330461222, 0.7780662003284858, 0.4851575283273557, 0.6096437776851459, 0.5144921059442761, 0.5530586551414971, 0.21980843958332325, 0.343572681288031, 0.2650902944526427, 0.3350289240658636, 0.09537542781377763, 0.13255133892071003, 0.0, 0.11560453743757672], [0.8870304138377076, 0.8750673480555244, 0.973131305041418, 1.2325350031652529, 1.5025421841928859, 0.7171233031620793, 0.8852966688789199, 0.7801732536779662, 0.7360208947063532, 0.4656983705430694, 0.6480222098466659, 0.49911786649123635, 0.49137841772201524, 0.20446570864040742, 0.41225588967041105, 0.2659079835988703, 0.26126009753056756, 0.0835160651434387, 0.24794600000312664, 0.11560453743757672, 0.0]]