[[0.0, 0.38749878200634924, 0.7166700081016429, 0.9213286789978861, 1.0153338796647615, 1.0938790386345383, 1.55191673497521, 1.8329471670883357, 2.0622491555717604, 1.0, 1.3063333148525762, 1.1280608550773128, 0.9742565175180232, 0.9334870455796431, 1.1888352763310301, 0.9747106730751741, 0.8073937719466684, 0.8897721627900712, 1.128838010247414, 1.0475287192814786, 0.9591095187925092], [0.38749878200634924, 0.0, 0.36357917026520764, 0.6144860877064108, 0.7625164116594295, 0.746485414526063, 1.2098950276228901, 1.4942268900267155, 1.7261704169251666, 0.7059103134860599, 1.0218684136058978, 0.845048833477305, 0.6884976490827515, 0.7225281182019992, 0.9762257817126327, 0.7589239697831165, 0.5892977138599413, 0.7712025979747357, 0.992551732273719, 0.9074447636558877, 0.8286893743747682], [0.7166700081016429, 0.36357917026520764, 0.0, 0.2722830874006117, 0.4589999580025481, 0.38390847029700015, 0.8470573115126405, 1.1311658571837842, 1.362966054610773, 0.3679017563765494, 0.6775524214311825, 0.510461906767562, 0.3709729971295141, 0.46951572940244624, 0.6905866078396841, 0.4952277640999268, 0.3635725692389336, 0.6097559974841544, 0.7785272926190925, 0.7040153059402188, 0.6556897260839967], [0.9213286789978861, 0.6144860877064108, 0.2722830874006117, 0.0, 0.20696305513109622, 0.22507264989673315, 0.6399410848772474, 0.9156440074370507, 1.1429193032038725, 0.09900834017355917, 0.41054957486789834, 0.24362944970275024, 0.16365333393651468, 0.27231757396474315, 0.4380872597488269, 0.282416099355556, 0.24560162865060506, 0.4746149559957924, 0.5754518024994139, 0.5217860934921017, 0.5149937630729206], [1.0153338796647615, 0.7625164116594295, 0.4589999580025481, 0.20696305513109622, 0.0, 0.3573005426434678, 0.6395277277862805, 0.8867610316712842, 1.0999768947943966, 0.14064655375701998, 0.3045476948451115, 0.1572925674008358, 0.23311557691459084, 0.13385834628914678, 0.2399298546912707, 0.12331092890081953, 0.22006733198463796, 0.3463673537633917, 0.3865068724453391, 0.35609728943326985, 0.39026621275497037], [1.0938790386345383, 0.746485414526063, 0.38390847029700015, 0.22507264989673315, 0.3573005426434678, 0.0, 0.46354234291031643, 0.7479203773775849, 0.9799503802917409, 0.2279038210829672, 0.38384826637946395, 0.30537339470681807, 0.33277449754194216, 0.4655409081668701, 0.5445790852925213, 0.4607252466857766, 0.46378411728057545, 0.6809014973669769, 0.7362193682707273, 0.6977141878184273, 0.7050308154821452], [1.55191673497521, 1.2098950276228901, 0.8470573115126405, 0.6399410848772474, 0.6395277277862805, 0.46354234291031643, 0.0, 0.2845915251297168, 0.5168146427496862, 0.5805203488012856, 0.38862137587750145, 0.512688122426907, 0.6506673019317613, 0.7687234906006148, 0.6728190666626728, 0.7401784033925718, 0.8323594459329562, 0.973139036876444, 0.9123644058728153, 0.9163123017554108, 0.9641072030345138], [1.8329471670883357, 1.4942268900267155, 1.1311658571837842, 0.9156440074370507, 0.8867610316712842, 0.7479203773775849, 0.2845915251297168, 0.0, 0.23231621580352196, 0.8482390815112332, 0.5994690980470634, 0.748002309358089, 0.8932216493840822, 1.011389530723641, 0.86504639747279, 0.9777352826699034, 1.091005283464368, 1.2006468471106848, 1.0976067268884107, 1.1167396225064146, 1.1755360400471866], [2.0622491555717604, 1.7261704169251666, 1.362966054610773, 1.1429193032038725, 1.0999768947943966, 0.9799503802917409, 0.5168146427496862, 0.23231621580352196, 0.0, 1.0718408584467027, 0.8039657581145643, 0.9618619078256078, 1.1045144109464224, 1.2206489045777373, 1.0503025429129103, 1.184829081971482, 1.308396019146866, 1.3990959720437246, 1.2726883461597254, 1.3004416148373337, 1.3647757980862152], [1.0, 0.7059103134860599, 0.3679017563765494, 0.09900834017355917, 0.14064655375701998, 0.2279038210829672, 0.5805203488012856, 0.8482390815112332, 1.0718408584467027, 0.0, 0.31690747808482234, 0.14951428475526424, 0.17780750159521255, 0.23817893019519634, 0.35444834231437283, 0.2357954563584418, 0.2618424398185646, 0.4551184881429032, 0.5176005944337053, 0.4770351966243495, 0.49037201950304515], [1.3063333148525762, 1.0218684136058978, 0.6775524214311825, 0.41054957486789834, 0.3045476948451115, 0.38384826637946395, 0.38862137587750145, 0.5994690980470634, 0.8039657581145643, 0.31690747808482234, 0.0, 0.20818279725508926, 0.39349129733268007, 0.4176668223871882, 0.28604702273295984, 0.38313638945610856, 0.5158150706781235, 0.6017885503092374, 0.5274912537100641, 0.5417513017147758, 0.6053285990525522], [1.1280608550773128, 0.845048833477305, 0.510461906767562, 0.24362944970275024, 0.1572925674008358, 0.30537339470681807, 0.512688122426907, 0.748002309358089, 0.9618619078256078, 0.14951428475526424, 0.20818279725508926, 0.0, 0.18592558981102017, 0.281218624716102, 0.29510759490244903, 0.2571404635758949, 0.3492710010989403, 0.4918806723257678, 0.4987577596097359, 0.48322818058567385, 0.5229604771501408], [0.9742565175180232, 0.6884976490827515, 0.3709729971295141, 0.16365333393651468, 0.23311557691459084, 0.33277449754194216, 0.6506673019317613, 0.8932216493840822, 1.1045144109464224, 0.17780750159521255, 0.39349129733268007, 0.18592558981102017, 0.0, 0.2763348261127502, 0.4208722546148107, 0.27742821255196287, 0.25183404270112875, 0.4700572495817095, 0.559455581097286, 0.5142941307520291, 0.5163459398908663], [0.9334870455796431, 0.7225281182019992, 0.46951572940244624, 0.27231757396474315, 0.13385834628914678, 0.4655409081668701, 0.7687234906006148, 1.011389530723641, 1.2206489045777373, 0.23817893019519634, 0.4176668223871882, 0.281218624716102, 0.2763348261127502, 0.0, 0.2589695771793529, 0.05719591871366579, 0.1408480290240753, 0.2184402378406866, 0.31284142220112415, 0.25822558209688284, 0.28053644734170036], [1.1888352763310301, 0.9762257817126327, 0.6905866078396841, 0.4380872597488269, 0.2399298546912707, 0.5445790852925213, 0.6728190666626728, 0.86504639747279, 1.0503025429129103, 0.35444834231437283, 0.28604702273295984, 0.29510759490244903, 0.4208722546148107, 0.2589695771793529, 0.0, 0.21957204686729614, 0.3921823161328943, 0.361227342641006, 0.244974844762132, 0.28310130312503023, 0.3730385405927024], [0.9747106730751741, 0.7589239697831165, 0.4952277640999268, 0.282416099355556, 0.12331092890081953, 0.4607252466857766, 0.7401784033925718, 0.9777352826699034, 1.184829081971482, 0.2357954563584418, 0.38313638945610856, 0.2571404635758949, 0.27742821255196287, 0.05719591871366579, 0.21957204686729614, 0.0, 0.17285054113052215, 0.2440132861232326, 0.30145100300491134, 0.2577420510086272, 0.2917810377250015], [0.8073937719466684, 0.5892977138599413, 0.3635725692389336, 0.24560162865060506, 0.22006733198463796, 0.46378411728057545, 0.8323594459329562, 1.091005283464368, 1.308396019146866, 0.2618424398185646, 0.5158150706781235, 0.3492710010989403, 0.25183404270112875, 0.1408480290240753, 0.3921823161328943, 0.17285054113052215, 0.0, 0.2635956314832406, 0.4251997628341222, 0.3485713180078357, 0.3132261291543268], [0.8897721627900712, 0.7712025979747357, 0.6097559974841544, 0.4746149559957924, 0.3463673537633917, 0.6809014973669769, 0.973139036876444, 1.2006468471106848, 1.3990959720437246, 0.4551184881429032, 0.6017885503092374, 0.4918806723257678, 0.4700572495817095, 0.2184402378406866, 0.361227342641006, 0.2440132861232326, 0.2635956314832406, 0.0, 0.2397757118547349, 0.16961089452960956, 0.17180587680092274], [1.128838010247414, 0.992551732273719, 0.7785272926190925, 0.5754518024994139, 0.3865068724453391, 0.7362193682707273, 0.9123644058728153, 1.0976067268884107, 1.2726883461597254, 0.5176005944337053, 0.5274912537100641, 0.4987577596097359, 0.559455581097286, 0.31284142220112415, 0.244974844762132, 0.30145100300491134, 0.4251997628341222, 0.2397757118547349, 0.0, 0.11965142728697298, 0.22932520695430342], [1.0475287192814786, 0.9074447636558877, 0.7040153059402188, 0.5217860934921017, 0.35609728943326985, 0.6977141878184273, 0.9163123017554108, 1.1167396225064146, 1.3004416148373337, 0.4770351966243495, 0.5417513017147758, 0.48322818058567385, 0.5142941307520291, 0.25822558209688284, 0.28310130312503023, 0.2577420510086272, 0.3485713180078357, 0.16961089452960956, 0.11965142728697298, 0.0, 0.11309193075852124], [0.9591095187925092, 0.8286893743747682, 0.6556897260839967, 0.5149937630729206, 0.39026621275497037, 0.7050308154821452, 0.9641072030345138, 1.1755360400471866, 1.3647757980862152, 0.49037201950304515, 0.6053285990525522, 0.5229604771501408, 0.5163459398908663, 0.28053644734170036, 0.3730385405927024, 0.2917810377250015, 0.3132261291543268, 0.17180587680092274, 0.22932520695430342, 0.11309193075852124, 0.0]]