[[0.0, 0.32470257573031264, 0.6288633988358746, 0.8483543141853837, 0.9961257631237578, 1.0301822058953154, 1.4986245111987058, 1.78604029099057, 2.023187915819781, 1.0, 1.3552276462516197, 1.2270182914730277, 1.0747378604529159, 0.9552257771709847, 1.2478902042520732, 1.0741150100022177, 0.9010114975381179, 0.9155679377202322, 1.2786284628593554, 1.51056007770677, 1.698878594770382], [0.32470257573031264, 0.0, 0.35359432121519296, 0.6391399634211544, 0.8367525166274191, 0.8206280705158572, 1.2830231141110207, 1.5685529677667913, 1.8075886583506304, 0.8523152801273891, 1.2171010023006352, 1.0876778879183957, 0.932937376278108, 0.8758199873264063, 1.1763246178440605, 0.9864198366123149, 0.7946245423817473, 0.914157264896994, 1.2802550626062421, 1.5107006064355628, 1.69433964852303], [0.6288633988358746, 0.35359432121519296, 0.0, 0.3163623839439566, 0.5421853664184169, 0.4857215850530281, 0.9376660683511429, 1.22117884391138, 1.459897292799592, 0.5655171320114313, 0.9179614039186883, 0.7929732681580386, 0.645600318767207, 0.6558241826350455, 0.9370636386047271, 0.7460468144445547, 0.5578722412830202, 0.7728943538864886, 1.1064122820294358, 1.3226772973452074, 1.494644518700916], [0.8483543141853837, 0.6391399634211544, 0.3163623839439566, 0.0, 0.23387330756348781, 0.20612726873090295, 0.6644017549403278, 0.9502917729328199, 1.1876260768237632, 0.2629893907560206, 0.6058280451652512, 0.4818381585144196, 0.33951117845044104, 0.4072965221607776, 0.65073349456005, 0.4690538230690043, 0.31111477490883815, 0.5868777135540952, 0.8616158225485272, 1.059630048863515, 1.220280772762846], [0.9961257631237578, 0.8367525166274191, 0.5421853664184169, 0.23387330756348781, 0.0, 0.2227095345712527, 0.5606666138759929, 0.8326909345520075, 1.0602642659003971, 0.10691776200084846, 0.39471744972244466, 0.2668435689599452, 0.13484022077236518, 0.2521189528503906, 0.42783650475346846, 0.26313854719873686, 0.20651682662628704, 0.46485437525944306, 0.6637213247817811, 0.8449236080231437, 0.9979955082119544], [1.0301822058953154, 0.8206280705158572, 0.4857215850530281, 0.20612726873090295, 0.2227095345712527, 0.0, 0.4691039716464407, 0.7567314786056225, 0.9948744379460291, 0.21247302194289952, 0.4632181774136339, 0.35708075204335576, 0.25874568046245744, 0.4159124434199124, 0.582137203154502, 0.43114414986881305, 0.33734302366380203, 0.6303045499693911, 0.8357267380204624, 1.0068651434499318, 1.149982891910839], [1.4986245111987058, 1.2830231141110207, 0.9376660683511429, 0.6644017549403278, 0.5606666138759929, 0.4691039716464407, 0.0, 0.2876769554647962, 0.5260919877097487, 0.5497448572716798, 0.3982033244843863, 0.4302663089926135, 0.5096998540739436, 0.7196105456041768, 0.6741247901328954, 0.650211601378098, 0.6936252426424868, 0.9318090431398782, 0.9636610385694532, 1.0413710318431153, 1.11945062256647], [1.78604029099057, 1.5685529677667913, 1.22117884391138, 0.9502917729328199, 0.8326909345520075, 0.7567314786056225, 0.2876769554647962, 0.0, 0.2391389522273195, 0.8230239013535707, 0.5847467180152571, 0.661443801236815, 0.7716214061218746, 0.9730396341719033, 0.8620715435580333, 0.8864422488773205, 0.9614152946334914, 1.1723906573165055, 1.1345140013963377, 1.159624483333127, 1.194692685211508], [2.023187915819781, 1.8075886583506304, 1.459897292799592, 1.1876260768237632, 1.0602642659003971, 0.9948744379460291, 0.5260919877097487, 0.2391389522273195, 0.0, 1.0504018668723505, 0.7760738522940305, 0.8703704295126901, 0.9934498942508955, 1.1868398273267844, 1.0395087733471282, 1.0915807596609666, 1.184399837184461, 1.3754576759773056, 1.2922094403111188, 1.28014970857597, 1.2824554958575174], [1.0, 0.8523152801273891, 0.5655171320114313, 0.2629893907560206, 0.10691776200084846, 0.21247302194289952, 0.5497448572716798, 0.8230239013535707, 1.0504018668723505, 0.0, 0.3653200716595979, 0.2364106715303047, 0.09392130065284521, 0.20766864383193323, 0.39253096966382595, 0.22387820649104914, 0.1531701097505548, 0.4279550679741016, 0.6275682914109211, 0.8101950219517019, 0.9641797047589707], [1.3552276462516197, 1.2171010023006352, 0.9179614039186883, 0.6058280451652512, 0.39471744972244466, 0.4632181774136339, 0.3982033244843863, 0.5847467180152571, 0.7760738522940305, 0.3653200716595979, 0.0, 0.13305198498577767, 0.28991747194303447, 0.4290552681609547, 0.2820005527907332, 0.3228866257828102, 0.4591081330178352, 0.6011804724219899, 0.5676496464295139, 0.6514309245026811, 0.751379874574071], [1.2270182914730277, 1.0876778879183957, 0.7929732681580386, 0.4818381585144196, 0.2668435689599452, 0.35708075204335576, 0.4302663089926135, 0.661443801236815, 0.8703704295126901, 0.2364106715303047, 0.13305198498577767, 0.0, 0.15732910275572023, 0.31851829447128355, 0.2702584521021245, 0.22773498265599798, 0.3330956542400015, 0.5126634340525437, 0.5577449729785191, 0.6846230250195027, 0.8095694717896632], [1.0747378604529159, 0.932937376278108, 0.645600318767207, 0.33951117845044104, 0.13484022077236518, 0.25874568046245744, 0.5096998540739436, 0.7716214061218746, 0.9934498942508955, 0.09392130065284521, 0.28991747194303447, 0.15732910275572023, 0.0, 0.22099161320964053, 0.3310854655670845, 0.18773180692349592, 0.19566132093648256, 0.43753008994340936, 0.586246690516939, 0.7541161432426345, 0.9009064458134749], [0.9552257771709847, 0.8758199873264063, 0.6558241826350455, 0.4072965221607776, 0.2521189528503906, 0.4159124434199124, 0.7196105456041768, 0.9730396341719033, 1.1868398273267844, 0.20766864383193323, 0.4290552681609547, 0.31851829447128355, 0.22099161320964053, 0.0, 0.30158149134272316, 0.12138797786751526, 0.11302164342165553, 0.22212581124595765, 0.45823570057365964, 0.6676988650660146, 0.8397976801538998], [1.2478902042520732, 1.1763246178440605, 0.9370636386047271, 0.65073349456005, 0.42783650475346846, 0.582137203154502, 0.6741247901328954, 0.8620715435580333, 1.0395087733471282, 0.39253096966382595, 0.2820005527907332, 0.2702584521021245, 0.3310854655670845, 0.30158149134272316, 0.0, 0.1940563022491808, 0.3881214528467571, 0.37878699707123537, 0.29215866198842955, 0.4271100379772794, 0.5737779069946506], [1.0741150100022177, 0.9864198366123149, 0.7460468144445547, 0.4690538230690043, 0.26313854719873686, 0.43114414986881305, 0.650211601378098, 0.8864422488773205, 1.0915807596609666, 0.22387820649104914, 0.3228866257828102, 0.22773498265599798, 0.18773180692349592, 0.12138797786751526, 0.1940563022491808, 0.0, 0.19452904945240262, 0.28793217373622076, 0.4087426357933841, 0.5939203925480703, 0.755114525478354], [0.9010114975381179, 0.7946245423817473, 0.5578722412830202, 0.31111477490883815, 0.20651682662628704, 0.33734302366380203, 0.6936252426424868, 0.9614152946334914, 1.184399837184461, 0.1531701097505548, 0.4591081330178352, 0.3330956542400015, 0.19566132093648256, 0.11302164342165553, 0.3881214528467571, 0.19452904945240262, 0.0, 0.3010355649356238, 0.5632297043070341, 0.7701128957100655, 0.9396364080202051], [0.9155679377202322, 0.914157264896994, 0.7728943538864886, 0.5868777135540952, 0.46485437525944306, 0.6303045499693911, 0.9318090431398782, 1.1723906573165055, 1.3754576759773056, 0.4279550679741016, 0.6011804724219899, 0.5126634340525437, 0.43753008994340936, 0.22212581124595765, 0.37878699707123537, 0.28793217373622076, 0.3010355649356238, 0.0, 0.3690333527809008, 0.6017553915422557, 0.7888986054415791], [1.2786284628593554, 1.2802550626062421, 1.1064122820294358, 0.8616158225485272, 0.6637213247817811, 0.8357267380204624, 0.9636610385694532, 1.1345140013963377, 1.2922094403111188, 0.6275682914109211, 0.5676496464295139, 0.5577449729785191, 0.586246690516939, 0.45823570057365964, 0.29215866198842955, 0.4087426357933841, 0.5632297043070341, 0.3690333527809008, 0.0, 0.2332596824294039, 0.42170264851775274], [1.51056007770677, 1.5107006064355628, 1.3226772973452074, 1.059630048863515, 0.8449236080231437, 1.0068651434499318, 1.0413710318431153, 1.159624483333127, 1.28014970857597, 0.8101950219517019, 0.6514309245026811, 0.6846230250195027, 0.7541161432426345, 0.6676988650660146, 0.4271100379772794, 0.5939203925480703, 0.7701128957100655, 0.6017553915422557, 0.2332596824294039, 0.0, 0.1893003564922046], [1.698878594770382, 1.69433964852303, 1.494644518700916, 1.220280772762846, 0.9979955082119544, 1.149982891910839, 1.11945062256647, 1.194692685211508, 1.2824554958575174, 0.9641797047589707, 0.751379874574071, 0.8095694717896632, 0.9009064458134749, 0.8397976801538998, 0.5737779069946506, 0.755114525478354, 0.9396364080202051, 0.7888986054415791, 0.42170264851775274, 0.1893003564922046, 0.0]]