[[0.0, 0.36893504408570366, 0.7087436061172191, 0.9590469586918776, 1.1008058420480769, 1.0969587308770108, 1.561747045555211, 1.861471332229707, 2.0930563030490728, 1.0, 1.2880373983428737, 1.012347167724767, 0.8134072555611386, 0.9335715899066686, 1.1569263609206824, 0.8864529570073368, 0.7109998872025074, 0.916491007094627, 1.2783321531271026, 1.4824753999129254, 1.691032542340398], [0.36893504408570366, 0.0, 0.39239893102303164, 0.7039930539933362, 0.888999210010671, 0.8243613995801468, 1.3014571546292482, 1.6044803150450448, 1.8412333239702157, 0.7993895323880074, 1.0996959030944242, 0.8075050186641194, 0.5863023646639004, 0.8205462256668232, 1.0473353269536114, 0.7595957231630039, 0.5621993062679765, 0.8899779412711409, 1.242923890012363, 1.444932381044375, 1.6491671238890555], [0.7087436061172191, 0.39239893102303164, 0.0, 0.33521583387374426, 0.5433077181634457, 0.4385555902179635, 0.9142918494903479, 1.216648906540476, 1.4539554514647655, 0.4726896415632001, 0.7600275198804398, 0.47586958610329705, 0.26999535826268534, 0.5858753578883846, 0.7843182011664064, 0.5223138410509979, 0.3626736963625762, 0.7376586638699293, 1.035854534506256, 1.221247572665046, 1.4109820580447323], [0.9590469586918776, 0.7039930539933362, 0.33521583387374426, 0.0, 0.21625520155877256, 0.14489149930106623, 0.6054402776014328, 0.9075111746195001, 1.1424415813733364, 0.17716798118936122, 0.4304307539512732, 0.1736580744876294, 0.15682921450162296, 0.3835238615412782, 0.5157044638296158, 0.33815228524584706, 0.3207917186695955, 0.5899098794524673, 0.7976354424290157, 0.9588720216876083, 1.1314718973022262], [1.1008058420480769, 0.888999210010671, 0.5433077181634457, 0.21625520155877256, 0.0, 0.21766790397924787, 0.4861225906894942, 0.7723401419163564, 0.9979064878921702, 0.10966148184792099, 0.22218251381618173, 0.09868798551188705, 0.305463707577823, 0.3039369701409347, 0.342871252199607, 0.29471740862976603, 0.3991294871749952, 0.5136054531371232, 0.6317905160696232, 0.772079455650427, 0.9327913639914633], [1.0969587308770108, 0.8243613995801468, 0.4385555902179635, 0.14489149930106623, 0.21766790397924787, 0.0, 0.47715938831003735, 0.7801712827385652, 1.0170153485236624, 0.24379259143602958, 0.3923745220495812, 0.23230820583119516, 0.2984228901086634, 0.47658822318453803, 0.5553991341657071, 0.4434897386904858, 0.4601859137212069, 0.6904517112679662, 0.845092676778586, 0.9847823675194359, 1.1399671002906269], [1.561747045555211, 1.3014571546292482, 0.9142918494903479, 0.6054402776014328, 0.4861225906894942, 0.47715938831003735, 0.0, 0.3031234865212671, 0.5399343682568564, 0.5852889640996061, 0.4009117333804242, 0.5704782869530247, 0.7488599089654291, 0.7651162156630263, 0.6836854307040773, 0.7700308690528287, 0.8769832755283296, 0.9532229720233154, 0.9197468770036492, 0.9665528002611343, 1.0431937123913066], [1.861471332229707, 1.6044803150450448, 1.216648906540476, 0.9075111746195001, 0.7723401419163564, 0.7801712827385652, 0.3031234865212671, 0.0, 0.23750244965725745, 0.8733436906560366, 0.6377699486123538, 0.8592413634217244, 1.0484960045121132, 1.0280657377724354, 0.9021856499126796, 1.0429842993821177, 1.1681140063794142, 1.1959279872679935, 1.0862825833233374, 1.078760211391639, 1.098898446340052], [2.0930563030490728, 1.8412333239702157, 1.4539554514647655, 1.1424415813733364, 0.9979064878921702, 1.0170153485236624, 0.5399343682568564, 0.23750244965725745, 0.0, 1.0989676924949685, 0.8436896224727997, 1.0854270279665001, 1.2810013656420438, 1.2375691336741488, 1.089213429394599, 1.2582439827884542, 1.394031978063096, 1.390869648466185, 1.236518660350813, 1.194110044156692, 1.1742802393786034], [1.0, 0.7993895323880074, 0.4726896415632001, 0.17716798118936122, 0.10966148184792099, 0.24379259143602958, 0.5852889640996061, 0.8733436906560366, 1.0989676924949685, 0.0, 0.30062894563573644, 0.02986759289250164, 0.21591558654241771, 0.2335511370068129, 0.34003709641060637, 0.20797341030197025, 0.29556036334666025, 0.44794938625503605, 0.623099755776223, 0.7835677354373192, 0.9586889766697643], [1.2880373983428737, 1.0996959030944242, 0.7600275198804398, 0.4304307539512732, 0.22218251381618173, 0.3923745220495812, 0.4009117333804242, 0.6377699486123538, 0.8436896224727997, 0.30062894563573644, 0.0, 0.29275953376379354, 0.5147915825327943, 0.3941898938277224, 0.2835395131949084, 0.4183097311399693, 0.5774234075480466, 0.5605615162937626, 0.5389833420385426, 0.6307014341567644, 0.7621400027084846], [1.012347167724767, 0.8075050186641194, 0.47586958610329705, 0.1736580744876294, 0.09868798551188705, 0.23230820583119516, 0.5704782869530247, 0.8592413634217244, 1.0854270279665001, 0.02986759289250164, 0.29275953376379354, 0.0, 0.22220422691363878, 0.2496967057036215, 0.3469731580560851, 0.22373708581770418, 0.30927961145993327, 0.46363893939520195, 0.631759336525672, 0.7893004084596921, 0.9623943743339839], [0.8134072555611386, 0.5863023646639004, 0.26999535826268534, 0.15682921450162296, 0.305463707577823, 0.2984228901086634, 0.7488599089654291, 1.0484960045121132, 1.2810013656420438, 0.21591558654241771, 0.5147915825327943, 0.22220422691363878, 0.0, 0.32840017227652796, 0.5169102550035078, 0.26761290133611815, 0.17814863179656298, 0.5076825703851966, 0.7748296063316304, 0.9556887882038256, 1.143652052499261], [0.9335715899066686, 0.8205462256668232, 0.5858753578883846, 0.3835238615412782, 0.3039369701409347, 0.47658822318453803, 0.7651162156630263, 1.0280657377724354, 1.2375691336741488, 0.2335511370068129, 0.3941898938277224, 0.2496967057036215, 0.32840017227652796, 0.0, 0.2294242189720542, 0.0677423347904898, 0.2595383025403759, 0.21451478796320514, 0.45037256507922613, 0.6398960840563939, 0.8370686392713271], [1.1569263609206824, 1.0473353269536114, 0.7843182011664064, 0.5157044638296158, 0.342871252199607, 0.5553991341657071, 0.6836854307040773, 0.9021856499126796, 1.089213429394599, 0.34003709641060637, 0.2835395131949084, 0.3469731580560851, 0.5169102550035078, 0.2294242189720542, 0.0, 0.2881116501191042, 0.48556141015163345, 0.3054682025778064, 0.29046502786322176, 0.4446886237740231, 0.62747899263478], [0.8864529570073368, 0.7595957231630039, 0.5223138410509979, 0.33815228524584706, 0.29471740862976603, 0.4434897386904858, 0.7700308690528287, 1.0429842993821177, 1.2582439827884542, 0.20797341030197025, 0.4183097311399693, 0.22373708581770418, 0.26761290133611815, 0.0677423347904898, 0.2881116501191042, 0.0, 0.1976352796627852, 0.25509896631950646, 0.5149669966491204, 0.7046336889790275, 0.9013581011063255], [0.7109998872025074, 0.5621993062679765, 0.3626736963625762, 0.3207917186695955, 0.3991294871749952, 0.4601859137212069, 0.8769832755283296, 1.1681140063794142, 1.394031978063096, 0.29556036334666025, 0.5774234075480466, 0.30927961145993327, 0.17814863179656298, 0.2595383025403759, 0.48556141015163345, 0.1976352796627852, 0.0, 0.3777240119013146, 0.6976277946510594, 0.8938972751876204, 1.0941392904193048], [0.916491007094627, 0.8899779412711409, 0.7376586638699293, 0.5899098794524673, 0.5136054531371232, 0.6904517112679662, 0.9532229720233154, 1.1959279872679935, 1.390869648466185, 0.44794938625503605, 0.5605615162937626, 0.46363893939520195, 0.5076825703851966, 0.21451478796320514, 0.3054682025778064, 0.25509896631950646, 0.3777240119013146, 0.0, 0.3638242737786485, 0.5688966311845569, 0.7773736956053767], [1.2783321531271026, 1.242923890012363, 1.035854534506256, 0.7976354424290157, 0.6317905160696232, 0.845092676778586, 0.9197468770036492, 1.0862825833233374, 1.236518660350813, 0.623099755776223, 0.5389833420385426, 0.631759336525672, 0.7748296063316304, 0.45037256507922613, 0.29046502786322176, 0.5149669966491204, 0.6976277946510594, 0.3638242737786485, 0.0, 0.2051820798608142, 0.4137564846224885], [1.4824753999129254, 1.444932381044375, 1.221247572665046, 0.9588720216876083, 0.772079455650427, 0.9847823675194359, 0.9665528002611343, 1.078760211391639, 1.194110044156692, 0.7835677354373192, 0.6307014341567644, 0.7893004084596921, 0.9556887882038256, 0.6398960840563939, 0.4446886237740231, 0.7046336889790275, 0.8938972751876204, 0.5688966311845569, 0.2051820798608142, 0.0, 0.20885099715560618], [1.691032542340398, 1.6491671238890555, 1.4109820580447323, 1.1314718973022262, 0.9327913639914633, 1.1399671002906269, 1.0431937123913066, 1.098898446340052, 1.1742802393786034, 0.9586889766697643, 0.7621400027084846, 0.9623943743339839, 1.143652052499261, 0.8370686392713271, 0.62747899263478, 0.9013581011063255, 1.0941392904193048, 0.7773736956053767, 0.4137564846224885, 0.20885099715560618, 0.0]]