[[0.0, 0.4959001280681602, 0.9318609222832037, 1.2951234785938959, 1.6081959085616375, 1.0980397481197564, 1.5481768982116506, 1.8465804660545633, 2.0917013401307774, 1.0, 1.332311418560994, 1.035101217829028, 0.7766649463205512, 0.9393650920139665, 1.1991443963867747, 0.9107651223296154, 0.6892097240409878, 0.9469884682282577, 1.2269289876950966, 1.2015074832586756, 1.189532967950012], [0.4959001280681602, 0.0, 0.45446979081131433, 0.8280132668115037, 1.1317417091068698, 0.7556155372975638, 1.200797347328001, 1.4960367245481259, 1.7399184884937409, 0.7772017643235836, 1.0919833524973022, 0.8013007128672929, 0.5554268100052336, 0.8546632467279329, 1.0740244332270357, 0.8091998468142944, 0.6214357828627086, 0.9867056440197548, 1.228506460619472, 1.2192510469353717, 1.2214339042320228], [0.9318609222832037, 0.45446979081131433, 0.0, 0.37429167462927465, 0.6787153681264232, 0.4716917565197854, 0.843284035190239, 1.119201216576831, 1.3540687021073552, 0.6453516862344637, 0.8666910022450045, 0.6487363387869348, 0.5291768299763813, 0.8476172062076589, 0.9758326136536265, 0.7998952542179043, 0.7181030577290146, 1.0614761697188582, 1.2280658405417, 1.2386860640350406, 1.2591010588320786], [1.2951234785938959, 0.8280132668115037, 0.37429167462927465, 0.0, 0.3177934686969295, 0.46849770588927603, 0.6195997365541654, 0.8426559952896399, 1.0558037852881288, 0.7304225431685551, 0.8055357806371003, 0.7140147547734251, 0.7326348865830192, 0.984514941097384, 1.0188574515539057, 0.9439519658945329, 0.9459453373305241, 1.226060898267383, 1.3211767367828529, 1.3468625671885541, 1.3789786105975972], [1.6081959085616375, 1.1317417091068698, 0.6787153681264232, 0.3177934686969295, 0.0, 0.7297296106195833, 0.6896861629048345, 0.8080064166824715, 0.9676282630404416, 0.996321428574294, 0.9872683003238136, 0.9730677217106748, 1.0350980497530466, 1.25676140855005, 1.2459849431587904, 1.2204982339331931, 1.2484944665192834, 1.5017273506611934, 1.561602923182335, 1.5927213865875074, 1.627023187926359], [1.0980397481197564, 0.7556155372975638, 0.4716917565197854, 0.46849770588927603, 0.7297296106195833, 0.0, 0.45385187145210537, 0.7529680371877872, 0.9987615087878255, 0.2672018518554409, 0.395909514407893, 0.24785392501031694, 0.35542146349047554, 0.5272019783298255, 0.5551515012135835, 0.4915234966797914, 0.5530849437971296, 0.7721868670381642, 0.8530640422311667, 0.8833977863985281, 0.9253606631914383], [1.5481768982116506, 1.200797347328001, 0.843284035190239, 0.6195997365541654, 0.6896861629048345, 0.45385187145210537, 0.0, 0.29930404504963926, 0.545179432850372, 0.5987788265824898, 0.383172768837189, 0.5617842584967857, 0.7828618547877625, 0.8175422727926365, 0.6855877573734479, 0.8034920029886677, 0.9467573168925155, 1.0408789329591372, 0.9993490515515221, 1.0492032926543637, 1.1015446495096184], [1.8465804660545633, 1.4960367245481259, 1.119201216576831, 0.8426559952896399, 0.8080064166824715, 0.7529680371877872, 0.29930404504963926, 0.0, 0.2459452967421266, 0.8814971085643036, 0.6086685770410833, 0.8440092116644711, 1.0777521546474933, 1.076409981755261, 0.900426957231732, 1.0695616327873123, 1.2313948251148887, 1.2810407031862405, 1.189461798099156, 1.2416912021871347, 1.29165768909447], [2.0917013401307774, 1.7399184884937409, 1.3540687021073552, 1.0558037852881288, 0.9676282630404416, 0.9987615087878255, 0.545179432850372, 0.2459452967421266, 0.0, 1.11955243928822, 0.8284894372854779, 1.082094081710835, 1.3210947549298644, 1.300998919964109, 1.105190219387883, 1.2980113995480205, 1.4688771273504926, 1.4930000669356018, 1.3729881018864338, 1.424809579923556, 1.4713994898369314], [1.0, 0.7772017643235836, 0.6453516862344637, 0.7304225431685551, 0.996321428574294, 0.2672018518554409, 0.5987788265824898, 0.8814971085643036, 1.11955243928822, 0.0, 0.33395548492326665, 0.042619737888450165, 0.23349306125393418, 0.26091218546922623, 0.33195860886528644, 0.22891185970889158, 0.35041667502716933, 0.5063300094794522, 0.599203052742916, 0.6288950890594807, 0.6780024029293316], [1.332311418560994, 1.0919833524973022, 0.8666910022450045, 0.8055357806371003, 0.9872683003238136, 0.395909514407893, 0.383172768837189, 0.6086685770410833, 0.8284894372854779, 0.33395548492326665, 0.0, 0.3011509075062572, 0.5652943699624311, 0.47299601648166145, 0.3032217010961744, 0.47289293434821766, 0.6630305078770506, 0.6732306087373209, 0.6188417117981343, 0.6787629296215089, 0.7458316188702802], [1.035101217829028, 0.8013007128672929, 0.6487363387869348, 0.7140147547734251, 0.9730677217106748, 0.24785392501031694, 0.5617842584967857, 0.8440092116644711, 1.082094081710835, 0.042619737888450165, 0.3011509075062572, 0.0, 0.264251153660323, 0.28860237168649056, 0.3285998676799393, 0.2592845815024555, 0.3880313457348372, 0.5328146258810587, 0.6114245127693902, 0.6478865500385793, 0.7015084329482905], [0.7766649463205512, 0.5554268100052336, 0.5291768299763813, 0.7326348865830192, 1.0350980497530466, 0.35542146349047554, 0.7828618547877625, 1.0777521546474933, 1.3210947549298644, 0.23349306125393418, 0.5652943699624311, 0.264251153660323, 0.0, 0.3303862244173254, 0.5208695227787318, 0.28117286485700854, 0.21500485151998827, 0.5332911204719859, 0.7172221295853496, 0.7251402233674986, 0.7511451512493283], [0.9393650920139665, 0.8546632467279329, 0.8476172062076589, 0.984514941097384, 1.25676140855005, 0.5272019783298255, 0.8175422727926365, 1.076409981755261, 1.300998919964109, 0.26091218546922623, 0.47299601648166145, 0.28860237168649056, 0.3303862244173254, 0.0, 0.2611757473745137, 0.05318924815694654, 0.25713713038229935, 0.24559581830395433, 0.38771864484590934, 0.40417411585986135, 0.46048547650008925], [1.1991443963867747, 1.0740244332270357, 0.9758326136536265, 1.0188574515539057, 1.2459849431587904, 0.5551515012135835, 0.6855877573734479, 0.900426957231732, 1.105190219387883, 0.33195860886528644, 0.3032217010961744, 0.3285998676799393, 0.5208695227787318, 0.2611757473745137, 0.0, 0.2895066578004069, 0.512240958625956, 0.3907322309284168, 0.32488529372312464, 0.39954466069968125, 0.4870865921519074], [0.9107651223296154, 0.8091998468142944, 0.7998952542179043, 0.9439519658945329, 1.2204982339331931, 0.4915234966797914, 0.8034920029886677, 1.0695616327873123, 1.2980113995480205, 0.22891185970889158, 0.47289293434821766, 0.2592845815024555, 0.28117286485700854, 0.05318924815694654, 0.2895066578004069, 0.0, 0.2228807335997176, 0.2830692565180408, 0.43665240164141594, 0.45293276142042777, 0.5021253435817168], [0.6892097240409878, 0.6214357828627086, 0.7181030577290146, 0.9459453373305241, 1.2484944665192834, 0.5530849437971296, 0.9467573168925155, 1.2313948251148887, 1.4688771273504926, 0.35041667502716933, 0.6630305078770506, 0.3880313457348372, 0.21500485151998827, 0.25713713038229935, 0.512240958625956, 0.2228807335997176, 0.0, 0.37072677636601953, 0.6090266467374252, 0.5993344528436498, 0.6088554868583926], [0.9469884682282577, 0.9867056440197548, 1.0614761697188582, 1.226060898267383, 1.5017273506611934, 0.7721868670381642, 1.0408789329591372, 1.2810407031862405, 1.4930000669356018, 0.5063300094794522, 0.6732306087373209, 0.5328146258810587, 0.5332911204719859, 0.24559581830395433, 0.3907322309284168, 0.2830692565180408, 0.37072677636601953, 0.0, 0.2825732362501721, 0.26653731001315445, 0.3229087671404611], [1.2269289876950966, 1.228506460619472, 1.2280658405417, 1.3211767367828529, 1.561602923182335, 0.8530640422311667, 0.9993490515515221, 1.189461798099156, 1.3729881018864338, 0.599203052742916, 0.6188417117981343, 0.6114245127693902, 0.7172221295853496, 0.38771864484590934, 0.32488529372312464, 0.43665240164141594, 0.6090266467374252, 0.2825732362501721, 0.0, 0.13748117249536126, 0.2564280369387071], [1.2015074832586756, 1.2192510469353717, 1.2386860640350406, 1.3468625671885541, 1.5927213865875074, 0.8833977863985281, 1.0492032926543637, 1.2416912021871347, 1.424809579923556, 0.6288950890594807, 0.6787629296215089, 0.6478865500385793, 0.7251402233674986, 0.40417411585986135, 0.39954466069968125, 0.45293276142042777, 0.5993344528436498, 0.26653731001315445, 0.13748117249536126, 0.0, 0.11947354386657329], [1.189532967950012, 1.2214339042320228, 1.2591010588320786, 1.3789786105975972, 1.627023187926359, 0.9253606631914383, 1.1015446495096184, 1.29165768909447, 1.4713994898369314, 0.6780024029293316, 0.7458316188702802, 0.7015084329482905, 0.7511451512493283, 0.46048547650008925, 0.4870865921519074, 0.5021253435817168, 0.6088554868583926, 0.3229087671404611, 0.2564280369387071, 0.11947354386657329, 0.0]]