[[0.0, 0.4909759490712306, 0.8070734329819872, 1.0391172222722331, 1.1106488028474266, 1.0130572433264482, 1.3813288914322133, 1.453427496270642, 1.4268253353015072, 1.0, 1.3884593228037785, 1.3025510307957018, 1.1457584658780013, 1.0242806248158751, 1.3962437129457776, 1.3066634637106285, 1.1280970350296335, 1.059506340073993, 1.416754025471753, 1.530216536792789, 1.5460986389304354], [0.4909759490712306, 0.0, 0.34773513407739043, 0.6218659384702842, 0.7692013525568906, 0.5704770042292079, 0.9361518923944098, 1.0134551033785082, 0.9942334891608504, 0.6375138391137841, 1.0135351320152453, 0.9300923269675745, 0.7792536734334938, 0.7563891143912989, 1.0951539090248352, 1.0027064341143794, 0.8370495714509458, 0.8841756914471814, 1.2009731881019312, 1.305892496508765, 1.3222803868441095], [0.8070734329819872, 0.34773513407739043, 0.0, 0.2873668523560793, 0.48241240151149073, 0.22517388190778, 0.5892670149090171, 0.6662023389145549, 0.6474534476303154, 0.3489218072710638, 0.6875843802997114, 0.6088990371669096, 0.47215060307175355, 0.5355452817673609, 0.8121693581974216, 0.7240675802976858, 0.5855206497137679, 0.7205620466636746, 0.971772475870044, 1.06486761419266, 1.0825409618346733], [1.0391172222722331, 0.6218659384702842, 0.2873668523560793, 0.0, 0.2408328678379044, 0.1061823063924422, 0.35496053499707286, 0.4202533859230311, 0.3921003167508779, 0.15152917611391659, 0.4030474167877643, 0.3259866907651755, 0.2126850630261279, 0.3707598656494623, 0.5504207944850027, 0.47044183764114483, 0.3770786102272982, 0.5835055689025583, 0.7491111261037398, 0.8293749280385644, 0.8500104760068061], [1.1106488028474266, 0.7692013525568906, 0.48241240151149073, 0.2408328678379044, 0.0, 0.3377883107996403, 0.4395404353247607, 0.471734063429813, 0.43309002672646146, 0.14728207958642955, 0.2929176274261137, 0.21423363172356505, 0.10978211077925618, 0.18727268395578345, 0.3366974244750519, 0.2496934238187959, 0.15848580799172585, 0.3834677513853943, 0.5122658179016173, 0.595872593978814, 0.6185015771996861], [1.0130572433264482, 0.5704770042292079, 0.22517388190778, 0.1061823063924422, 0.3377883107996403, 0.0, 0.369955414133547, 0.4457568322123299, 0.4266170227841901, 0.2296082440002037, 0.48104814939817786, 0.413621007048193, 0.31047288086719954, 0.4546422293623548, 0.6444553806320418, 0.5675179908191308, 0.4717278913588526, 0.6663801074215825, 0.84480830589062, 0.9253516453125192, 0.9451096868545066], [1.3813288914322133, 0.9361518923944098, 0.5892670149090171, 0.35496053499707286, 0.4395404353247607, 0.369955414133547, 0.0, 0.1010448302645537, 0.14346264657996627, 0.4488762495731056, 0.3143226442073515, 0.32299569853739996, 0.37493565583337946, 0.614325251035796, 0.5687105204928674, 0.5375250378115529, 0.5605854902797418, 0.812110477038622, 0.8322853077167135, 0.8755372520281375, 0.8989731740571478], [1.453427496270642, 1.0134551033785082, 0.6662023389145549, 0.4202533859230311, 0.471734063429813, 0.4457568322123299, 0.1010448302645537, 0.0, 0.06983816554293053, 0.5012896768502011, 0.29624933328491715, 0.31415463855223913, 0.3991432603244148, 0.6460036036641064, 0.5505445371440384, 0.5269679774811182, 0.5749070313891829, 0.8333267127426609, 0.8188278153461096, 0.8527136593067524, 0.8773184912700002], [1.4268253353015072, 0.9942334891608504, 0.6474534476303154, 0.3921003167508779, 0.43309002672646146, 0.4266170227841901, 0.14346264657996627, 0.06983816554293053, 0.0, 0.46709074509340837, 0.2681417500849356, 0.27121630411522385, 0.3553485907061581, 0.6060948636043388, 0.5142956349388466, 0.48442013665524497, 0.5295758314420366, 0.7909783879410222, 0.7796588094650165, 0.8157497112478137, 0.8414055482127609], [1.0, 0.6375138391137841, 0.3489218072710638, 0.15152917611391659, 0.14728207958642955, 0.2296082440002037, 0.4488762495731056, 0.5012896768502011, 0.46709074509340837, 0.0, 0.39009956958083614, 0.30563344328264797, 0.16227318393446244, 0.22568967160410644, 0.4684034502137623, 0.38152711795500244, 0.2570104741916873, 0.43906317239322795, 0.6324660229798198, 0.7219070031972663, 0.7418690159979345], [1.3884593228037785, 1.0135351320152453, 0.6875843802997114, 0.4030474167877643, 0.2929176274261137, 0.48104814939817786, 0.3143226442073515, 0.29624933328491715, 0.2681417500849356, 0.39009956958083614, 0.0, 0.09622575446172009, 0.24785916578008968, 0.4331045659971928, 0.25763461833594536, 0.24700317145517775, 0.342483739851666, 0.5833050786617278, 0.5268523517097368, 0.5673250706405149, 0.5997500013247347], [1.3025510307957018, 0.9300923269675745, 0.6088990371669096, 0.3259866907651755, 0.21423363172356505, 0.413621007048193, 0.32299569853739996, 0.31415463855223913, 0.27121630411522385, 0.30563344328264797, 0.09622575446172009, 0.0, 0.15855115582873391, 0.36348033945516894, 0.27428172191186495, 0.2216417224615784, 0.2727610011068865, 0.5305119208402808, 0.5285079484629829, 0.5823129525160633, 0.6128026838136552], [1.1457584658780013, 0.7792536734334938, 0.47215060307175355, 0.2126850630261279, 0.10978211077925618, 0.31047288086719954, 0.37493565583337946, 0.3991432603244148, 0.3553485907061581, 0.16227318393446244, 0.24785916578008968, 0.15855115582873391, 0.0, 0.2644532588006929, 0.3554500358052525, 0.27036099209616316, 0.20329475178872325, 0.4603625880009431, 0.5626378096240959, 0.6366934569922851, 0.6604789654590388], [1.0242806248158751, 0.7563891143912989, 0.5355452817673609, 0.3707598656494623, 0.18727268395578345, 0.4546422293623548, 0.614325251035796, 0.6460036036641064, 0.6060948636043388, 0.22568967160410644, 0.4331045659971928, 0.36348033945516894, 0.2644532588006929, 0.0, 0.3727290511249506, 0.2857937340989551, 0.12832729987677985, 0.21486787730148862, 0.4486280084967035, 0.5515977088240627, 0.5696960064853566], [1.3962437129457776, 1.0951539090248352, 0.8121693581974216, 0.5504207944850027, 0.3366974244750519, 0.6444553806320418, 0.5687105204928674, 0.5505445371440384, 0.5142956349388466, 0.4684034502137623, 0.25763461833594536, 0.27428172191186495, 0.3554500358052525, 0.3727290511249506, 0.0, 0.09950612459224047, 0.27270230059446504, 0.4260285331702232, 0.272319410460557, 0.32124706069207276, 0.3690412788353511], [1.3066634637106285, 1.0027064341143794, 0.7240675802976858, 0.47044183764114483, 0.2496934238187959, 0.5675179908191308, 0.5375250378115529, 0.5269679774811182, 0.48442013665524497, 0.38152711795500244, 0.24700317145517775, 0.2216417224615784, 0.27036099209616316, 0.2857937340989551, 0.09950612459224047, 0.0, 0.17984713338080993, 0.3705524365824248, 0.3113788739273555, 0.37625162443692095, 0.4144272316128659], [1.1280970350296335, 0.8370495714509458, 0.5855206497137679, 0.3770786102272982, 0.15848580799172585, 0.4717278913588526, 0.5605854902797418, 0.5749070313891829, 0.5295758314420366, 0.2570104741916873, 0.342483739851666, 0.2727610011068865, 0.20329475178872325, 0.12832729987677985, 0.27270230059446504, 0.17984713338080993, 0.0, 0.27354208193557705, 0.3962721863339369, 0.4858494162269541, 0.5072996106284465], [1.059506340073993, 0.8841756914471814, 0.7205620466636746, 0.5835055689025583, 0.3834677513853943, 0.6663801074215825, 0.812110477038622, 0.8333267127426609, 0.7909783879410222, 0.43906317239322795, 0.5833050786617278, 0.5305119208402808, 0.4603625880009431, 0.21486787730148862, 0.4260285331702232, 0.3705524365824248, 0.27354208193557705, 0.0, 0.3592107647233677, 0.4740226075468586, 0.49201018650433015], [1.416754025471753, 1.2009731881019312, 0.971772475870044, 0.7491111261037398, 0.5122658179016173, 0.84480830589062, 0.8322853077167135, 0.8188278153461096, 0.7796588094650165, 0.6324660229798198, 0.5268523517097368, 0.5285079484629829, 0.5626378096240959, 0.4486280084967035, 0.272319410460557, 0.3113788739273555, 0.3962721863339369, 0.3592107647233677, 0.0, 0.12402429208260277, 0.19307976824423523], [1.530216536792789, 1.305892496508765, 1.06486761419266, 0.8293749280385644, 0.595872593978814, 0.9253516453125192, 0.8755372520281375, 0.8527136593067524, 0.8157497112478137, 0.7219070031972663, 0.5673250706405149, 0.5823129525160633, 0.6366934569922851, 0.5515977088240627, 0.32124706069207276, 0.37625162443692095, 0.4858494162269541, 0.4740226075468586, 0.12402429208260277, 0.0, 0.09162113061160036], [1.5460986389304354, 1.3222803868441095, 1.0825409618346733, 0.8500104760068061, 0.6185015771996861, 0.9451096868545066, 0.8989731740571478, 0.8773184912700002, 0.8414055482127609, 0.7418690159979345, 0.5997500013247347, 0.6128026838136552, 0.6604789654590388, 0.5696960064853566, 0.3690412788353511, 0.4144272316128659, 0.5072996106284465, 0.49201018650433015, 0.19307976824423523, 0.09162113061160036, 0.0]]