[[0.0, 0.35344988862185184, 0.7242140797545167, 0.9992244967782028, 1.1572219634844865, 0.9729954919917536, 1.2825031690190118, 1.2352354985080642, 1.1071049489655, 1.0, 1.3813416430080725, 1.484675239816836, 1.541447698075208, 0.9908392706050715, 1.4093140166447866, 1.690922744215607, 1.9149912156892919, 0.9485158354585913, 1.2615963959453604, 1.490211730107485, 1.6915431901210736], [0.35344988862185184, 0.0, 0.39257255454070455, 0.6824588853123084, 0.8631046377630146, 0.7119664455999392, 1.0116275105321386, 0.9529879762971555, 0.8165941073011485, 0.7873475700535008, 1.1574252737586113, 1.2513361535574274, 1.3024276854441794, 0.8376708807365908, 1.2376204059549274, 1.5085044390101885, 1.7269147000755538, 0.8666637619779791, 1.1904322116006505, 1.4210705759602213, 1.622688425982023], [0.7242140797545167, 0.39257255454070455, 0.0, 0.29312344501170007, 0.4866401241903423, 0.3863814863412346, 0.6515786804633206, 0.584182844730578, 0.4451747020405847, 0.5180854645297412, 0.8386634397528481, 0.9193124213614897, 0.9645631020622099, 0.6395424217811638, 0.9716550543311214, 1.2175429569192315, 1.423488219311194, 0.7529479965610462, 1.0440314604326713, 1.2580201213415627, 1.4481018236867993], [0.9992244967782028, 0.6824588853123084, 0.29312344501170007, 0.0, 0.20734661316839198, 0.23956914452860859, 0.3920029142713146, 0.31602049528995385, 0.1882941544406506, 0.4044820017626408, 0.6151481899950677, 0.6779315385490285, 0.7187854835343933, 0.5744456758361648, 0.7939658252226104, 1.0033574506358358, 1.1925684736137432, 0.7433344863840212, 0.9713429733179713, 1.1561085276584135, 1.3273896258090037], [1.1572219634844865, 0.8631046377630146, 0.4866401241903423, 0.20734661316839198, 0.0, 0.22395467514027304, 0.2067903443584296, 0.13306407381918167, 0.10725141472318554, 0.34574666905613194, 0.4358061920561492, 0.48720631988300644, 0.5323743184745217, 0.520596623363528, 0.6366033754123861, 0.8181761901540041, 0.9976740946456276, 0.7104869403054203, 0.8783044589407146, 1.0361466829376325, 1.1911480209644707], [0.9729954919917536, 0.7119664455999392, 0.3863814863412346, 0.23956914452860859, 0.22395467514027304, 0.0, 0.31008736156519223, 0.2715758640847301, 0.18594955032307353, 0.16812578585568513, 0.45571745304577654, 0.5433974968921225, 0.594124365289193, 0.3404068845563142, 0.5926452622621593, 0.8330769814792229, 1.040066218506131, 0.5176576544016226, 0.7376687523679999, 0.9270734297749731, 1.1036705313419852], [1.2825031690190118, 1.0116275105321386, 0.6515786804633206, 0.3920029142713146, 0.2067903443584296, 0.31008736156519223, 0.0, 0.08910330060268003, 0.21368728944734705, 0.34378649084355783, 0.2591015146968763, 0.3198941429781528, 0.39934676894499127, 0.49097334709694157, 0.48253664264556484, 0.6387261619781788, 0.8141621861752969, 0.6848367403552327, 0.7844127413585139, 0.9123959457565343, 1.0501826471858693], [1.2352354985080642, 0.9529879762971555, 0.584182844730578, 0.31602049528995385, 0.13306407381918167, 0.2715758640847301, 0.08910330060268003, 0.0, 0.14004485507478961, 0.343026263643171, 0.3318969915961976, 0.38173067100852465, 0.4404878072504199, 0.5054413863800147, 0.5487790594456672, 0.7144517633365786, 0.8907181920917931, 0.6996955334977001, 0.8282176506427444, 0.9687640974541522, 1.1138328381027707], [1.1071049489655, 0.8165941073011485, 0.4451747020405847, 0.1882941544406506, 0.10725141472318554, 0.18594955032307353, 0.21368728944734705, 0.14004485507478961, 0.0, 0.30979571196206707, 0.4363505976715674, 0.49719435003808, 0.5422922552906985, 0.48325864396583895, 0.6272320244482501, 0.8245505198337878, 1.012208996580565, 0.669731500414511, 0.8497617503126615, 1.015488570588826, 1.1763781385770344], [1.0, 0.7873475700535008, 0.5180854645297412, 0.4044820017626408, 0.34574666905613194, 0.16812578585568513, 0.34378649084355783, 0.343026263643171, 0.30979571196206707, 0.0, 0.38185872774993534, 0.48842306372937117, 0.5571199529822589, 0.17895897689631404, 0.4595051878904362, 0.7226833446570837, 0.9403123930561123, 0.3685661002062697, 0.5699667000924946, 0.7617980619968708, 0.9422948403186036], [1.3813416430080725, 1.1574252737586113, 0.8386634397528481, 0.6151481899950677, 0.4358061920561492, 0.45571745304577654, 0.2591015146968763, 0.3318969915961976, 0.4363505976715674, 0.38185872774993534, 0.0, 0.15799499593230076, 0.2844643707551727, 0.4411305556457682, 0.2396159318768674, 0.39108627242433486, 0.5870372046603659, 0.6054555999247268, 0.6000660347714412, 0.6854098222343157, 0.8051891852183488], [1.484675239816836, 1.2513361535574274, 0.9193124213614897, 0.6779315385490285, 0.48720631988300644, 0.5433974968921225, 0.3198941429781528, 0.38173067100852465, 0.49719435003808, 0.48842306372937117, 0.15799499593230076, 0.0, 0.1288309291815701, 0.5588427726754939, 0.33251839676208567, 0.3655114499898681, 0.5212328089414485, 0.7206639480871726, 0.6958751580834772, 0.7510703544239647, 0.8454091719824796], [1.541447698075208, 1.3024276854441794, 0.9645631020622099, 0.7187854835343933, 0.5323743184745217, 0.594124365289193, 0.39934676894499127, 0.4404878072504199, 0.5422922552906985, 0.5571199529822589, 0.2844643707551727, 0.1288309291815701, 0.0, 0.6388372529821382, 0.43629169435877757, 0.42132830253361625, 0.5150728243132316, 0.7990541835775136, 0.7763238394545843, 0.8196469762426744, 0.8992545543222937], [0.9908392706050715, 0.8376708807365908, 0.6395424217811638, 0.5744456758361648, 0.520596623363528, 0.3404068845563142, 0.49097334709694157, 0.5054413863800147, 0.48325864396583895, 0.17895897689631404, 0.4411305556457682, 0.5588427726754939, 0.6388372529821382, 0.0, 0.4185971780028822, 0.7006304923156086, 0.9250091684258274, 0.1955418826985133, 0.40901279589406203, 0.619367551903432, 0.8115958902349775], [1.4093140166447866, 1.2376204059549274, 0.9716550543311214, 0.7939658252226104, 0.6366033754123861, 0.5926452622621593, 0.48253664264556484, 0.5487790594456672, 0.6272320244482501, 0.4595051878904362, 0.2396159318768674, 0.33251839676208567, 0.43629169435877757, 0.4185971780028822, 0.0, 0.2826176418696447, 0.5071008214111518, 0.5161485878431873, 0.3993236801928765, 0.45003872229970765, 0.5694211922094905], [1.690922744215607, 1.5085044390101885, 1.2175429569192315, 1.0033574506358358, 0.8181761901540041, 0.8330769814792229, 0.6387261619781788, 0.7144517633365786, 0.8245505198337878, 0.7226833446570837, 0.39108627242433486, 0.3655114499898681, 0.42132830253361625, 0.7006304923156086, 0.2826176418696447, 0.0, 0.2245523502183801, 0.7906610873083629, 0.6049893099000532, 0.5446678714251533, 0.5644314368672853], [1.9149912156892919, 1.7269147000755538, 1.423488219311194, 1.1925684736137432, 0.9976740946456276, 1.040066218506131, 0.8141621861752969, 0.8907181920917931, 1.012208996580565, 0.9403123930561123, 0.5870372046603659, 0.5212328089414485, 0.5150728243132316, 0.9250091684258274, 0.5071008214111518, 0.2245523502183801, 0.0, 1.0115810540773718, 0.8014805211886025, 0.6952024144705494, 0.6522351849003889], [0.9485158354585913, 0.8666637619779791, 0.7529479965610462, 0.7433344863840212, 0.7104869403054203, 0.5176576544016226, 0.6848367403552327, 0.6996955334977001, 0.669731500414511, 0.3685661002062697, 0.6054555999247268, 0.7206639480871726, 0.7990541835775136, 0.1955418826985133, 0.5161485878431873, 0.7906610873083629, 1.0115810540773718, 0.0, 0.32465355952956193, 0.5562200181837275, 0.7588158423661112], [1.2615963959453604, 1.1904322116006505, 1.0440314604326713, 0.9713429733179713, 0.8783044589407146, 0.7376687523679999, 0.7844127413585139, 0.8282176506427444, 0.8497617503126615, 0.5699667000924946, 0.6000660347714412, 0.6958751580834772, 0.7763238394545843, 0.40901279589406203, 0.3993236801928765, 0.6049893099000532, 0.8014805211886025, 0.32465355952956193, 0.0, 0.2318133769453186, 0.43464116098355177], [1.490211730107485, 1.4210705759602213, 1.2580201213415627, 1.1561085276584135, 1.0361466829376325, 0.9270734297749731, 0.9123959457565343, 0.9687640974541522, 1.015488570588826, 0.7617980619968708, 0.6854098222343157, 0.7510703544239647, 0.8196469762426744, 0.619367551903432, 0.45003872229970765, 0.5446678714251533, 0.6952024144705494, 0.5562200181837275, 0.2318133769453186, 0.0, 0.20298559954592071], [1.6915431901210736, 1.622688425982023, 1.4481018236867993, 1.3273896258090037, 1.1911480209644707, 1.1036705313419852, 1.0501826471858693, 1.1138328381027707, 1.1763781385770344, 0.9422948403186036, 0.8051891852183488, 0.8454091719824796, 0.8992545543222937, 0.8115958902349775, 0.5694211922094905, 0.5644314368672853, 0.6522351849003889, 0.7588158423661112, 0.43464116098355177, 0.20298559954592071, 0.0]]