[[0.0, 0.44255440748586816, 0.8002198777822841, 1.0428357763751706, 1.1813259716725095, 1.0817247748561385, 1.4976007510680998, 1.7278617996910228, 1.8771466877627687, 1.0, 1.3986525992231282, 1.6429606659523217, 1.8129840906271846, 0.9184187750771154, 1.2336410913602407, 1.2321043711438566, 1.2052861220595972, 0.8614943646376632, 1.0771698684273636, 1.0625441565667404, 1.0130241136155478], [0.44255440748586816, 0.0, 0.39945399844312507, 0.7029596936724058, 0.9026909065208166, 0.6760488180684975, 1.095859685525426, 1.3333543473011042, 1.4897499379006263, 0.6627951969213676, 1.0560671194986084, 1.3085603479082426, 1.486106292726638, 0.6828597223673764, 0.9820028126893903, 0.9878088263582537, 0.9701467415695035, 0.7392018137039039, 0.9327436489037756, 0.9190487725844477, 0.8779204559815439], [0.8002198777822841, 0.39945399844312507, 0.0, 0.3300563463613764, 0.5664963415523343, 0.283447838055055, 0.7015787429924295, 0.9366565360085107, 1.0916265044306241, 0.29691294170113414, 0.6669378958054389, 0.9194461997870954, 1.098304876309516, 0.4319674475010902, 0.6627886968594922, 0.6752586629726502, 0.6694025533935679, 0.5982774990258585, 0.7239409048013873, 0.7136825942812455, 0.6899371192996714], [1.0428357763751706, 0.7029596936724058, 0.3300563463613764, 0.0, 0.2517661772869671, 0.24712118225923008, 0.5085590510530679, 0.7101627768166999, 0.8469730434641981, 0.05513962402858996, 0.36007184253391705, 0.6095377112373515, 0.7855736647252864, 0.27084716248957147, 0.35595933134256763, 0.3737109623956092, 0.3827429994469334, 0.49325817703720726, 0.5178170679513185, 0.5127989075274547, 0.5126930456966897], [1.1813259716725095, 0.9026909065208166, 0.5664963415523343, 0.2517661772869671, 0.0, 0.47959850180261054, 0.583686633026878, 0.7182423500940088, 0.8194174135186411, 0.27525806042113093, 0.29824560573844044, 0.48940928350750923, 0.6440267718597836, 0.27049783297411595, 0.10889127386487697, 0.13287074469212737, 0.16761062051476447, 0.4398005469788617, 0.3574181898834554, 0.3592349379362828, 0.3843070692828902], [1.0817247748561385, 0.6760488180684975, 0.283447838055055, 0.24712118225923008, 0.47959850180261054, 0.0, 0.4204641011078724, 0.6580245706695681, 0.8159256808407982, 0.25069310042677484, 0.45012943940324135, 0.6915465613118841, 0.8694336579413269, 0.4939070138209914, 0.5842279275171692, 0.6057739666630891, 0.6195454665288821, 0.7112413312343213, 0.7606583405937672, 0.7560479595845799, 0.7521787456035329], [1.4976007510680998, 1.095859685525426, 0.7015787429924295, 0.5085590510530679, 0.583686633026878, 0.4204641011078724, 0.0, 0.24103632301569594, 0.4038303572828205, 0.5454164696315131, 0.3244651221608037, 0.42967265220146345, 0.5743234233180422, 0.7623497153352535, 0.6576596687879078, 0.6818218110707228, 0.7147225221011382, 0.9805276448701905, 0.9388159719513952, 0.9398813688310953, 0.95708543601589], [1.7278617996910228, 1.3333543473011042, 0.9366565360085107, 0.7101627768166999, 0.7182423500940088, 0.6580245706695681, 0.24103632301569594, 0.0, 0.16451429948274732, 0.7507866384619192, 0.4230899186797539, 0.3704153287079477, 0.44681272545763195, 0.9407643635477158, 0.7663047362914088, 0.7876669493650269, 0.8243708273781729, 1.1469451358392373, 1.0671184628917496, 1.0707961051291661, 1.0964732590859885], [1.8771466877627687, 1.4897499379006263, 1.0916265044306241, 0.8469730434641981, 0.8194174135186411, 0.8159256808407982, 0.4038303572828205, 0.16451429948274732, 0.0, 0.8888575328581843, 0.526749467656269, 0.39003062298389773, 0.39451608641281033, 1.0604551222877732, 0.8509152857574601, 0.8700933756299876, 0.9078234535269923, 1.2563650711617844, 1.1545729157052111, 1.159894182182276, 1.1903815581750357], [1.0, 0.6627951969213676, 0.29691294170113414, 0.05513962402858996, 0.27525806042113093, 0.25069310042677484, 0.5454164696315131, 0.7507866384619192, 0.8888575328581843, 0.0, 0.40081257243612567, 0.6504990855181586, 0.8263641790327528, 0.24693387040840964, 0.37549451320590566, 0.3931862650529874, 0.3999655389859751, 0.4690883535425048, 0.5114861688237726, 0.5071428108079883, 0.5045582483325465], [1.3986525992231282, 1.0560671194986084, 0.6669378958054389, 0.36007184253391705, 0.29824560573844044, 0.45012943940324135, 0.3244651221608037, 0.4230899186797539, 0.526749467656269, 0.40081257243612567, 0.0, 0.2533535605222415, 0.43270888276449304, 0.5368189182270314, 0.34738290922608117, 0.37344221207907907, 0.41452340144120403, 0.7309764824819237, 0.6453282178235373, 0.6499276680161256, 0.6774482293032323], [1.6429606659523217, 1.3085603479082426, 0.9194461997870954, 0.6095377112373515, 0.48940928350750923, 0.6915465613118841, 0.42967265220146345, 0.3704153287079477, 0.39003062298389773, 0.6504990855181586, 0.2533535605222415, 0.0, 0.18012557669152343, 0.7537470995712573, 0.49101805605807214, 0.5081230388651489, 0.5485967414940898, 0.9210488132681869, 0.7895571002002157, 0.7973816915113177, 0.8345215305331556], [1.8129840906271846, 1.486106292726638, 1.098304876309516, 0.7855736647252864, 0.6440267718597836, 0.8694336579413269, 0.5743234233180422, 0.44681272545763195, 0.39451608641281033, 0.8263641790327528, 0.43270888276449304, 0.18012557669152343, 0.0, 0.9118959833519226, 0.6258874370333464, 0.6382306055493292, 0.6759232228580396, 1.0622258504382094, 0.9091233891478059, 0.9185016052402571, 0.9598488048150461], [0.9184187750771154, 0.6828597223673764, 0.4319674475010902, 0.27084716248957147, 0.27049783297411595, 0.4939070138209914, 0.7623497153352535, 0.9407643635477158, 1.0604551222877732, 0.24693387040840964, 0.5368189182270314, 0.7537470995712573, 0.9118959833519226, 0.0, 0.31635817325183285, 0.31709813426726136, 0.29638623914732276, 0.22388396353018525, 0.2933604056792871, 0.28600134078429795, 0.2750331805457473], [1.2336410913602407, 0.9820028126893903, 0.6627886968594922, 0.35595933134256763, 0.10889127386487697, 0.5842279275171692, 0.6576596687879078, 0.7663047362914088, 0.8509152857574601, 0.37549451320590566, 0.34738290922608117, 0.49101805605807214, 0.6258874370333464, 0.31635817325183285, 0.0, 0.06036070629232988, 0.11413983804896408, 0.43712798401052155, 0.30450298745530974, 0.3134058048681035, 0.35205156409399996], [1.2321043711438566, 0.9878088263582537, 0.6752586629726502, 0.3737109623956092, 0.13287074469212737, 0.6057739666630891, 0.6818218110707228, 0.7876669493650269, 0.8700933756299876, 0.3931862650529874, 0.37344221207907907, 0.5081230388651489, 0.6382306055493292, 0.31709813426726136, 0.06036070629232988, 0.0, 0.05749342268318998, 0.42846346578091077, 0.292311022547829, 0.293423335391229, 0.32841994708438504], [1.2052861220595972, 0.9701467415695035, 0.6694025533935679, 0.3827429994469334, 0.16761062051476447, 0.6195454665288821, 0.7147225221011382, 0.8243708273781729, 0.9078234535269923, 0.3999655389859751, 0.41452340144120403, 0.5485967414940898, 0.6759232228580396, 0.29638623914732276, 0.11413983804896408, 0.05749342268318998, 0.0, 0.4015954010473473, 0.2764863678887553, 0.26810309153299555, 0.2940148578993656], [0.8614943646376632, 0.7392018137039039, 0.5982774990258585, 0.49325817703720726, 0.4398005469788617, 0.7112413312343213, 0.9805276448701905, 1.1469451358392373, 1.2563650711617844, 0.4690883535425048, 0.7309764824819237, 0.9210488132681869, 1.0622258504382094, 0.22388396353018525, 0.43712798401052155, 0.42846346578091077, 0.4015954010473473, 0.0, 0.21608997491007448, 0.20218245102106203, 0.15893845628385805], [1.0771698684273636, 0.9327436489037756, 0.7239409048013873, 0.5178170679513185, 0.3574181898834554, 0.7606583405937672, 0.9388159719513952, 1.0671184628917496, 1.1545729157052111, 0.5114861688237726, 0.6453282178235373, 0.7895571002002157, 0.9091233891478059, 0.2933604056792871, 0.30450298745530974, 0.292311022547829, 0.2764863678887553, 0.21608997491007448, 0.0, 0.04145078712604446, 0.09226568277564169], [1.0625441565667404, 0.9190487725844477, 0.7136825942812455, 0.5127989075274547, 0.3592349379362828, 0.7560479595845799, 0.9398813688310953, 1.0707961051291661, 1.159894182182276, 0.5071428108079883, 0.6499276680161256, 0.7973816915113177, 0.9185016052402571, 0.28600134078429795, 0.3134058048681035, 0.293423335391229, 0.26810309153299555, 0.20218245102106203, 0.04145078712604446, 0.0, 0.05763477115204659], [1.0130241136155478, 0.8779204559815439, 0.6899371192996714, 0.5126930456966897, 0.3843070692828902, 0.7521787456035329, 0.95708543601589, 1.0964732590859885, 1.1903815581750357, 0.5045582483325465, 0.6774482293032323, 0.8345215305331556, 0.9598488048150461, 0.2750331805457473, 0.35205156409399996, 0.32841994708438504, 0.2940148578993656, 0.15893845628385805, 0.09226568277564169, 0.05763477115204659, 0.0]]