[[0.0, 0.33623299303287313, 0.6966776778352524, 1.023565505558732, 1.3517087164114605, 1.0927491429419565, 1.6321817028172025, 1.964603730927871, 2.2639999902008605, 1.0, 1.4208947152249547, 1.7128318869189283, 1.9719446635467393, 0.9223147453623441, 1.072047048631498, 0.8181682016809277, 0.6653014316271427, 0.8850922139476465, 0.8916246618725551, 0.6190583940788482, 0.43129125302157695], [0.33623299303287313, 0.0, 0.42604163998255695, 0.8002888007041689, 1.158882259337658, 0.8435457152670974, 1.3918082349285104, 1.7256092807046968, 2.026494471339164, 0.8228104613442695, 1.2824282939417952, 1.6044407945214296, 1.8791731648427226, 0.8282791548698301, 0.9928211516373661, 0.7563450666647653, 0.603033122782924, 0.8687116548918506, 0.8930909582607011, 0.6604574499422785, 0.4982280623054326], [0.6966776778352524, 0.42604163998255695, 0.0, 0.38466359370092384, 0.7511092177321897, 0.41859987392045633, 0.9664034120107994, 1.3001031242891201, 1.6009408902438917, 0.44492137133285553, 0.9108440144072832, 1.2473944914371102, 1.5284716504854203, 0.5490166548267734, 0.7070783926117883, 0.5581721379499964, 0.5087022107610095, 0.6802900314016692, 0.7227508689221567, 0.6094152624504053, 0.5566872210630178], [1.023565505558732, 0.8002888007041689, 0.38466359370092384, 0.0, 0.3674392095398491, 0.1325902992766352, 0.611122839397799, 0.9426571831151154, 1.242049064008165, 0.1672813818747765, 0.5560070831294106, 0.895879802891245, 1.1770444254388714, 0.3978938315355996, 0.49476111934047423, 0.5187712070198046, 0.5915548733998781, 0.5974667989648361, 0.6475474128002768, 0.6893125853690139, 0.7412148637207027], [1.3517087164114605, 1.158882259337658, 0.7511092177321897, 0.3674392095398491, 0.0, 0.3827494436360101, 0.37034649423784105, 0.6562482360466092, 0.9399511852560944, 0.3555570830960739, 0.26993260641023054, 0.5768297841857105, 0.8482691347679419, 0.517039263216098, 0.4890262337666343, 0.6636985845957759, 0.7913048347776241, 0.6989972187709808, 0.7415869386668986, 0.8977682386896412, 1.0072643418911027], [1.0927491429419565, 0.8435457152670974, 0.41859987392045633, 0.1325902992766352, 0.3827494436360101, 0.0, 0.5484405902644349, 0.8823955302746014, 1.1833463289252457, 0.26856823255459017, 0.6063379493724795, 0.9426028804586943, 1.2208707613585332, 0.5097349511653091, 0.5975782946237735, 0.6234029412851716, 0.683748895509526, 0.7120490982121168, 0.7619745029965419, 0.798330844947235, 0.8390807903837463], [1.6321817028172025, 1.3918082349285104, 0.9664034120107994, 0.611122839397799, 0.37034649423784105, 0.5484405902644349, 0.0, 0.3341757195345194, 0.6351144839529751, 0.6674475930556634, 0.5549489924584187, 0.7522413857759396, 0.9692214268112928, 0.8673795732705963, 0.844223860664803, 0.9981372740824933, 1.1005611059884173, 1.0575656767094193, 1.1009053485839224, 1.2402492207641722, 1.3300771858218032], [1.964603730927871, 1.7256092807046968, 1.3001031242891201, 0.9426571831151154, 0.6562482360466092, 0.8823955302746014, 0.3341757195345194, 0.0, 0.30100336885449414, 0.9869961527033488, 0.7606832176356287, 0.8261485882858001, 0.9598931524710957, 1.1658339916629932, 1.1121191591628525, 1.291370638725166, 1.400096259349875, 1.3423926629534813, 1.381601452956547, 1.5479665871465218, 1.650479843883874], [2.2639999902008605, 2.026494471339164, 1.6009408902438917, 1.242049064008165, 0.9399511852560944, 1.1833463289252457, 0.6351144839529751, 0.30100336885449414, 0.0, 1.2802007491429301, 1.0041656218438255, 0.9853495714703061, 1.0422608762462007, 1.4463916880924463, 1.376557615659771, 1.5689133472985146, 1.6813382633425267, 1.613126191442851, 1.6494030681507796, 1.8315121450053462, 1.9418815065246833], [1.0, 0.8228104613442695, 0.44492137133285553, 0.1672813818747765, 0.3555570830960739, 0.26856823255459017, 0.6674475930556634, 0.9869961527033488, 1.2802007491429301, 0.0, 0.4675799229217311, 0.8033714292612018, 1.0847114192139498, 0.2442823968625553, 0.3390618130333587, 0.3988229252060082, 0.5124059234251129, 0.44960313997516266, 0.4991487666909735, 0.5790347601449961, 0.6647131264809155], [1.4208947152249547, 1.2824282939417952, 0.9108440144072832, 0.5560070831294106, 0.26993260641023054, 0.6063379493724795, 0.5549489924584187, 0.7606832176356287, 1.0041656218438255, 0.4675799229217311, 0.0, 0.3416019621052439, 0.6235045629333346, 0.5055068585436998, 0.39142959809872957, 0.6343792988695455, 0.7932717648014018, 0.6296350406019742, 0.6594793080324459, 0.880373716742761, 1.028140257955293], [1.7128318869189283, 1.6044407945214296, 1.2473944914371102, 0.895879802891245, 0.5768297841857105, 0.9426028804586943, 0.7522413857759396, 0.8261485882858001, 0.9853495714703061, 0.8033714292612018, 0.3416019621052439, 0.0, 0.2821786482015347, 0.7927767146504168, 0.6426199684460879, 0.8959845916074027, 1.0538830246003688, 0.8581241755340551, 0.8725625326062735, 1.1303396862959725, 1.2987538130671987], [1.9719446635467393, 1.8791731648427226, 1.5284716504854203, 1.1770444254388714, 0.8482691347679419, 1.2208707613585332, 0.9692214268112928, 0.9598931524710957, 1.0422608762462007, 1.0847114192139498, 0.6235045629333346, 0.2821786482015347, 0.0, 1.0593058986653012, 0.9028359015541588, 1.1562166740946782, 1.3159513628234634, 1.099439617974471, 1.1064094497018344, 1.3742155074425684, 1.5502221501914313], [0.9223147453623441, 0.8282791548698301, 0.5490166548267734, 0.3978938315355996, 0.517039263216098, 0.5097349511653091, 0.8673795732705963, 1.1658339916629932, 1.4463916880924463, 0.2442823968625553, 0.5055068585436998, 0.7927767146504168, 1.0593058986653012, 0.0, 0.17025058582830416, 0.2420869434539639, 0.4104301435856307, 0.20616543696431255, 0.2556396051535454, 0.3876298236791122, 0.5238142211180308], [1.072047048631498, 0.9928211516373661, 0.7070783926117883, 0.49476111934047423, 0.4890262337666343, 0.5975782946237735, 0.844223860664803, 1.1121191591628525, 1.376557615659771, 0.3390618130333587, 0.39142959809872957, 0.6426199684460879, 0.9028359015541588, 0.17025058582830416, 0.0, 0.276739811884283, 0.46097280782642086, 0.24610389238682512, 0.2804006688820956, 0.4968719403640115, 0.6578584137758994], [0.8181682016809277, 0.7563450666647653, 0.5581721379499964, 0.5187712070198046, 0.6636985845957759, 0.6234029412851716, 0.9981372740824933, 1.291370638725166, 1.5689133472985146, 0.3988229252060082, 0.6343792988695455, 0.8959845916074027, 1.1562166740946782, 0.2420869434539639, 0.276739811884283, 0.0, 0.1879528804896626, 0.2743418775745785, 0.300288058517896, 0.29861746485678503, 0.4130206739205061], [0.6653014316271427, 0.603033122782924, 0.5087022107610095, 0.5915548733998781, 0.7913048347776241, 0.683748895509526, 1.1005611059884173, 1.400096259349875, 1.6813382633425267, 0.5124059234251129, 0.7932717648014018, 1.0538830246003688, 1.3159513628234634, 0.4104301435856307, 0.46097280782642086, 0.1879528804896626, 0.0, 0.4413024683226944, 0.45991085612529337, 0.3495942087471759, 0.33391610074520217], [0.8850922139476465, 0.8687116548918506, 0.6802900314016692, 0.5974667989648361, 0.6989972187709808, 0.7120490982121168, 1.0575656767094193, 1.3423926629534813, 1.613126191442851, 0.44960313997516266, 0.6296350406019742, 0.8581241755340551, 1.099439617974471, 0.20616543696431255, 0.24610389238682512, 0.2743418775745785, 0.4413024683226944, 0.0, 0.0562152237311388, 0.2767251358497795, 0.45645509016475083], [0.8916246618725551, 0.8930909582607011, 0.7227508689221567, 0.6475474128002768, 0.7415869386668986, 0.7619745029965419, 1.1009053485839224, 1.381601452956547, 1.6494030681507796, 0.4991487666909735, 0.6594793080324459, 0.8725625326062735, 1.1064094497018344, 0.2556396051535454, 0.2804006688820956, 0.300288058517896, 0.45991085612529337, 0.0562152237311388, 0.0, 0.27439899088605985, 0.46092173500584616], [0.6190583940788482, 0.6604574499422785, 0.6094152624504053, 0.6893125853690139, 0.8977682386896412, 0.798330844947235, 1.2402492207641722, 1.5479665871465218, 1.8315121450053462, 0.5790347601449961, 0.880373716742761, 1.1303396862959725, 1.3742155074425684, 0.3876298236791122, 0.4968719403640115, 0.29861746485678503, 0.3495942087471759, 0.2767251358497795, 0.27439899088605985, 0.0, 0.18900971186779963], [0.43129125302157695, 0.4982280623054326, 0.5566872210630178, 0.7412148637207027, 1.0072643418911027, 0.8390807903837463, 1.3300771858218032, 1.650479843883874, 1.9418815065246833, 0.6647131264809155, 1.028140257955293, 1.2987538130671987, 1.5502221501914313, 0.5238142211180308, 0.6578584137758994, 0.4130206739205061, 0.33391610074520217, 0.45645509016475083, 0.46092173500584616, 0.18900971186779963, 0.0]]