[[0.0, 0.4052446460543917, 0.7871859123953271, 1.0969839928571286, 1.3639657662104567, 1.0909045351544888, 1.5903191251251336, 1.8940956895677339, 2.1393445448828374, 1.0, 1.416233367082428, 1.6619421258953546, 1.8914726202397878, 0.8915863768618318, 1.148860538093765, 0.8165617650666345, 0.623819842969512, 0.8401974387068013, 1.0210868874429548, 0.7820100026926423, 0.6267265311539639], [0.4052446460543917, 0.0, 0.45179482522451203, 0.8197199135139256, 1.1377126930256833, 0.8059343603795243, 1.3201892591648687, 1.630760388392728, 1.8813086721608923, 0.7994649909229499, 1.2541487919964949, 1.5213105471335195, 1.764699867271061, 0.7980673496835735, 1.0287487360222702, 0.7117405135180587, 0.5596031676902429, 0.8594843305766889, 0.9888153706550854, 0.7606967674809069, 0.6373964737544138], [0.7871859123953271, 0.45179482522451203, 0.0, 0.3828513610748256, 0.7203989877134042, 0.3653300674132535, 0.8752645161649296, 1.1855928984907127, 1.436405566307025, 0.4397211943201769, 0.8822971444523201, 1.153658432428758, 1.3992576421431377, 0.5681673989577407, 0.7202230524177868, 0.49911711942562503, 0.47689086478624615, 0.743904860189348, 0.7844338359313014, 0.6302881662336407, 0.5958290351667707], [1.0969839928571286, 0.8197199135139256, 0.3828513610748256, 0.0, 0.34437916720945494, 0.06010787949124043, 0.5038813488579047, 0.8135760241217558, 1.0636688413445483, 0.2318826014484368, 0.5422679762735471, 0.805833606515396, 1.047541833853641, 0.478108425851767, 0.4783308636149938, 0.4650888982154495, 0.5821389380351965, 0.7123313068644531, 0.6511672392243727, 0.6215585657966997, 0.6802249752216002], [1.3639657662104567, 1.1377126930256833, 0.7203989877134042, 0.34437916720945494, 0.0, 0.3673721946877139, 0.28263344284260516, 0.544966541911964, 0.781218347713049, 0.36780402418685065, 0.2543354914764737, 0.4821493230979666, 0.715135735192393, 0.5543885850507563, 0.38180003714890903, 0.5937201617381465, 0.7711384145801778, 0.7672255887998567, 0.6236144198156096, 0.7180003502739933, 0.8337306421422135], [1.0909045351544888, 0.8059343603795243, 0.3653300674132535, 0.06010787949124043, 0.3673721946877139, 0.0, 0.5147680671048768, 0.8253633824632183, 1.075950083572362, 0.24466280064822235, 0.567267976818592, 0.8306580957225665, 1.0720792687404062, 0.49186309384068927, 0.5012131805844465, 0.4741414791572919, 0.5848486499063291, 0.7266654106132703, 0.6706425741979709, 0.6328243115498041, 0.6864340997101892], [1.5903191251251336, 1.3201892591648687, 0.8752645161649296, 0.5038813488579047, 0.28263344284260516, 0.5147680671048768, 0.0, 0.31080821715445267, 0.5616347436189804, 0.6111227386843902, 0.4571700556534685, 0.5841911075736537, 0.7650179768374276, 0.8226593029588157, 0.6500812981495511, 0.85384998710272, 1.021922936964498, 1.0410084382975344, 0.8955239418549154, 0.9869713148995389, 1.095291737606795], [1.8940956895677339, 1.630760388392728, 1.1855928984907127, 0.8135760241217558, 0.544966541911964, 0.8253633824632183, 0.31080821715445267, 0.0, 0.2509525769302655, 0.9024573545177297, 0.623328009649491, 0.6123736821998704, 0.6976206146835972, 1.0893241404659013, 0.8790937450674824, 1.1322141518999764, 1.3103759689533445, 1.2894108486887008, 1.1216792690983357, 1.2514477534888269, 1.3732787098275978], [2.1393445448828374, 1.8813086721608923, 1.436405566307025, 1.0636688413445483, 0.781218347713049, 1.075950083572362, 0.5616347436189804, 0.2509525769302655, 0.0, 1.1432506491646663, 0.8172223126439707, 0.7308792355346141, 0.7324723158590427, 1.3157684710722766, 1.0901339403819872, 1.364611412770884, 1.5473309359293692, 1.5031783849866773, 1.3252482573052649, 1.4749364908369844, 1.6036783934502743], [1.0, 0.7994649909229499, 0.4397211943201769, 0.2318826014484368, 0.36780402418685065, 0.24466280064822235, 0.6111227386843902, 0.9024573545177297, 1.1432506491646663, 0.0, 0.4569196298755249, 0.7274164229288381, 0.972970641626367, 0.25263209040400736, 0.2885561252821142, 0.25580648752621715, 0.41273547359792195, 0.48997277183599147, 0.42741387086381394, 0.40626704700076355, 0.4903798667451122], [1.416233367082428, 1.2541487919964949, 0.8822971444523201, 0.5422679762735471, 0.2543354914764737, 0.567267976818592, 0.4571700556534685, 0.623328009649491, 0.8172223126439707, 0.4569196298755249, 0.0, 0.27219665668662435, 0.518187288090751, 0.5332952425428922, 0.2838761687632439, 0.6018807967238861, 0.7947670749236923, 0.6918396523825598, 0.5088768574555488, 0.6793868206897998, 0.8227426479836928], [1.6619421258953546, 1.5213105471335195, 1.153658432428758, 0.805833606515396, 0.4821493230979666, 0.8306580957225665, 0.5841911075736537, 0.6123736821998704, 0.7308792355346141, 0.7274164229288381, 0.27219665668662435, 0.0, 0.24609733689454014, 0.7708685141856648, 0.5141202303843225, 0.8475896880885267, 1.0392687586905207, 0.8846688329167945, 0.6878296363055989, 0.8978994669596356, 1.049883699296075], [1.8914726202397878, 1.764699867271061, 1.3992576421431377, 1.047541833853641, 0.715135735192393, 1.0720792687404062, 0.7650179768374276, 0.6976206146835972, 0.7324723158590427, 0.972970641626367, 0.518187288090751, 0.24609733689454014, 0.0, 1.0019101188662216, 0.7478357781985343, 1.0817333835261562, 1.2711331821516467, 1.0901567179646077, 0.8928538372194359, 1.1173531338121492, 1.2718822026580434], [0.8915863768618318, 0.7980673496835735, 0.5681673989577407, 0.478108425851767, 0.5543885850507563, 0.49186309384068927, 0.8226593029588157, 1.0893241404659013, 1.3157684710722766, 0.25263209040400736, 0.5332952425428922, 0.7708685141856648, 1.0019101188662216, 0.0, 0.258524752988228, 0.09495293859018072, 0.27121181764148183, 0.23753788106465953, 0.21860434134455356, 0.1662138413380772, 0.29174954244792495], [1.148860538093765, 1.0287487360222702, 0.7202230524177868, 0.4783308636149938, 0.38180003714890903, 0.5012131805844465, 0.6500812981495511, 0.8790937450674824, 1.0901339403819872, 0.2885561252821142, 0.2838761687632439, 0.5141202303843225, 0.7478357781985343, 0.258524752988228, 0.0, 0.33484786051533766, 0.5262574606078096, 0.41379363872579694, 0.2471519310533235, 0.3967872394308358, 0.5427776112943921], [0.8165617650666345, 0.7117405135180587, 0.49911711942562503, 0.4650888982154495, 0.5937201617381465, 0.4741414791572919, 0.85384998710272, 1.1322141518999764, 1.364611412770884, 0.25580648752621715, 0.6018807967238861, 0.8475896880885267, 1.0817333835261562, 0.09495293859018072, 0.33484786051533766, 0.0, 0.19381125753692133, 0.2658931939285751, 0.2965472841862019, 0.16344344722268558, 0.2437042892857542], [0.623819842969512, 0.5596031676902429, 0.47689086478624615, 0.5821389380351965, 0.7711384145801778, 0.5848486499063291, 1.021922936964498, 1.3103759689533445, 1.5473309359293692, 0.41273547359792195, 0.7947670749236923, 1.0392687586905207, 1.2711331821516467, 0.27121181764148183, 0.5262574606078096, 0.19381125753692133, 0.0, 0.3097761000203473, 0.4350686361421555, 0.2052842531532001, 0.12678019079441485], [0.8401974387068013, 0.8594843305766889, 0.743904860189348, 0.7123313068644531, 0.7672255887998567, 0.7266654106132703, 1.0410084382975344, 1.2894108486887008, 1.5031783849866773, 0.48997277183599147, 0.6918396523825598, 0.8846688329167945, 1.0901567179646077, 0.23753788106465953, 0.41379363872579694, 0.2658931939285751, 0.3097761000203473, 0.0, 0.19892213485097834, 0.11791539858964067, 0.22856553781935254], [1.0210868874429548, 0.9888153706550854, 0.7844338359313014, 0.6511672392243727, 0.6236144198156096, 0.6706425741979709, 0.8955239418549154, 1.1216792690983357, 1.3252482573052649, 0.42741387086381394, 0.5088768574555488, 0.6878296363055989, 0.8928538372194359, 0.21860434134455356, 0.2471519310533235, 0.2965472841862019, 0.4350686361421555, 0.19892213485097834, 0.0, 0.24167696565702182, 0.3953596812112664], [0.7820100026926423, 0.7606967674809069, 0.6302881662336407, 0.6215585657966997, 0.7180003502739933, 0.6328243115498041, 0.9869713148995389, 1.2514477534888269, 1.4749364908369844, 0.40626704700076355, 0.6793868206897998, 0.8978994669596356, 1.1173531338121492, 0.1662138413380772, 0.3967872394308358, 0.16344344722268558, 0.2052842531532001, 0.11791539858964067, 0.24167696565702182, 0.0, 0.1562041882678843], [0.6267265311539639, 0.6373964737544138, 0.5958290351667707, 0.6802249752216002, 0.8337306421422135, 0.6864340997101892, 1.095291737606795, 1.3732787098275978, 1.6036783934502743, 0.4903798667451122, 0.8227426479836928, 1.049883699296075, 1.2718822026580434, 0.29174954244792495, 0.5427776112943921, 0.2437042892857542, 0.12678019079441485, 0.22856553781935254, 0.3953596812112664, 0.1562041882678843, 0.0]]