[[0.0, 0.4425704493568982, 0.8711836222383699, 1.1531238512681223, 1.3991016193746433, 1.175735317144297, 1.667237017680714, 1.9768467456938061, 2.2544144872947918, 1.0, 1.3325426548583932, 1.5283672030132143, 1.741175157984689, 0.8855129376356723, 1.1237232492054827, 0.7910358916422517, 0.5695759001804581, 0.8498058634818522, 0.9865421160460457, 0.7511191401321501, 0.5745763670763275], [0.4425704493568982, 0.0, 0.45173731532854317, 0.7723196584578365, 1.0551243512519988, 0.7583830271232357, 1.2787812179562374, 1.6006227473089374, 1.8883426985843383, 0.6386949506750608, 1.0400414325837728, 1.2882681675161272, 1.5330398456959806, 0.621435020548824, 0.8845272033740069, 0.5886029207936103, 0.4024303742723462, 0.6950019845014834, 0.8465035075554218, 0.6466911830198874, 0.49152157579743083], [0.8711836222383699, 0.45173731532854317, 0.0, 0.3441077844147835, 0.6491870420566218, 0.3116304899928773, 0.8328909568156138, 1.1582749964872725, 1.4494342191349099, 0.2608915479713462, 0.6947262196960368, 0.9807821030523168, 1.2429116194599024, 0.41500726512853375, 0.6321333422957433, 0.4963548735954725, 0.4917693545843092, 0.6067206201873797, 0.7276652867086356, 0.6421541805179767, 0.5957058377589712], [1.1531238512681223, 0.7723196584578365, 0.3441077844147835, 0.0, 0.3088307194871064, 0.2038442602220454, 0.5160454385508229, 0.8306358552091008, 1.116875056596467, 0.1696645426614942, 0.4031357987367452, 0.6979515972334169, 0.9605251011039558, 0.39095080311217584, 0.45312101213325817, 0.5284590053500461, 0.6547171406305594, 0.5979564566964481, 0.6528618917687775, 0.6856129050175512, 0.7293509637068799], [1.3991016193746433, 1.0551243512519988, 0.6491870420566218, 0.3088307194871064, 0.0, 0.46241398879399354, 0.35209161768265623, 0.5963899778809902, 0.8595812170413157, 0.4224593415225841, 0.21894824224280565, 0.46015154421800325, 0.7059738639928184, 0.5379751600112241, 0.42295920585821567, 0.6683521067517246, 0.8549400549518777, 0.6891406744866831, 0.6727629034077606, 0.7998682114514614, 0.9012090421107846], [1.175735317144297, 0.7583830271232357, 0.3116304899928773, 0.2038442602220454, 0.46241398879399354, 0.0, 0.546823746516542, 0.876470712407258, 1.1712260585543133, 0.28430269116930096, 0.5895286433663629, 0.8843564545893039, 1.1446510084393413, 0.5369885235928311, 0.6449484003510066, 0.6672328472685937, 0.7442588652413548, 0.7531014874091886, 0.8290816477461598, 0.8265510438675834, 0.8349083425251167], [1.667237017680714, 1.2787812179562374, 0.8328909568156138, 0.5160454385508229, 0.35209161768265623, 0.546823746516542, 0.0, 0.32976947161415565, 0.6246729140590898, 0.6698020974421223, 0.5423518375876262, 0.7162371819808924, 0.9111582177049524, 0.851285278648727, 0.76515906960181, 0.9892236325360989, 1.1532167350182745, 1.0241068127081103, 1.0164144321413195, 1.131638606877576, 1.2148206970798026], [1.9768467456938061, 1.6006227473089374, 1.1582749964872725, 0.8306358552091008, 0.5963899778809902, 0.876470712407258, 0.32976947161415565, 0.0, 0.295166778011564, 0.9786878606191334, 0.7402404328301134, 0.7971396867459891, 0.908029047390629, 1.128756318070346, 0.9862518203922785, 1.2588936560265565, 1.4431921487463795, 1.2745889896447549, 1.235369478945995, 1.387605809919038, 1.4934350722149636], [2.2544144872947918, 1.8883426985843383, 1.4494342191349099, 1.116875056596467, 0.8595812170413157, 1.1712260585543133, 0.6246729140590898, 0.295166778011564, 0.0, 1.2604946491300413, 0.9719080025074299, 0.9529081603953999, 0.9884966281724032, 1.390585569396553, 1.2183981353458657, 1.514136743375846, 1.7095713660871652, 1.517064312771082, 1.4582878833018296, 1.631881739991638, 1.7516008525172777], [1.0, 0.6386949506750608, 0.2608915479713462, 0.1696645426614942, 0.4224593415225841, 0.28430269116930096, 0.6698020974421223, 0.9786878606191334, 1.2604946491300413, 0.0, 0.44225075422446736, 0.7297553298288006, 0.9927566888400284, 0.25299256954297134, 0.4001729361679066, 0.3883109477755402, 0.4997342443888422, 0.46929795755319953, 0.5513112308680084, 0.5461406280144234, 0.5750998999449406], [1.3325426548583932, 1.0400414325837728, 0.6947262196960368, 0.4031357987367452, 0.21894824224280565, 0.5895286433663629, 0.5423518375876262, 0.7402404328301134, 0.9719080025074299, 0.44225075422446736, 0.0, 0.29750672223723873, 0.5611335593213301, 0.4501600350676842, 0.24898144532911093, 0.5562076602157705, 0.7689257461990028, 0.5469253970690564, 0.49610157768162466, 0.6617871131323352, 0.7924086008370625], [1.5283672030132143, 1.2882681675161272, 0.9807821030523168, 0.6979515972334169, 0.46015154421800325, 0.8843564545893039, 0.7162371819808924, 0.7971396867459891, 0.9529081603953999, 0.7297553298288006, 0.29750672223723873, 0.0, 0.2645740317345983, 0.675436622605058, 0.41027309887321733, 0.7399300851338766, 0.9647165440788039, 0.6896983459506978, 0.5749983877241932, 0.7963361296247349, 0.9595492505313838], [1.741175157984689, 1.5330398456959806, 1.2429116194599024, 0.9605251011039558, 0.7059738639928184, 1.1446510084393413, 0.9111582177049524, 0.908029047390629, 0.9884966281724032, 0.9927566888400284, 0.5611335593213301, 0.2645740317345983, 0.0, 0.9194743223582748, 0.6503464073569626, 0.9650426127601537, 1.1878699800717198, 0.8970531044990544, 0.7602747499332723, 0.993635564046558, 1.1674934064393951], [0.8855129376356723, 0.621435020548824, 0.41500726512853375, 0.39095080311217584, 0.5379751600112241, 0.5369885235928311, 0.851285278648727, 1.128756318070346, 1.390585569396553, 0.25299256954297134, 0.4501600350676842, 0.675436622605058, 0.9194743223582748, 0.0, 0.27102413065915376, 0.15657366118646546, 0.3338797307994696, 0.21676008531129035, 0.3169056149737999, 0.3006737685527278, 0.3702993371166529], [1.1237232492054827, 0.8845272033740069, 0.6321333422957433, 0.45312101213325817, 0.42295920585821567, 0.6449484003510066, 0.76515906960181, 0.9862518203922785, 1.2183981353458657, 0.4001729361679066, 0.24898144532911093, 0.41027309887321733, 0.6503464073569626, 0.27102413065915376, 0.0, 0.3347505099551454, 0.5587513499806517, 0.3082893912836122, 0.2536965492643209, 0.4185214403939005, 0.5632961682652426], [0.7910358916422517, 0.5886029207936103, 0.4963548735954725, 0.5284590053500461, 0.6683521067517246, 0.6672328472685937, 0.9892236325360989, 1.2588936560265565, 1.514136743375846, 0.3883109477755402, 0.5562076602157705, 0.7399300851338766, 0.9650426127601537, 0.15657366118646546, 0.3347505099551454, 0.0, 0.22555827289573604, 0.13991544598776526, 0.2667663536331208, 0.16641392918942813, 0.24034185724318835], [0.5695759001804581, 0.4024303742723462, 0.4917693545843092, 0.6547171406305594, 0.8549400549518777, 0.7442588652413548, 1.1532167350182745, 1.4431921487463795, 1.7095713660871652, 0.4997342443888422, 0.7689257461990028, 0.9647165440788039, 1.1878699800717198, 0.3338797307994696, 0.5587513499806517, 0.22555827289573604, 0.0, 0.31723972956955127, 0.45932890090658957, 0.24981984238260982, 0.12439037953711361], [0.8498058634818522, 0.6950019845014834, 0.6067206201873797, 0.5979564566964481, 0.6891406744866831, 0.7531014874091886, 1.0241068127081103, 1.2745889896447549, 1.517064312771082, 0.46929795755319953, 0.5469253970690564, 0.6896983459506978, 0.8970531044990544, 0.21676008531129035, 0.3082893912836122, 0.13991544598776526, 0.31723972956955127, 0.0, 0.15830568705097078, 0.13330248492109242, 0.2825445960169062], [0.9865421160460457, 0.8465035075554218, 0.7276652867086356, 0.6528618917687775, 0.6727629034077606, 0.8290816477461598, 1.0164144321413195, 1.235369478945995, 1.4582878833018296, 0.5513112308680084, 0.49610157768162466, 0.5749983877241932, 0.7602747499332723, 0.3169056149737999, 0.2536965492643209, 0.2667663536331208, 0.45932890090658957, 0.15830568705097078, 0.0, 0.23650023522087754, 0.41458072198250373], [0.7511191401321501, 0.6466911830198874, 0.6421541805179767, 0.6856129050175512, 0.7998682114514614, 0.8265510438675834, 1.131638606877576, 1.387605809919038, 1.631881739991638, 0.5461406280144234, 0.6617871131323352, 0.7963361296247349, 0.993635564046558, 0.3006737685527278, 0.4185214403939005, 0.16641392918942813, 0.24981984238260982, 0.13330248492109242, 0.23650023522087754, 0.0, 0.18065142062836514], [0.5745763670763275, 0.49152157579743083, 0.5957058377589712, 0.7293509637068799, 0.9012090421107846, 0.8349083425251167, 1.2148206970798026, 1.4934350722149636, 1.7516008525172777, 0.5750998999449406, 0.7924086008370625, 0.9595492505313838, 1.1674934064393951, 0.3702993371166529, 0.5632961682652426, 0.24034185724318835, 0.12439037953711361, 0.2825445960169062, 0.41458072198250373, 0.18065142062836514, 0.0]]