[[0.0, 0.4345126392702625, 0.8869800545432937, 1.2890462193112455, 1.610354056524932, 1.105925416502997, 1.569010503246617, 1.8577321515641867, 2.105470456610916, 1.0, 1.2218719980898658, 0.8713232122041652, 0.6292465463644509, 0.9075213155063124, 1.078610431730779, 0.7377453285209964, 0.5329801316635489, 0.8614807771798482, 1.0195299468918855, 0.7654214355507407, 0.5948312081431876], [0.4345126392702625, 0.0, 0.4660799921632076, 0.866094485406581, 1.1790380644291305, 0.8536025174592702, 1.3404633473052179, 1.640190872105378, 1.8944547054612046, 0.849095033646572, 1.0596695164464704, 0.7104128197874292, 0.48156668427933297, 0.8760812565715348, 1.0126699145175255, 0.6973794752037803, 0.5332365221320574, 0.9524654338096141, 1.0535322921606136, 0.8205069048975911, 0.684428277279716], [0.8869800545432937, 0.4660799921632076, 0.0, 0.4022368461285973, 0.7293256079210303, 0.624873009695883, 1.0701462509749908, 1.3613220957976406, 1.610359883631226, 0.7610350723660317, 0.9095354656088999, 0.6571205630180482, 0.5673848382991148, 0.918709448707571, 0.9862741015871197, 0.7869760760260825, 0.7334311477627007, 1.0988061721857678, 1.125866093343796, 0.9636161272495342, 0.8970513533193507], [1.2890462193112455, 0.866094485406581, 0.4022368461285973, 0.0, 0.3441695892886758, 0.7199400904319571, 1.0222472451090099, 1.272784004327709, 1.4986178464510271, 0.9440898948158402, 1.012712499528009, 0.8887703566023534, 0.8935207601018226, 1.163934634870322, 1.1770399334855424, 1.0764891016334244, 1.0780146128779395, 1.385214419553522, 1.367094671772928, 1.2597422886859737, 1.2310828955834168], [1.610354056524932, 1.1790380644291305, 0.7293256079210303, 0.3441695892886758, 0.0, 1.0197463975464205, 1.2257181831372468, 1.430178843999682, 1.625650207845653, 1.2605555346158126, 1.2973117830440537, 1.2189956706659095, 1.236852434688017, 1.4925135290523748, 1.4891718382298464, 1.4151877875810022, 1.4218105330196307, 1.7211325919454237, 1.6917115775773643, 1.5982494359479256, 1.5743856071717675], [1.105925416502997, 0.8536025174592702, 0.624873009695883, 0.7199400904319571, 1.0197463975464205, 0.0, 0.48694063848371144, 0.7867807247541718, 1.0411179667064019, 0.256161773153994, 0.29837115009068915, 0.2877978430796888, 0.48316641152545053, 0.5113513924777762, 0.4722746695812605, 0.5122190988067334, 0.6397420092273047, 0.7634284575375048, 0.6906432565597889, 0.6700898296604382, 0.726207948629143], [1.569010503246617, 1.3404633473052179, 1.0701462509749908, 1.0222472451090099, 1.2257181831372468, 0.48694063848371144, 0.0, 0.30000065127065884, 0.5543579830719352, 0.5848951674650892, 0.38801020691988536, 0.7010362906867098, 0.9405366974343283, 0.7879140870571895, 0.6431680511515588, 0.884760522510954, 1.0625718504472885, 1.021476947395773, 0.872840175440395, 0.983682324595047, 1.099086261087521], [1.8577321515641867, 1.640190872105378, 1.3613220957976406, 1.272784004327709, 1.430178843999682, 0.7867807247541718, 0.30000065127065884, 0.0, 0.25438829956476394, 0.8617082243476238, 0.6464088810691014, 0.9869211737701414, 1.2313541104421533, 1.032848310502994, 0.8694455554657765, 1.1530660703756035, 1.3412443375801697, 1.2435767880517694, 1.0758480441773417, 1.2284672133995624, 1.360174304249565], [2.105470456610916, 1.8944547054612046, 1.610359883631226, 1.4986178464510271, 1.625650207845653, 1.0411179667064019, 0.5543579830719352, 0.25438829956476394, 0.0, 1.1064528052086464, 0.886992418762609, 1.2350196687460036, 1.4811789274693459, 1.2602036859159775, 1.0905029320733743, 1.3914257468990707, 1.5842315442855213, 1.4550789661611094, 1.27940768612299, 1.4532606179751428, 1.593122534478664], [1.0, 0.849095033646572, 0.7610350723660317, 0.9440898948158402, 1.2605555346158126, 0.256161773153994, 0.5848951674650892, 0.8617082243476238, 1.1064528052086464, 0.0, 0.22315729032523976, 0.13999085984776535, 0.3859187668215575, 0.25727667021737366, 0.2344039531893759, 0.3024928450945122, 0.47996372913994095, 0.5114617965012767, 0.43621148974086443, 0.43087986045531634, 0.5197955856399168], [1.2218719980898658, 1.0596695164464704, 0.9095354656088999, 1.012712499528009, 1.2973117830440537, 0.29837115009068915, 0.38801020691988536, 0.6464088810691014, 0.886992418762609, 0.22315729032523976, 0.0, 0.35830660907960515, 0.6067569015921124, 0.40295791196616515, 0.2689157689696912, 0.5071795560990975, 0.697543970332772, 0.6416401922616164, 0.5080468080016594, 0.5973859701389462, 0.7168097227518874], [0.8713232122041652, 0.7104128197874292, 0.6571205630180482, 0.8887703566023534, 1.2189956706659095, 0.2877978430796888, 0.7010362906867098, 0.9869211737701414, 1.2350196687460036, 0.13999085984776535, 0.35830660907960515, 0.0, 0.2487340445484065, 0.27816220455174806, 0.33308826256932555, 0.22813737505622542, 0.3664571664513684, 0.5078792554692506, 0.4821714396340612, 0.39680677173104884, 0.4409297163976309], [0.6292465463644509, 0.48156668427933297, 0.5673848382991148, 0.8935207601018226, 1.236852434688017, 0.48316641152545053, 0.9405366974343283, 1.2313541104421533, 1.4811789274693459, 0.3859187668215575, 0.6067569015921124, 0.2487340445484065, 0.0, 0.4021264772128874, 0.5315185004589532, 0.23504996734813954, 0.18958258522318444, 0.5373054068776222, 0.5948679568099795, 0.40005315343521936, 0.3387360270937238], [0.9075213155063124, 0.8760812565715348, 0.918709448707571, 1.163934634870322, 1.4925135290523748, 0.5113513924777762, 0.7879140870571895, 1.032848310502994, 1.2602036859159775, 0.25727667021737366, 0.40295791196616515, 0.27816220455174806, 0.4021264772128874, 0.0, 0.17638629687743504, 0.18210858668459728, 0.38162128101603104, 0.25468177507607326, 0.2081856332081507, 0.19730198097076587, 0.3376083218348529], [1.078610431730779, 1.0126699145175255, 0.9862741015871197, 1.1770399334855424, 1.4891718382298464, 0.4722746695812605, 0.6431680511515588, 0.8694455554657765, 1.0905029320733743, 0.2344039531893759, 0.2689157689696912, 0.33308826256932555, 0.5315185004589532, 0.17638629687743504, 0.0, 0.3427439555609617, 0.547876708760361, 0.38009276105736745, 0.23991129788934593, 0.3632610316140373, 0.5126921284027205], [0.7377453285209964, 0.6973794752037803, 0.7869760760260825, 1.0764891016334244, 1.4151877875810022, 0.5122190988067334, 0.884760522510954, 1.1530660703756035, 1.3914257468990707, 0.3024928450945122, 0.5071795560990975, 0.22813737505622542, 0.23504996734813954, 0.18210858668459728, 0.3427439555609617, 0.0, 0.20543916569706583, 0.31402014179264276, 0.36131401298242916, 0.18349556396781241, 0.21912247064683452], [0.5329801316635489, 0.5332365221320574, 0.7334311477627007, 1.0780146128779395, 1.4218105330196307, 0.6397420092273047, 1.0625718504472885, 1.3412443375801697, 1.5842315442855213, 0.47996372913994095, 0.697543970332772, 0.3664571664513684, 0.18958258522318444, 0.38162128101603104, 0.547876708760361, 0.20543916569706583, 0.0, 0.4196802840326248, 0.5299645152123911, 0.28782752130935885, 0.16660074978322764], [0.8614807771798482, 0.9524654338096141, 1.0988061721857678, 1.385214419553522, 1.7211325919454237, 0.7634284575375048, 1.021476947395773, 1.2435767880517694, 1.4550789661611094, 0.5114617965012767, 0.6416401922616164, 0.5078792554692506, 0.5373054068776222, 0.25468177507607326, 0.38009276105736745, 0.31402014179264276, 0.4196802840326248, 0.0, 0.18524185773650415, 0.13847275327220718, 0.27867883243622443], [1.0195299468918855, 1.0535322921606136, 1.125866093343796, 1.367094671772928, 1.6917115775773643, 0.6906432565597889, 0.872840175440395, 1.0758480441773417, 1.27940768612299, 0.43621148974086443, 0.5080468080016594, 0.4821714396340612, 0.5948679568099795, 0.2081856332081507, 0.23991129788934593, 0.36131401298242916, 0.5299645152123911, 0.18524185773650415, 0.0, 0.25480554858594345, 0.42498656608313756], [0.7654214355507407, 0.8205069048975911, 0.9636161272495342, 1.2597422886859737, 1.5982494359479256, 0.6700898296604382, 0.983682324595047, 1.2284672133995624, 1.4532606179751428, 0.43087986045531634, 0.5973859701389462, 0.39680677173104884, 0.40005315343521936, 0.19730198097076587, 0.3632610316140373, 0.18349556396781241, 0.28782752130935885, 0.13847275327220718, 0.25480554858594345, 0.0, 0.17085695354257918], [0.5948312081431876, 0.684428277279716, 0.8970513533193507, 1.2310828955834168, 1.5743856071717675, 0.726207948629143, 1.099086261087521, 1.360174304249565, 1.593122534478664, 0.5197955856399168, 0.7168097227518874, 0.4409297163976309, 0.3387360270937238, 0.3376083218348529, 0.5126921284027205, 0.21912247064683452, 0.16660074978322764, 0.27867883243622443, 0.42498656608313756, 0.17085695354257918, 0.0]]