[[0.0, 0.4406082418754437, 0.9243122028650501, 1.3191572402838716, 1.6125975865656208, 1.1143896720640671, 1.5783304288158442, 1.8608576059772846, 2.094664220978173, 1.0, 1.1677755289052216, 0.797510829853655, 0.5289561658259069, 0.9108558565490283, 0.9918782110186549, 0.630338606661505, 0.38860583528298487, 0.8743199156503862, 0.9104121438543042, 0.6137466454962602, 0.4103204354750812], [0.4406082418754437, 0.0, 0.5009574271410624, 0.8950573759300301, 1.181328653891617, 0.8207785748364942, 1.3019567123267033, 1.5955661518879405, 1.8374301833138218, 0.812197513683766, 0.9479639195676046, 0.563863503481076, 0.2948397900763185, 0.8488350694209212, 0.8732107746274085, 0.5285899552855673, 0.34430353499504, 0.9479586768449247, 0.9187815149808644, 0.6560692221405238, 0.51186842478994], [0.9243122028650501, 0.5009574271410624, 0.0, 0.39554933933618036, 0.6893186535974184, 0.5163854421225283, 0.9463666034953876, 1.2334033790142274, 1.4732058496141986, 0.6767284794792612, 0.7262700739964698, 0.4829490176946919, 0.4780159363021655, 0.8627201316593505, 0.8106768012361631, 0.6442397075954716, 0.6562707255554525, 1.0809123165322008, 0.9913967326235942, 0.8486347202938915, 0.8175256220788149], [1.3191572402838716, 0.8950573759300301, 0.39554933933618036, 0.0, 0.3021962732781896, 0.5865904095194412, 0.8305230267758367, 1.0750178347123212, 1.2949080604204355, 0.8441596277654904, 0.8079196389502918, 0.7484079407647066, 0.8467852067576076, 1.0901732175643182, 0.9991635660841252, 0.9593201115694838, 1.0289476752970113, 1.3479636628593346, 1.235125468248802, 1.1655931724341937, 1.1762062645398264], [1.6125975865656208, 1.181328653891617, 0.6893186535974184, 0.3021962732781896, 0.0, 0.836259432099041, 0.947995361746446, 1.1349338707053451, 1.3227852650939755, 1.1072447589005014, 1.0407711268804942, 1.0405540300479483, 1.1486095863282841, 1.364291335217316, 1.2630110110928512, 1.2567781640478768, 1.3307350378627638, 1.6300950781117907, 1.5115809171002308, 1.4618613925707495, 1.477961019304945], [1.1143896720640671, 0.8207785748364942, 0.5163854421225283, 0.5865904095194412, 0.836259432099041, 0.0, 0.48133571711661155, 0.7748923273506132, 1.0169098687924523, 0.2745957898775837, 0.22715131317530687, 0.3244054074040882, 0.5898689980595813, 0.5395469711567183, 0.42899976598754036, 0.5423684300217879, 0.7341642751327592, 0.8148721131812539, 0.6878131600830657, 0.7144616389957917, 0.8120683173573443], [1.5783304288158442, 1.3019567123267033, 0.9463666034953876, 0.8305230267758367, 0.947995361746446, 0.48133571711661155, 0.0, 0.2942099317359402, 0.5367372255275761, 0.604648411218635, 0.43133605391551344, 0.7815452517984276, 1.063508655526116, 0.8232424550658658, 0.6935908046257141, 0.9680403360951599, 1.191199817627013, 1.0818650899007176, 0.9470515261003081, 1.09367100369607, 1.2368528042665212], [1.8608576059772846, 1.5955661518879405, 1.2334033790142274, 1.0750178347123212, 1.1349338707053451, 0.7748923273506132, 0.2942099317359402, 0.0, 0.24261262574051326, 0.8701339393576297, 0.6970338151739813, 1.0672100269072262, 1.352392809641262, 1.056455351071356, 0.9323573111682789, 1.241095604112768, 1.4726005366667771, 1.2922099236425222, 1.162343530691438, 1.3474497025730463, 1.5050220554505924], [2.094664220978173, 1.8374301833138218, 1.4732058496141986, 1.2949080604204355, 1.3227852650939755, 1.0169098687924523, 0.5367372255275761, 0.24261262574051326, 0.0, 1.0981624429736236, 0.9273966825538293, 1.3044383081417479, 1.5910513073313128, 1.2649797823270577, 1.1459916702337836, 1.4704910628050036, 1.7063226645679381, 1.4835017070132834, 1.358742785576295, 1.564734839504234, 1.7303209824585915], [1.0, 0.812197513683766, 0.6767284794792612, 0.8441596277654904, 1.1072447589005014, 0.2745957898775837, 0.604648411218635, 0.8701339393576297, 1.0981624429736236, 0.0, 0.17463939505001874, 0.2509421362084836, 0.5279472239284874, 0.26676769407771145, 0.15652424872454865, 0.3726601192550056, 0.6133249798143281, 0.5440823232138271, 0.41466126986134033, 0.49121969599161197, 0.6353233063906376], [1.1677755289052216, 0.9479639195676046, 0.7262700739964698, 0.8079196389502918, 1.0407711268804942, 0.22715131317530687, 0.43133605391551344, 0.6970338151739813, 0.9273966825538293, 0.17463939505001874, 0.0, 0.38848354434994475, 0.6768180785079992, 0.40752378651761356, 0.2778245151438384, 0.5442425619796959, 0.7796284044836522, 0.6806371493041342, 0.5455113558777349, 0.6627298079128628, 0.8092221843971369], [0.797510829853655, 0.563863503481076, 0.4829490176946919, 0.7484079407647066, 1.0405540300479483, 0.3244054074040882, 0.7815452517984276, 1.0672100269072262, 1.3044383081417479, 0.2509421362084836, 0.38848354434994475, 0.0, 0.28879846141445176, 0.38067430028711974, 0.34480951561841944, 0.22877323615317258, 0.41241399626667385, 0.6081054297310061, 0.5100188956531067, 0.4248072551972939, 0.49153048424598483], [0.5289561658259069, 0.2948397900763185, 0.4780159363021655, 0.8467852067576076, 1.1486095863282841, 0.5898689980595813, 1.063508655526116, 1.352392809641262, 1.5910513073313128, 0.5279472239284874, 0.6768180785079992, 0.28879846141445176, 0.0, 0.557168603163491, 0.5790997249596889, 0.2424849305346367, 0.1823796169928274, 0.6863816596307699, 0.6384562779570854, 0.40912020455881626, 0.34033636087751773], [0.9108558565490283, 0.8488350694209212, 0.8627201316593505, 1.0901732175643182, 1.364291335217316, 0.5395469711567183, 0.8232424550658658, 1.056455351071356, 1.2649797823270577, 0.26676769407771145, 0.40752378651761356, 0.38067430028711974, 0.557168603163491, 0.0, 0.13115843198626792, 0.322461712214824, 0.5591108327035436, 0.2777848385229916, 0.14928231156237554, 0.31182284571169694, 0.5049830269966161], [0.9918782110186549, 0.8732107746274085, 0.8106768012361631, 0.9991635660841252, 1.2630110110928512, 0.42899976598754036, 0.6935908046257141, 0.9323573111682789, 1.1459916702337836, 0.15652424872454865, 0.2778245151438384, 0.34480951561841944, 0.5790997249596889, 0.13115843198626792, 0.0, 0.3704421547410417, 0.6197949404421988, 0.40362055671429736, 0.26920197644390764, 0.41941128168962755, 0.5974919991931704], [0.630338606661505, 0.5285899552855673, 0.6442397075954716, 0.9593201115694838, 1.2567781640478768, 0.5423684300217879, 0.9680403360951599, 1.241095604112768, 1.4704910628050036, 0.3726601192550056, 0.5442425619796959, 0.22877323615317258, 0.2424849305346367, 0.322461712214824, 0.3704421547410417, 0.0, 0.24984828897559688, 0.4524280327412326, 0.3961887622044732, 0.2075783864359087, 0.27196570287044247], [0.38860583528298487, 0.34430353499504, 0.6562707255554525, 1.0289476752970113, 1.3307350378627638, 0.7341642751327592, 1.191199817627013, 1.4726005366667771, 1.7063226645679381, 0.6133249798143281, 0.7796284044836522, 0.41241399626667385, 0.1823796169928274, 0.5591108327035436, 0.6197949404421988, 0.24984828897559688, 0.0, 0.6105979433712679, 0.5988131952203485, 0.31701154685667715, 0.1764724461979938], [0.8743199156503862, 0.9479586768449247, 1.0809123165322008, 1.3479636628593346, 1.6300950781117907, 0.8148721131812539, 1.0818650899007176, 1.2922099236425222, 1.4835017070132834, 0.5440823232138271, 0.6806371493041342, 0.6081054297310061, 0.6863816596307699, 0.2777848385229916, 0.40362055671429736, 0.4524280327412326, 0.6105979433712679, 0.0, 0.13658246369092708, 0.29391777194995716, 0.4799473755890426], [0.9104121438543042, 0.9187815149808644, 0.9913967326235942, 1.235125468248802, 1.5115809171002308, 0.6878131600830657, 0.9470515261003081, 1.162343530691438, 1.358742785576295, 0.41466126986134033, 0.5455113558777349, 0.5100188956531067, 0.6384562779570854, 0.14928231156237554, 0.26920197644390764, 0.3961887622044732, 0.5988131952203485, 0.13658246369092708, 0.0, 0.2981021521031433, 0.5015277365396452], [0.6137466454962602, 0.6560692221405238, 0.8486347202938915, 1.1655931724341937, 1.4618613925707495, 0.7144616389957917, 1.09367100369607, 1.3474497025730463, 1.564734839504234, 0.49121969599161197, 0.6627298079128628, 0.4248072551972939, 0.40912020455881626, 0.31182284571169694, 0.41941128168962755, 0.2075783864359087, 0.31701154685667715, 0.29391777194995716, 0.2981021521031433, 0.0, 0.20388290644683577], [0.4103204354750812, 0.51186842478994, 0.8175256220788149, 1.1762062645398264, 1.477961019304945, 0.8120683173573443, 1.2368528042665212, 1.5050220554505924, 1.7303209824585915, 0.6353233063906376, 0.8092221843971369, 0.49153048424598483, 0.34033636087751773, 0.5049830269966161, 0.5974919991931704, 0.27196570287044247, 0.1764724461979938, 0.4799473755890426, 0.5015277365396452, 0.20388290644683577, 0.0]]