[[0.0, 0.4999505260941956, 0.9517183512529348, 1.3400686428440307, 1.6759683067420679, 1.1376506976563838, 1.5946492722470427, 1.8889515537628123, 2.152486763463455, 1.0, 1.2150904051237488, 0.8646279536138564, 0.6793835628568057, 0.898887718274014, 1.0662585967900184, 0.7160043382032686, 0.5921570513466654, 0.8762390179358646, 1.0115493752099023, 0.7457272552032618, 0.6146559576508638], [0.4999505260941956, 0.0, 0.4673331780728736, 0.8520861778467362, 1.18007170227083, 0.872209765327346, 1.3555247384621096, 1.6638117052712735, 1.937948630913304, 0.862052066927983, 1.0859367509088727, 0.7414018239944761, 0.5647180504102209, 0.9090579905810656, 1.0710031785476812, 0.7399023488041974, 0.6051743511259557, 1.017563157788512, 1.1339097965752434, 0.8936260578577641, 0.761312332557351], [0.9517183512529348, 0.4673331780728736, 0.0, 0.38840849404534133, 0.7293780687167799, 0.678138095221885, 1.1124472789111453, 1.410420014520577, 1.679964561936959, 0.819512085702359, 0.9997686359617957, 0.7551589487432353, 0.6695553120565806, 0.99647661470319, 1.1184197632270216, 0.8887127767809198, 0.7985736012189235, 1.1908602947673568, 1.2725821776208839, 1.096279369514784, 0.9956076991259435], [1.3400686428440307, 0.8520861778467362, 0.38840849404534133, 0.0, 0.3512483476181202, 0.7994264905502093, 1.106370187827735, 1.3652684395490768, 1.6131032349748424, 1.0280540431207634, 1.1507559980559812, 1.0086787539862474, 0.9810977934013725, 1.2600146752757848, 1.3477742209090966, 1.1926022208231908, 1.129029537998674, 1.4842626174618347, 1.543377240488903, 1.4088198947837196, 1.3271599066593365], [1.6759683067420679, 1.18007170227083, 0.7293780687167799, 0.3512483476181202, 0.0, 1.094961232836999, 1.3091389555791526, 1.5232372341179328, 1.74160560766708, 1.346295719299571, 1.4409823049552475, 1.3419200688179567, 1.3280391204663369, 1.5920712208916787, 1.6663452496111912, 1.536459114727073, 1.4780254419070018, 1.8231796827425157, 1.8746537151355265, 1.7532891566220798, 1.6756773082914], [1.1376506976563838, 0.872209765327346, 0.678138095221885, 0.7994264905502093, 1.094961232836999, 0.0, 0.48353470793993525, 0.7917191614373991, 1.0658519639586057, 0.27886314445243926, 0.35155877576661676, 0.3466486105620066, 0.47529200628996066, 0.553012735472785, 0.5841503306899817, 0.5856635517677252, 0.6168478766375268, 0.8026525892603525, 0.8175640101186414, 0.779809572189974, 0.7652479231336713], [1.5946492722470427, 1.3555247384621096, 1.1124472789111453, 1.106370187827735, 1.3091389555791526, 0.48353470793993525, 0.0, 0.3084793833299329, 0.5829119795586777, 0.6108330333403268, 0.4513240818810846, 0.7391962315111387, 0.9158577115501376, 0.8305735006290581, 0.7540005677320769, 0.9489285646403741, 1.0282739428343912, 1.0522989670807243, 1.0036841058025392, 1.086387436660275, 1.1243178039036505], [1.8889515537628123, 1.6638117052712735, 1.410420014520577, 1.3652684395490768, 1.5232372341179328, 0.7917191614373991, 0.3084793833299329, 0.0, 0.274518821882882, 0.8924881520981038, 0.6989507054636149, 1.0260846920316864, 1.210178314930202, 1.077634135501918, 0.968668548952331, 1.2182024636902364, 1.3111413341073517, 1.2733391422690388, 1.2004099410189688, 1.3289335700636673, 1.3857896585757736], [2.152486763463455, 1.937948630913304, 1.679964561936959, 1.6131032349748424, 1.74160560766708, 1.0658519639586057, 0.5829119795586777, 0.274518821882882, 0.0, 1.1528908079432414, 0.9473575303814777, 1.2880572593587543, 1.475437334687058, 1.316477152444704, 1.191260979341033, 1.4683702074401561, 1.5689262459469646, 1.4926151980000546, 1.405501174694126, 1.561185776345538, 1.6295440161117594], [1.0, 0.862052066927983, 0.819512085702359, 1.0280540431207634, 1.346295719299571, 0.27886314445243926, 0.6108330333403268, 0.8924881520981038, 1.1528908079432414, 0.0, 0.22693476987916014, 0.13650218860840296, 0.3285119592241332, 0.27506578425405676, 0.3206165879753997, 0.3425107198560549, 0.41921422215357085, 0.5250478625710521, 0.5408151628453284, 0.5128889822522759, 0.5223856292412132], [1.2150904051237488, 1.0859367509088727, 0.9997686359617957, 1.1507559980559812, 1.4409823049552475, 0.35155877576661676, 0.4513240818810846, 0.6989507054636149, 0.9473575303814777, 0.22693476987916014, 0.0, 0.35951366700572934, 0.5530208211653357, 0.3823532801904962, 0.3105741432135354, 0.521272903240027, 0.6252541675998666, 0.6022178182160642, 0.5644847727937541, 0.6372231856466635, 0.6870788209773536], [0.8646279536138564, 0.7414018239944761, 0.7551589487432353, 1.0086787539862474, 1.3419200688179567, 0.3466486105620066, 0.7391962315111387, 1.0260846920316864, 1.2880572593587543, 0.13650218860840296, 0.35951366700572934, 0.0, 0.19368794624478108, 0.2522089622059412, 0.36478983177000884, 0.2394503485199263, 0.29005292733396465, 0.4857025913097431, 0.5350549720787278, 0.4404393148550188, 0.4197801991781829], [0.6793835628568057, 0.5647180504102209, 0.6695553120565806, 0.9810977934013725, 1.3280391204663369, 0.47529200628996066, 0.9158577115501376, 1.210178314930202, 1.475437334687058, 0.3285119592241332, 0.5530208211653357, 0.19368794624478108, 0.0, 0.3534570780286915, 0.5087677286738137, 0.22003605225965914, 0.15917161289298584, 0.5220599932832406, 0.6115577915615837, 0.43057636315587006, 0.3499479220864123], [0.898887718274014, 0.9090579905810656, 0.99647661470319, 1.2600146752757848, 1.5920712208916787, 0.553012735472785, 0.8305735006290581, 1.077634135501918, 1.316477152444704, 0.27506578425405676, 0.3823532801904962, 0.2522089622059412, 0.3534570780286915, 0.0, 0.17116326748226307, 0.18692612424131383, 0.3251206759566032, 0.2501036285908227, 0.2835537911003619, 0.25621511401280245, 0.3153555471769513], [1.0662585967900184, 1.0710031785476812, 1.1184197632270216, 1.3477742209090966, 1.6663452496111912, 0.5841503306899817, 0.7540005677320769, 0.968668548952331, 1.191260979341033, 0.3206165879753997, 0.3105741432135354, 0.36478983177000884, 0.5087677286738137, 0.17116326748226307, 0.0, 0.3570594083417349, 0.49560503373224757, 0.30510463304741825, 0.2541731940369754, 0.3742043938810797, 0.46758593031971435], [0.7160043382032686, 0.7399023488041974, 0.8887127767809198, 1.1926022208231908, 1.536459114727073, 0.5856635517677252, 0.9489285646403741, 1.2182024636902364, 1.4683702074401561, 0.3425107198560549, 0.521272903240027, 0.2394503485199263, 0.22003605225965914, 0.18692612424131383, 0.3570594083417349, 0.0, 0.14125676133320225, 0.30365596603501066, 0.40027186525718833, 0.21730904355947708, 0.1822933999822422], [0.5921570513466654, 0.6051743511259557, 0.7985736012189235, 1.129029537998674, 1.4780254419070018, 0.6168478766375268, 1.0282739428343912, 1.3111413341073517, 1.5689262459469646, 0.41921422215357085, 0.6252541675998666, 0.29005292733396465, 0.15917161289298584, 0.3251206759566032, 0.49560503373224757, 0.14125676133320225, 0.0, 0.4174037407674527, 0.5293277290970603, 0.30417482337110796, 0.198836483461717], [0.8762390179358646, 1.017563157788512, 1.1908602947673568, 1.4842626174618347, 1.8231796827425157, 0.8026525892603525, 1.0522989670807243, 1.2733391422690388, 1.4926151980000546, 0.5250478625710521, 0.6022178182160642, 0.4857025913097431, 0.5220599932832406, 0.2501036285908227, 0.30510463304741825, 0.30365596603501066, 0.4174037407674527, 0.0, 0.13616641111770467, 0.13360940152817113, 0.27174373838375476], [1.0115493752099023, 1.1339097965752434, 1.2725821776208839, 1.543377240488903, 1.8746537151355265, 0.8175640101186414, 1.0036841058025392, 1.2004099410189688, 1.405501174694126, 0.5408151628453284, 0.5644847727937541, 0.5350549720787278, 0.6115577915615837, 0.2835537911003619, 0.2541731940369754, 0.40027186525718833, 0.5293277290970603, 0.13616641111770467, 0.0, 0.26664789668085204, 0.40356493767500146], [0.7457272552032618, 0.8936260578577641, 1.096279369514784, 1.4088198947837196, 1.7532891566220798, 0.779809572189974, 1.086387436660275, 1.3289335700636673, 1.561185776345538, 0.5128889822522759, 0.6372231856466635, 0.4404393148550188, 0.43057636315587006, 0.25621511401280245, 0.3742043938810797, 0.21730904355947708, 0.30417482337110796, 0.13360940152817113, 0.26664789668085204, 0.0, 0.1393096002722187], [0.6146559576508638, 0.761312332557351, 0.9956076991259435, 1.3271599066593365, 1.6756773082914, 0.7652479231336713, 1.1243178039036505, 1.3857896585757736, 1.6295440161117594, 0.5223856292412132, 0.6870788209773536, 0.4197801991781829, 0.3499479220864123, 0.3153555471769513, 0.46758593031971435, 0.1822933999822422, 0.198836483461717, 0.27174373838375476, 0.40356493767500146, 0.1393096002722187, 0.0]]