[[0.0, 0.6146611004703404, 1.1582728590547056, 1.5566441184405029, 1.8412477640239744, 1.2975205473995586, 1.9022697219219153, 2.325631055872389, 2.663253784444829, 1.0, 1.8030181397088896, 2.3474483763341563, 2.7525410816553966, 0.7437830220215242, 1.6280244966286543, 2.176992331669633, 2.5823577572105934, 0.640699134609886, 1.3754997905016746, 1.8150735964195197, 2.1454087506326958], [0.6146611004703404, 0.0, 0.5731112185760686, 1.0366434498240487, 1.3947393118491969, 0.7082270647116314, 1.454928682283935, 1.9389995613525162, 2.313310635763965, 0.4562317373572368, 1.4320364313579221, 2.0276298659858143, 2.458613313362716, 0.4134097812101729, 1.3525576901844212, 1.9218320791662185, 2.334082732407149, 0.6236547770406776, 1.2167006749217426, 1.6210063722829482, 1.9318419322986535], [1.1582728590547056, 0.5731112185760686, 0.0, 0.5045332880021107, 0.9152038452556593, 0.17524474161092857, 0.969785952253337, 1.485923372804894, 1.8786688954637634, 0.2125899641307942, 1.0299022133453186, 1.6326531561723905, 2.068624706085298, 0.5418903679621437, 1.0675473167733458, 1.5961601581761806, 1.9910579782741862, 0.8661156629858763, 1.0854060435945418, 1.3860540037417681, 1.6474904952705172], [1.5566441184405029, 1.0366434498240487, 0.5045332880021107, 0.0, 0.4288617278211294, 0.45183198602071717, 0.48018674613115064, 0.9998343559494561, 1.3963132586545601, 0.6040671764129886, 0.6071878930970226, 1.1789098731153196, 1.6083310045719543, 0.8378965464281549, 0.7653532395648627, 1.1976617340217919, 1.5637206022149324, 1.0938577010559931, 0.9393573509980438, 1.0874121334428823, 1.2821027269125829], [1.8412477640239744, 1.3947393118491969, 0.9152038452556593, 0.4288617278211294, 0.0, 0.8723485903964938, 0.13732874493409683, 0.5762467023563308, 0.9710349553523371, 0.9703696208352405, 0.2897464206724852, 0.7604433090591693, 1.184636562192066, 1.1128224960821833, 0.5614931825608035, 0.8222279075385189, 1.1567350827095109, 1.2871794969212795, 0.8566767813146838, 0.8234378011700229, 0.9341064629372262], [1.2975205473995586, 0.7082270647116314, 0.17524474161092857, 0.45183198602071717, 0.8723485903964938, 0.0, 0.9174743821681394, 1.4416281022584843, 1.8387126497678188, 0.3199370152972854, 1.0153130681652827, 1.6103726384782222, 2.0441867160673506, 0.6679836173345786, 1.0948628912841476, 1.5997672914325431, 1.9844448594859108, 0.99540815738889, 1.1545010262549185, 1.4213467421575599, 1.663856410040024], [1.9022697219219153, 1.454928682283935, 0.969785952253337, 0.48018674613115064, 0.13732874493409683, 0.9174743821681394, 0.0, 0.5250564168996408, 0.92305478765551, 1.0242936991181342, 0.2820938783286914, 0.7269993924551024, 1.1459355752327374, 1.1703627405557946, 0.5834391637044157, 0.8090397641921903, 1.130054971442792, 1.3446688191878011, 0.895447473373397, 0.8371229588530084, 0.9290954806852472], [2.325631055872389, 1.9389995613525162, 1.485923372804894, 0.9998343559494561, 0.5762467023563308, 1.4416281022584843, 0.5250564168996408, 0.0, 0.3982917902874144, 1.5250244937629884, 0.525154336463008, 0.29374456860737314, 0.6420733696095944, 1.61595809547851, 0.7553628323042539, 0.5344730804899214, 0.6915065158767838, 1.7230269922332713, 1.095253258766278, 0.8046181720485329, 0.694015281493163], [2.663253784444829, 2.313310635763965, 1.8786688954637634, 1.3963132586545601, 0.9710349553523371, 1.8387126497678188, 0.92305478765551, 0.3982917902874144, 0.0, 1.9101281949292102, 0.8848887344892908, 0.3338336677787374, 0.2984413254757672, 1.9739784734707149, 1.0461428109999265, 0.5977911454182784, 0.47327021417119897, 2.045137496820008, 1.35703369982227, 0.9750724169506775, 0.7292869209831058], [1.0, 0.4562317373572368, 0.2125899641307942, 0.6040671764129886, 0.9703696208352405, 0.3199370152972854, 1.0242936991181342, 1.5250244937629884, 1.9101281949292102, 0.0, 1.0348626162006966, 1.641879221622176, 2.0785357662262114, 0.3523051407685383, 1.0191889233525726, 1.5743142071424188, 1.980131576447021, 0.6849326674665562, 0.9832005224294791, 1.3256508588817844, 1.609392192275895], [1.8030181397088896, 1.4320364313579221, 1.0299022133453186, 0.6071878930970226, 0.2897464206724852, 1.0153130681652827, 0.2820938783286914, 0.525154336463008, 0.8848887344892908, 1.0348626162006966, 0.0, 0.6078172255758884, 1.0450940662196204, 1.0938306410743297, 0.3124232447266305, 0.595008745419751, 0.9700138078232308, 1.2032370252852318, 0.6467217295577704, 0.559610817019133, 0.6899796995496498], [2.3474483763341563, 2.0276298659858143, 1.6326531561723905, 1.1789098731153196, 0.7604433090591693, 1.6103726384782222, 0.7269993924551024, 0.29374456860737314, 0.3338336677787374, 1.641879221622176, 0.6078172255758884, 0.0, 0.4374152780827938, 1.6727109626536592, 0.7225591969745517, 0.28891549009913375, 0.41219740810514877, 1.7238450129925404, 1.0258801423906236, 0.6475566977141282, 0.4465442239267463], [2.7525410816553966, 2.458613313362716, 2.068624706085298, 1.6083310045719543, 1.184636562192066, 2.0441867160673506, 1.1459355752327374, 0.6420733696095944, 0.2984413254757672, 2.0785357662262114, 1.0450940662196204, 0.4374152780827938, 0.0, 2.0974928969684554, 1.1309531301710511, 0.58425194977926, 0.25811728002115275, 2.124034910444199, 1.3984540361430502, 0.9725898436059706, 0.6633775336153033], [0.7437830220215242, 0.4134097812101729, 0.5418903679621437, 0.8378965464281549, 1.1128224960821833, 0.6679836173345786, 1.1703627405557946, 1.61595809547851, 1.9739784734707149, 0.3523051407685383, 1.0938306410743297, 1.6727109626536592, 2.0974928969684554, 0.0, 0.9738885642339283, 1.5456437905608416, 1.959454526992847, 0.33451551600802665, 0.8197461270952351, 1.2303750072828923, 1.54700653990302], [1.6280244966286543, 1.3525576901844212, 1.0675473167733458, 0.7653532395648627, 0.5614931825608035, 1.0948628912841476, 0.5834391637044157, 0.7553628323042539, 1.0461428109999265, 1.0191889233525726, 0.3124232447266305, 0.7225591969745517, 1.1309531301710511, 0.9738885642339283, 0.0, 0.5723960963618684, 0.9862622439278275, 1.0015695959970414, 0.3465397687903031, 0.3327028367044427, 0.5921907806067792], [2.176992331669633, 1.9218320791662185, 1.5961601581761806, 1.1976617340217919, 0.8222279075385189, 1.5997672914325431, 0.8090397641921903, 0.5344730804899214, 0.5977911454182784, 1.5743142071424188, 0.595008745419751, 0.28891549009913375, 0.58425194977926, 1.5456437905608416, 0.5723960963618684, 0.0, 0.41408368298141285, 1.5465212863242388, 0.815410586763712, 0.39325582506035756, 0.17593822191606429], [2.5823577572105934, 2.334082732407149, 1.9910579782741862, 1.5637206022149324, 1.1567350827095109, 1.9844448594859108, 1.130054971442792, 0.6915065158767838, 0.47327021417119897, 1.980131576447021, 0.9700138078232308, 0.41219740810514877, 0.25811728002115275, 1.959454526992847, 0.9862622439278275, 0.41408368298141285, 0.0, 1.9523395445267189, 1.2137665425043553, 0.7747734224631938, 0.4473970767319029], [0.640699134609886, 0.6236547770406776, 0.8661156629858763, 1.0938577010559931, 1.2871794969212795, 0.99540815738889, 1.3446688191878011, 1.7230269922332713, 2.045137496820008, 0.6849326674665562, 1.2032370252852318, 1.7238450129925404, 2.124034910444199, 0.33451551600802665, 1.0015695959970414, 1.5465212863242388, 1.9523395445267189, 0.0, 0.7431813226899183, 1.1844112862485254, 1.5154670840399171], [1.3754997905016746, 1.2167006749217426, 1.0854060435945418, 0.9393573509980438, 0.8566767813146838, 1.1545010262549185, 0.895447473373397, 1.095253258766278, 1.35703369982227, 0.9832005224294791, 0.6467217295577704, 1.0258801423906236, 1.3984540361430502, 0.8197461270952351, 0.3465397687903031, 0.815410586763712, 1.2137665425043553, 0.7431813226899183, 0.0, 0.44185324171424484, 0.773608577440125], [1.8150735964195197, 1.6210063722829482, 1.3860540037417681, 1.0874121334428823, 0.8234378011700229, 1.4213467421575599, 0.8371229588530084, 0.8046181720485329, 0.9750724169506775, 1.3256508588817844, 0.559610817019133, 0.6475566977141282, 0.9725898436059706, 1.2303750072828923, 0.3327028367044427, 0.39325582506035756, 0.7747734224631938, 1.1844112862485254, 0.44185324171424484, 0.0, 0.3320473608644891], [2.1454087506326958, 1.9318419322986535, 1.6474904952705172, 1.2821027269125829, 0.9341064629372262, 1.663856410040024, 0.9290954806852472, 0.694015281493163, 0.7292869209831058, 1.609392192275895, 0.6899796995496498, 0.4465442239267463, 0.6633775336153033, 1.54700653990302, 0.5921907806067792, 0.17593822191606429, 0.4473970767319029, 1.5154670840399171, 0.773608577440125, 0.3320473608644891, 0.0]]