[[0.0, 0.3682154853496447, 0.7182181613514593, 0.9558604323235325, 1.0174440732099308, 1.0189526508651885, 1.3933477404222427, 1.2508467977938837, 1.0855078120140802, 1.0, 1.409192944591563, 1.2257138896633861, 1.0436932549428906, 0.9682988147007773, 1.3305723240209586, 1.19046186745833, 1.0393212749573661, 0.92893129111174, 1.1946176026981108, 1.1466571913366073, 1.069203353782468], [0.3682154853496447, 0.0, 0.36578476389232173, 0.6307274781960183, 0.7403060153519284, 0.7384859714343291, 1.1169715351471106, 0.9719254130175452, 0.8031961567142122, 0.7817350233159291, 1.1869514121594518, 1.0023248540709435, 0.8174602317517622, 0.8273388198338442, 1.170020084283911, 1.0276275936803732, 0.8780836036974783, 0.8802975629747803, 1.1012927505406047, 1.0459472333837012, 0.9695478134593575], [0.7182181613514593, 0.36578476389232173, 0.0, 0.2814593258248779, 0.44261093129064966, 0.4364403567437052, 0.7953374180735164, 0.6539589309967496, 0.4933858481093914, 0.5550826613898691, 0.9165777777072615, 0.7433677144017452, 0.577028976663595, 0.6873975742111534, 0.9663106760948588, 0.8345330875662921, 0.7079981633775903, 0.8326981735105814, 0.9759571404626013, 0.919298905805689, 0.8556711084180202], [0.9558604323235325, 0.6307274781960183, 0.2814593258248779, 0.0, 0.2083312232757929, 0.19819844826347197, 0.5187291866471886, 0.38145801689644115, 0.2400126830783569, 0.3819296038906451, 0.6685580090947135, 0.5131796142676831, 0.38811687449941445, 0.574469828797459, 0.7677433382023157, 0.6546353765988493, 0.5660063593578083, 0.7770428587573339, 0.8410185513659679, 0.7884466069396179, 0.7432291727943078], [1.0174440732099308, 0.7403060153519284, 0.44261093129064966, 0.2083312232757929, 0.0, 0.03482989269633927, 0.379993492751096, 0.2370221113255021, 0.09630988537566341, 0.19308574687262944, 0.4765988779073631, 0.30971578714978737, 0.195281236247249, 0.4029677668176978, 0.5616951644329692, 0.4507953448473617, 0.3813511598466971, 0.6259227323516295, 0.6484489408355171, 0.5982737075880629, 0.5639369780564952], [1.0189526508651885, 0.7384859714343291, 0.4364403567437052, 0.19819844826347197, 0.03482989269633927, 0.0, 0.37954254476432, 0.23513169377492993, 0.09318465786153939, 0.2026561825771084, 0.48190752328374215, 0.31856739643428394, 0.2105265840981672, 0.4134144879877214, 0.570408550349955, 0.46228886082761833, 0.39528815485873886, 0.6363951841316653, 0.6590001406409268, 0.6104139469209015, 0.5775633011477113], [1.3933477404222427, 1.1169715351471106, 0.7953374180735164, 0.5187291866471886, 0.379993492751096, 0.37954254476432, 0.0, 0.15418333412909338, 0.32010253659159965, 0.4307391454665679, 0.2586184441189482, 0.2825855088030618, 0.400041876249156, 0.5980714161133526, 0.49259090553221946, 0.4845154991796132, 0.5376935456954584, 0.8237485358761427, 0.7058182092358674, 0.6808702323447133, 0.6908375835516231], [1.2508467977938837, 0.9719254130175452, 0.6539589309967496, 0.38145801689644115, 0.2370221113255021, 0.23513169377492993, 0.15418333412909338, 0.0, 0.16978321978759237, 0.31784765115526253, 0.3227025627411118, 0.2294728915036181, 0.27511275150177034, 0.5110325752926692, 0.5043356516149935, 0.4410140136339725, 0.4451021448303058, 0.7434080595390239, 0.675145058314195, 0.6341146570998532, 0.6233863308502093], [1.0855078120140802, 0.8031961567142122, 0.4933858481093914, 0.2400126830783569, 0.09630988537566341, 0.09318465786153939, 0.32010253659159965, 0.16978321978759237, 0.0, 0.24837063714175847, 0.442976983136378, 0.28657959987676423, 0.19699279311083515, 0.4529085072278316, 0.5637316822628331, 0.45592701578805067, 0.39417448041340897, 0.6780183209398392, 0.6767157982245751, 0.6222502191352861, 0.5870797937698855], [1.0, 0.7817350233159291, 0.5550826613898691, 0.3819296038906451, 0.19308574687262944, 0.2026561825771084, 0.4307391454665679, 0.31784765115526253, 0.24837063714175847, 0.0, 0.41152443323650784, 0.22683761877205158, 0.09105466977566948, 0.21441661282024832, 0.4117046638236402, 0.2835539954069697, 0.20516435852201811, 0.44459414864987046, 0.4605651533703021, 0.41187010475448355, 0.3829824406743203], [1.409192944591563, 1.1869514121594518, 0.9165777777072615, 0.6685580090947135, 0.4765988779073631, 0.48190752328374215, 0.2586184441189482, 0.3227025627411118, 0.442976983136378, 0.41152443323650784, 0.0, 0.189115554657367, 0.3731385700127899, 0.48834806209635007, 0.25377613319376785, 0.3042869831138608, 0.41731998263931985, 0.6793465258985876, 0.49662810699379634, 0.4874655430504475, 0.521711812828359], [1.2257138896633861, 1.0023248540709435, 0.7433677144017452, 0.5131796142676831, 0.30971578714978737, 0.31856739643428394, 0.2825855088030618, 0.2294728915036181, 0.28657959987676423, 0.22683761877205158, 0.189115554657367, 0.0, 0.18588983055666236, 0.3412374529246074, 0.28674389445587534, 0.2150964741206519, 0.26240224828380804, 0.5598703288688687, 0.45311505880612535, 0.41507594012251275, 0.4183713930634739], [1.0436932549428906, 0.8174602317517622, 0.577028976663595, 0.38811687449941445, 0.195281236247249, 0.2105265840981672, 0.400041876249156, 0.27511275150177034, 0.19699279311083515, 0.09105466977566948, 0.3731385700127899, 0.18588983055666236, 0.0, 0.26883795456990517, 0.41115145482999466, 0.2803776976788754, 0.19832243821351037, 0.49320102554009765, 0.48959929449200545, 0.43138577867927874, 0.39492513313427197], [0.9682988147007773, 0.8273388198338442, 0.6873975742111534, 0.574469828797459, 0.4029677668176978, 0.4134144879877214, 0.5980714161133526, 0.5110325752926692, 0.4529085072278316, 0.21441661282024832, 0.48834806209635007, 0.3412374529246074, 0.26883795456990517, 0.0, 0.36247470316915487, 0.22496545752531516, 0.11512424222793007, 0.2337408101968646, 0.29028833591958847, 0.2372991723842628, 0.19859792793732], [1.3305723240209586, 1.170020084283911, 0.9663106760948588, 0.7677433382023157, 0.5616951644329692, 0.570408550349955, 0.49259090553221946, 0.5043356516149935, 0.5637316822628331, 0.4117046638236402, 0.25377613319376785, 0.28674389445587534, 0.41115145482999466, 0.36247470316915487, 0.0, 0.15220056407904814, 0.30536657037081055, 0.48620770663738966, 0.25455454590560533, 0.26397308245507023, 0.3227552584955707], [1.19046186745833, 1.0276275936803732, 0.8345330875662921, 0.6546353765988493, 0.4507953448473617, 0.46228886082761833, 0.4845154991796132, 0.4410140136339725, 0.45592701578805067, 0.2835539954069697, 0.3042869831138608, 0.2150964741206519, 0.2803776976788754, 0.22496545752531516, 0.15220056407904814, 0.0, 0.1553562615478936, 0.3886132708465352, 0.24396620072501268, 0.20474174590900518, 0.2279752616615795], [1.0393212749573661, 0.8780836036974783, 0.7079981633775903, 0.5660063593578083, 0.3813511598466971, 0.39528815485873886, 0.5376935456954584, 0.4451021448303058, 0.39417448041340897, 0.20516435852201811, 0.41731998263931985, 0.26240224828380804, 0.19832243821351037, 0.11512424222793007, 0.30536657037081055, 0.1553562615478936, 0.0, 0.3225197746450887, 0.3149632193393332, 0.24668351950459233, 0.20280268888477354], [0.92893129111174, 0.8802975629747803, 0.8326981735105814, 0.7770428587573339, 0.6259227323516295, 0.6363951841316653, 0.8237485358761427, 0.7434080595390239, 0.6780183209398392, 0.44459414864987046, 0.6793465258985876, 0.5598703288688687, 0.49320102554009765, 0.2337408101968646, 0.48620770663738966, 0.3886132708465352, 0.3225197746450887, 0.0, 0.27800743180957826, 0.24413072534610492, 0.195645520976493], [1.1946176026981108, 1.1012927505406047, 0.9759571404626013, 0.8410185513659679, 0.6484489408355171, 0.6590001406409268, 0.7058182092358674, 0.675145058314195, 0.6767157982245751, 0.4605651533703021, 0.49662810699379634, 0.45311505880612535, 0.48959929449200545, 0.29028833591958847, 0.25455454590560533, 0.24396620072501268, 0.3149632193393332, 0.27800743180957826, 0.0, 0.08880304411017942, 0.18387960565232883], [1.1466571913366073, 1.0459472333837012, 0.919298905805689, 0.7884466069396179, 0.5982737075880629, 0.6104139469209015, 0.6808702323447133, 0.6341146570998532, 0.6222502191352861, 0.41187010475448355, 0.4874655430504475, 0.41507594012251275, 0.43138577867927874, 0.2372991723842628, 0.26397308245507023, 0.20474174590900518, 0.24668351950459233, 0.24413072534610492, 0.08880304411017942, 0.0, 0.09883450246800782], [1.069203353782468, 0.9695478134593575, 0.8556711084180202, 0.7432291727943078, 0.5639369780564952, 0.5775633011477113, 0.6908375835516231, 0.6233863308502093, 0.5870797937698855, 0.3829824406743203, 0.521711812828359, 0.4183713930634739, 0.39492513313427197, 0.19859792793732, 0.3227552584955707, 0.2279752616615795, 0.20280268888477354, 0.195645520976493, 0.18387960565232883, 0.09883450246800782, 0.0]]