[[0.0, 0.4171374289170248, 0.8626112174200645, 1.210543813866898, 1.4597979158230414, 1.071912962174339, 1.603999358318874, 1.9201752741764624, 2.1625263962432504, 1.0, 1.6107584487469626, 1.9675104412018343, 2.2567758801257396, 0.8986774959245403, 1.5045493031475516, 1.8632480862851453, 2.1379350152662067, 0.8143145794895514, 1.2638526872614118, 1.5333171538066812, 1.7640061497639519], [0.4171374289170248, 0.0, 0.4678066411989243, 0.8438530862165088, 1.1158591317706452, 0.6731310858876104, 1.2379340072340046, 1.5696872429815754, 1.8210103774481992, 0.6242751522077059, 1.2657277021704383, 1.6335077575122354, 1.9299437110071611, 0.574674424748357, 1.189620764876768, 1.5533597840228952, 1.832615036112125, 0.5901456980806639, 1.0019777992174432, 1.260323095437771, 1.4857452220892033], [0.8626112174200645, 0.4678066411989243, 0.0, 0.3884449227743679, 0.6728574608382698, 0.23759338567269253, 0.7773014282244327, 1.1144564800009142, 1.3693830892258194, 0.1959849410650724, 0.8182707267677933, 1.1884709677147862, 1.4870656955193329, 0.2458104610893922, 0.7720911678871231, 1.1293411939480718, 1.4075819002721508, 0.42642656368669984, 0.6642439052974533, 0.8859564846624365, 1.0949442046604876], [1.210543813866898, 0.8438530862165088, 0.3884449227743679, 0.0, 0.28790571014641886, 0.3156139577234784, 0.4069251698862291, 0.7315227912095039, 0.9842913031130067, 0.2801422939936784, 0.4377572640884436, 0.8031994715372912, 1.1010606805122116, 0.354223393644964, 0.4105834528716917, 0.7517709836745056, 1.0270128949550081, 0.5408513848510085, 0.42285699189365344, 0.5616347123490967, 0.7429023678297239], [1.4597979158230414, 1.1158591317706452, 0.6728574608382698, 0.28790571014641886, 0.0, 0.5820422745881924, 0.22352684445485063, 0.4712965852599988, 0.7129380541622723, 0.5477775667322452, 0.1809547391502769, 0.5250933982747394, 0.8202018000042101, 0.5833619455773636, 0.1692942169999396, 0.4674886351044525, 0.7408335808243359, 0.7134173775961039, 0.38885851268331323, 0.3565368859026393, 0.48258258389115577], [1.071912962174339, 0.6731310858876104, 0.23759338567269253, 0.3156139577234784, 0.5820422745881924, 0.0, 0.6206546579652282, 0.9701504804209533, 1.229795915932784, 0.13860546302267993, 0.6896977385125004, 1.0600329590887776, 1.359205580965294, 0.33652793672689063, 0.6940766528398803, 1.03291775733609, 1.305363745802107, 0.5940731296282642, 0.6900692409512491, 0.8604233350282651, 1.0431198660560486], [1.603999358318874, 1.2379340072340046, 0.7773014282244327, 0.4069251698862291, 0.22352684445485063, 0.6206546579652282, 0.0, 0.3498890154347621, 0.6096366209186445, 0.6297161167181637, 0.13830103197997087, 0.4500716117578005, 0.7436776763402712, 0.7171131445631899, 0.30809599645028546, 0.4749013727677111, 0.7167908127679076, 0.8875804182786833, 0.5894046076566642, 0.5247000323612432, 0.5788907462476246], [1.9201752741764624, 1.5696872429815754, 1.1144564800009142, 0.7315227912095039, 0.4712965852599988, 0.9701504804209533, 0.3498890154347621, 0.0, 0.25984124529657654, 0.9707957867906578, 0.3145125294662142, 0.13677185600618957, 0.3993298127164988, 1.0317382719296453, 0.4572452495175301, 0.28404742940391614, 0.4155641355401166, 1.160094365073443, 0.7692692053958398, 0.5795070895195684, 0.48843703321901166], [2.1625263962432504, 1.8210103774481992, 1.3693830892258194, 0.9842913031130067, 0.7129380541622723, 1.229795915932784, 0.6096366209186445, 0.25984124529657654, 0.0, 1.2276672279435337, 0.5629309071597683, 0.20539801080688347, 0.16138660711120786, 1.2782465890557573, 0.6733211335814084, 0.3664683889205547, 0.2818029621722271, 1.3865065912326644, 0.9661537170225826, 0.7334868645133255, 0.5687232443525154], [1.0, 0.6242751522077059, 0.1959849410650724, 0.2801422939936784, 0.5477775667322452, 0.13860546302267993, 0.6297161167181637, 0.9707957867906578, 1.2276672279435337, 0.0, 0.6697608103703119, 1.0449401062519126, 1.3458233397914505, 0.19927571029579835, 0.6363122331148263, 0.9935257566028359, 1.2724913645028684, 0.4575060267550913, 0.5822031243369409, 0.7798659510549152, 0.9794839375261256], [1.6107584487469626, 1.2657277021704383, 0.8182707267677933, 0.4377572640884436, 0.1809547391502769, 0.6896977385125004, 0.13830103197997087, 0.3145125294662142, 0.5629309071597683, 0.6697608103703119, 0.0, 0.3753306993138652, 0.6763630644350502, 0.7188930728274152, 0.193164321867697, 0.3565752227522334, 0.6184738262797267, 0.8542255082622898, 0.5018862689403649, 0.39906731425238695, 0.4455470528811344], [1.9675104412018343, 1.6335077575122354, 1.1884709677147862, 0.8031994715372912, 0.5250933982747394, 1.0600329590887776, 0.4500716117578005, 0.13677185600618957, 0.20539801080688347, 1.0449401062519126, 0.3753306993138652, 0.0, 0.30114387561084127, 1.0832713853762923, 0.47083688909726434, 0.1901348410689441, 0.28275450233657984, 1.1855127221600474, 0.7661626699090925, 0.5426474508439069, 0.4071736211942985], [2.2567758801257396, 1.9299437110071611, 1.4870656955193329, 1.1010606805122116, 0.8202018000042101, 1.359205580965294, 0.7436776763402712, 0.3993298127164988, 0.16138660711120786, 1.3458233397914505, 0.6763630644350502, 0.30114387561084127, 0.0, 1.3793057117275327, 0.7564638782843883, 0.4062166664358536, 0.19944034736495575, 1.4655243470704895, 1.0274824830513976, 0.774418614442173, 0.576381925638652], [0.8986774959245403, 0.574674424748357, 0.2458104610893922, 0.354223393644964, 0.5833619455773636, 0.33652793672689063, 0.7171131445631899, 1.0317382719296453, 1.2782465890557573, 0.19927571029579835, 0.7188930728274152, 1.0832713853762923, 1.3793057117275327, 0.0, 0.6304723151259889, 0.997912230469627, 1.2791350478816959, 0.2585270961352055, 0.4796489998022957, 0.722573614638512, 0.9440047820283362], [1.5045493031475516, 1.189620764876768, 0.7720911678871231, 0.4105834528716917, 0.1692942169999396, 0.6940766528398803, 0.30809599645028546, 0.4572452495175301, 0.6733211335814084, 0.6363122331148263, 0.193164321867697, 0.47083688909726434, 0.7564638782843883, 0.6304723151259889, 0.0, 0.3677091271907598, 0.6492566340904861, 0.7154443214741802, 0.31831115502422525, 0.22628412161224357, 0.35595009010531325], [1.8632480862851453, 1.5533597840228952, 1.1293411939480718, 0.7517709836745056, 0.4674886351044525, 1.03291775733609, 0.4749013727677111, 0.28404742940391614, 0.3664683889205547, 0.9935257566028359, 0.3565752227522334, 0.1901348410689441, 0.4062166664358536, 0.997912230469627, 0.3677091271907598, 0.0, 0.2817808085405996, 1.0642636719800818, 0.6225207376707145, 0.3744130944692946, 0.22010447339119638], [2.1379350152662067, 1.832615036112125, 1.4075819002721508, 1.0270128949550081, 0.7408335808243359, 1.305363745802107, 0.7167908127679076, 0.4155641355401166, 0.2818029621722271, 1.2724913645028684, 0.6184738262797267, 0.28275450233657984, 0.19944034736495575, 1.2791350478816959, 0.6492566340904861, 0.2817808085405996, 0.0, 1.3358999151159723, 0.8855408860366303, 0.6200429059808714, 0.4035314947311451], [0.8143145794895514, 0.5901456980806639, 0.42642656368669984, 0.5408513848510085, 0.7134173775961039, 0.5940731296282642, 0.8875804182786833, 1.160094365073443, 1.3865065912326644, 0.4575060267550913, 0.8542255082622898, 1.1855127221600474, 1.4655243470704895, 0.2585270961352055, 0.7154443214741802, 1.0642636719800818, 1.3358999151159723, 0.0, 0.45640797450448, 0.7284383202842583, 0.9608747743987236], [1.2638526872614118, 1.0019777992174432, 0.6642439052974533, 0.42285699189365344, 0.38885851268331323, 0.6900692409512491, 0.5894046076566642, 0.7692692053958398, 0.9661537170225826, 0.5822031243369409, 0.5018862689403649, 0.7661626699090925, 1.0274824830513976, 0.4796489998022957, 0.31831115502422525, 0.6225207376707145, 0.8855408860366303, 0.45640797450448, 0.0, 0.2722593747855198, 0.5048000414168596], [1.5333171538066812, 1.260323095437771, 0.8859564846624365, 0.5616347123490967, 0.3565368859026393, 0.8604233350282651, 0.5247000323612432, 0.5795070895195684, 0.7334868645133255, 0.7798659510549152, 0.39906731425238695, 0.5426474508439069, 0.774418614442173, 0.722573614638512, 0.22628412161224357, 0.3744130944692946, 0.6200429059808714, 0.7284383202842583, 0.2722593747855198, 0.0, 0.2326384935497729], [1.7640061497639519, 1.4857452220892033, 1.0949442046604876, 0.7429023678297239, 0.48258258389115577, 1.0431198660560486, 0.5788907462476246, 0.48843703321901166, 0.5687232443525154, 0.9794839375261256, 0.4455470528811344, 0.4071736211942985, 0.576381925638652, 0.9440047820283362, 0.35595009010531325, 0.22010447339119638, 0.4035314947311451, 0.9608747743987236, 0.5048000414168596, 0.2326384935497729, 0.0]]