[[0.0, 0.545319156348798, 0.8820006627666398, 1.138804036913516, 1.272958957314132, 1.0609884075177343, 1.4207593870411146, 1.5499506138136767, 1.5792440761034694, 1.0, 1.4225221951887017, 1.4763300469270675, 1.4209563195451227, 0.9629118358875519, 1.306182285172263, 1.1587134923739677, 0.9478220847265458, 0.9697808270708894, 1.1968955374992314, 1.069072650412235, 0.8922325751237378], [0.545319156348798, 0.0, 0.3766505300601213, 0.675231243792765, 0.863076001966363, 0.659755134049924, 1.0037562899377752, 1.1299430436852098, 1.1561319650616932, 0.719462145347764, 1.1063193986155213, 1.137375095663101, 1.0656533945840527, 0.8179439438473417, 1.0730204390701619, 0.9090910304992047, 0.7145780643992444, 0.9534740762225514, 1.0849187969827327, 0.9503680504791866, 0.7991014411069207], [0.8820006627666398, 0.3766505300601213, 0.0, 0.30695983172416946, 0.5177901955552442, 0.34470509860398674, 0.6477929715248386, 0.7688476070156501, 0.7933127255262502, 0.5073445708986456, 0.8080393090871054, 0.8211818205907545, 0.7435484312687022, 0.6969045092079961, 0.8376604417518105, 0.6833089114532966, 0.5485265667545114, 0.9005242615167943, 0.938689997577666, 0.8208042993654892, 0.7245617761868801], [1.138804036913516, 0.675231243792765, 0.30695983172416946, 0.0, 0.23001450544362417, 0.17466136491669762, 0.3450051945026156, 0.46307196123301275, 0.48751101485877435, 0.4108802722992312, 0.5542425739836168, 0.5480523682376152, 0.47012772989063817, 0.6456201426554412, 0.6476569310730653, 0.5263604748807428, 0.4932579939606455, 0.8777226789729964, 0.8266702853929166, 0.7404283143799174, 0.7124027746657923], [1.272958957314132, 0.863076001966363, 0.5177901955552442, 0.23001450544362417, 0.0, 0.21487916759430312, 0.1584077165438497, 0.2809733824384705, 0.3105292156473533, 0.3624615551136431, 0.34179648773083104, 0.3224369441844086, 0.2453309455956237, 0.5823783153221064, 0.47173921553204584, 0.3940501582389884, 0.4568958509788368, 0.8113011115634751, 0.6966587898324331, 0.6428089146686274, 0.6712364326143246], [1.0609884075177343, 0.659755134049924, 0.34470509860398674, 0.17466136491669762, 0.21487916759430312, 0.0, 0.3607162825848615, 0.49047961485426533, 0.5197516603870487, 0.23951297316666792, 0.4648286525382019, 0.4839249130273457, 0.41016589354418026, 0.4753707343789087, 0.5095183529040522, 0.3734619467166704, 0.33149382728952537, 0.7090320063399393, 0.6640663673710473, 0.5736880472387472, 0.5477420454343711], [1.4207593870411146, 1.0037562899377752, 0.6477929715248386, 0.3450051945026156, 0.1584077165438497, 0.3607162825848615, 0.0, 0.13525263147100192, 0.18889716620228547, 0.4883555831879085, 0.31065030542981775, 0.27551675720918994, 0.2464938532158479, 0.6919646903018974, 0.5062718161693841, 0.4773344238548457, 0.5803369486949456, 0.9140811075692135, 0.7645184658468732, 0.7352529196761587, 0.7886147815945747], [1.5499506138136767, 1.1299430436852098, 0.7688476070156501, 0.46307196123301275, 0.2809733824384705, 0.49047961485426533, 0.13525263147100192, 0.0, 0.06416096336235473, 0.605465316999879, 0.348281409061143, 0.27538979608353986, 0.25740184933842086, 0.794898227101942, 0.5630878507472977, 0.5623218347404175, 0.6901462338435495, 1.0075363555908945, 0.8339346213669468, 0.8202134045485425, 0.8907921003676791], [1.5792440761034694, 1.1561319650616932, 0.7933127255262502, 0.48751101485877435, 0.3105292156473533, 0.5197516603870487, 0.18889716620228547, 0.06416096336235473, 0.0, 0.6375680657998, 0.3854099305697358, 0.29889477196801995, 0.26956215911328896, 0.8262349779873963, 0.5923557788443266, 0.5914825813617057, 0.7196915534223476, 1.0370780778813127, 0.8614192549095274, 0.8481281156431956, 0.9195458461186576], [1.0, 0.719462145347764, 0.5073445708986456, 0.4108802722992312, 0.3624615551136431, 0.23951297316666792, 0.4883555831879085, 0.605465316999879, 0.6375680657998, 0.0, 0.4230339620422242, 0.47837310568241237, 0.43269798917464786, 0.23714383289693444, 0.3549132690122913, 0.19429520283454643, 0.13051023054454222, 0.4722231476462845, 0.438771771144147, 0.33837279320561725, 0.32244361133748145], [1.4225221951887017, 1.1063193986155213, 0.8080393090871054, 0.5542425739836168, 0.34179648773083104, 0.4648286525382019, 0.31065030542981775, 0.348281409061143, 0.3854099305697358, 0.4230339620422242, 0.0, 0.10874680905115619, 0.1846154295171125, 0.5316349367666761, 0.23221758026254832, 0.2935892917645387, 0.48330282876197544, 0.7123468507699497, 0.5081782726437017, 0.5235035814016945, 0.6339718741800944], [1.4763300469270675, 1.137375095663101, 0.8211818205907545, 0.5480523682376152, 0.3224369441844086, 0.4839249130273457, 0.27551675720918994, 0.27538979608353986, 0.29889477196801995, 0.47837310568241237, 0.10874680905115619, 0.0, 0.10400403740822617, 0.6048152008774337, 0.30987640517771475, 0.36056765821126774, 0.5434737682701879, 0.7891776560377253, 0.5842112554783597, 0.5964546123874871, 0.703287508041125], [1.4209563195451227, 1.0656533945840527, 0.7435484312687022, 0.47012772989063817, 0.2453309455956237, 0.41016589354418026, 0.2464938532158479, 0.25740184933842086, 0.26956215911328896, 0.43269798917464786, 0.1846154295171125, 0.10400403740822617, 0.0, 0.5881684239741193, 0.3480226505971292, 0.3479687770367485, 0.5033083655886492, 0.7867959737830877, 0.6064430689925508, 0.5957532971630751, 0.6814484222371158], [0.9629118358875519, 0.8179439438473417, 0.6969045092079961, 0.6456201426554412, 0.5823783153221064, 0.4753707343789087, 0.6919646903018974, 0.794898227101942, 0.8262349779873963, 0.23714383289693444, 0.5316349367666761, 0.6048152008774337, 0.5881684239741193, 0.0, 0.35672998386625143, 0.2524390496080361, 0.18378581367515193, 0.2356613021823035, 0.26849651445917994, 0.13692104033885696, 0.12437052089975019], [1.306182285172263, 1.0730204390701619, 0.8376604417518105, 0.6476569310730653, 0.47173921553204584, 0.5095183529040522, 0.5062718161693841, 0.5630878507472977, 0.5923557788443266, 0.3549132690122913, 0.23221758026254832, 0.30987640517771475, 0.3480226505971292, 0.35672998386625143, 0.0, 0.1677187191750406, 0.3740426660294078, 0.49840605814520694, 0.27807166627481816, 0.3090402094018949, 0.44959357017515095], [1.1587134923739677, 0.9090910304992047, 0.6833089114532966, 0.5263604748807428, 0.3940501582389884, 0.3734619467166704, 0.4773344238548457, 0.5623218347404175, 0.5914825813617057, 0.19429520283454643, 0.2935892917645387, 0.36056765821126774, 0.3479687770367485, 0.2524390496080361, 0.1677187191750406, 0.0, 0.21390340329682198, 0.45151431862886615, 0.31571184577984, 0.2630896768519836, 0.3450342140438823], [0.9478220847265458, 0.7145780643992444, 0.5485265667545114, 0.4932579939606455, 0.4568958509788368, 0.33149382728952537, 0.5803369486949456, 0.6901462338435495, 0.7196915534223476, 0.13051023054454222, 0.48330282876197544, 0.5434737682701879, 0.5033083655886492, 0.18378581367515193, 0.3740426660294078, 0.21390340329682198, 0.0, 0.40127555855568287, 0.4044613653832853, 0.28355930781495875, 0.22997059524166563], [0.9697808270708894, 0.9534740762225514, 0.9005242615167943, 0.8777226789729964, 0.8113011115634751, 0.7090320063399393, 0.9140811075692135, 1.0075363555908945, 1.0370780778813127, 0.4722231476462845, 0.7123468507699497, 0.7891776560377253, 0.7867959737830877, 0.2356613021823035, 0.49840605814520694, 0.45151431862886615, 0.40127555855568287, 0.0, 0.2648580157190985, 0.20081266179286542, 0.18585187102112907], [1.1968955374992314, 1.0849187969827327, 0.938689997577666, 0.8266702853929166, 0.6966587898324331, 0.6640663673710473, 0.7645184658468732, 0.8339346213669468, 0.8614192549095274, 0.438771771144147, 0.5081782726437017, 0.5842112554783597, 0.6064430689925508, 0.26849651445917994, 0.27807166627481816, 0.31571184577984, 0.4044613653832853, 0.2648580157190985, 0.0, 0.13779852969668968, 0.3108292776375247], [1.069072650412235, 0.9503680504791866, 0.8208042993654892, 0.7404283143799174, 0.6428089146686274, 0.5736880472387472, 0.7352529196761587, 0.8202134045485425, 0.8481281156431956, 0.33837279320561725, 0.5235035814016945, 0.5964546123874871, 0.5957532971630751, 0.13692104033885696, 0.3090402094018949, 0.2630896768519836, 0.28355930781495875, 0.20081266179286542, 0.13779852969668968, 0.0, 0.1778422465033193], [0.8922325751237378, 0.7991014411069207, 0.7245617761868801, 0.7124027746657923, 0.6712364326143246, 0.5477420454343711, 0.7886147815945747, 0.8907921003676791, 0.9195458461186576, 0.32244361133748145, 0.6339718741800944, 0.703287508041125, 0.6814484222371158, 0.12437052089975019, 0.44959357017515095, 0.3450342140438823, 0.22997059524166563, 0.18585187102112907, 0.3108292776375247, 0.1778422465033193, 0.0]]