[[0.0, 0.6657448015638829, 1.1577443513955208, 1.510410316509431, 1.809262655364283, 1.349717660160743, 1.8754369635014374, 2.2457978247256483, 2.5886282966895187, 1.0, 1.6600858489193442, 2.168672640950574, 2.582623720864824, 0.6123307721793654, 1.1824874996772459, 1.3895383809076487, 1.514400471775614, 0.3363728276510997, 0.7877855025772861, 0.9570015170653776, 1.030836476811732], [0.6657448015638829, 0.0, 0.5102400311716403, 0.9203131052256802, 1.2748187468116614, 0.6938254291101843, 1.3065926207234426, 1.735214843588264, 2.1191270503954374, 0.3613723979880723, 1.1491257156691395, 1.7209021408633578, 2.171380268904791, 0.24532619368731431, 0.8299007262986752, 1.0732655337305588, 1.2034493905634074, 0.5385502852518784, 0.7538004546094335, 0.8609024444944553, 0.877202183774306], [1.1577443513955208, 0.5102400311716403, 0.0, 0.4512843976117215, 0.8385737363735929, 0.2629843350285661, 0.8385384659283747, 1.3002480974656134, 1.7050398348854552, 0.24443839094114872, 0.7528320585620825, 1.3408348941856645, 1.802095816180713, 0.5790059047852661, 0.7128352127805094, 0.9091146901671686, 1.0176879992495116, 0.9395141788758937, 0.9224868197136967, 0.9459651358359147, 0.9111330545485217], [1.510410316509431, 0.9203131052256802, 0.4512843976117215, 0.0, 0.3931175929264774, 0.4793109828474335, 0.4139534810515991, 0.8598002338563221, 1.2658321322066464, 0.6428100747268328, 0.3801603350511835, 0.9216874815485829, 1.3788833408818335, 0.924932682387267, 0.6396918209987711, 0.7337593044767955, 0.8014465315759887, 1.234910369265471, 1.0328020854463, 0.9834255862143212, 0.9157368633621839], [1.809262655364283, 1.2748187468116614, 0.8385737363735929, 0.3931175929264774, 0.0, 0.8601349059480523, 0.2321562720808835, 0.49565598328967636, 0.8877334380250511, 1.0209370686316959, 0.27226348695670044, 0.5671494527756443, 1.0051420803869855, 1.2514643657526583, 0.7244242781749638, 0.6949279019707876, 0.7108770502571353, 1.5095214289785337, 1.197649947008335, 1.0996702324678536, 1.0169390916004946], [1.349717660160743, 0.6938254291101843, 0.2629843350285661, 0.4793109828474335, 0.8601349059480523, 0.0, 0.8050825325644815, 1.2886853972743921, 1.7038805106287835, 0.3548142256629233, 0.7991098125560587, 1.3736564051814382, 1.8330901240413522, 0.7609172644591524, 0.8678266421264473, 1.0575027652299578, 1.1616549854998883, 1.1392225465167105, 1.1214483493574656, 1.1468233322660535, 1.113926306255806], [1.8754369635014374, 1.3065926207234426, 0.8385384659283747, 0.4139534810515991, 0.2321562720808835, 0.8050825325644815, 0.0, 0.4853395325255038, 0.9017538452389233, 1.0169405170756318, 0.30031860067950644, 0.6207856346601397, 1.0569226123524156, 1.2944652929442375, 0.8255776135923891, 0.8198934028235355, 0.8454754437388564, 1.5830799049229396, 1.302028830048976, 1.218208719805044, 1.1407814874453128], [2.2457978247256483, 1.735214843588264, 1.3002480974656134, 0.8598002338563221, 0.49565598328967636, 1.2886853972743921, 0.4853395325255038, 0.0, 0.4166017460875673, 1.4742588639933114, 0.5943478026905006, 0.2810718939588156, 0.6006888196513109, 1.700629970727781, 1.0934426546563194, 0.965598290125878, 0.9148914911102213, 1.9375308774298217, 1.575747817935775, 1.4522912168796165, 1.3648351238517447], [2.5886282966895187, 2.1191270503954374, 1.7050398348854552, 1.2658321322066464, 0.8877334380250511, 1.7038805106287835, 0.9017538452389233, 0.4166017460875673, 0.0, 1.8756758037655679, 0.9754235982854094, 0.42679347501466863, 0.286719663721987, 2.0724694423070744, 1.415261963057167, 1.2353589683197932, 1.1382125760741773, 2.275194852654194, 1.8745683333210394, 1.7320843852121097, 1.6432575389739719], [1.0, 0.3613723979880723, 0.24443839094114872, 0.6428100747268328, 1.0209370686316959, 0.3548142256629233, 1.0169405170756318, 1.4742588639933114, 1.8756758037655679, 0.0, 0.9074475183941617, 1.4988488020542527, 1.9602880952968595, 0.4096694842045307, 0.7376569206466276, 0.9750035584032568, 1.1006477417424083, 0.791936351401199, 0.8477015036070509, 0.9155024382826441, 0.9087192672037004], [1.6600858489193442, 1.1491257156691395, 0.7528320585620825, 0.3801603350511835, 0.27226348695670044, 0.7991098125560587, 0.30031860067950644, 0.5943478026905006, 0.9754235982854094, 0.9074475183941617, 0.0, 0.5929148680568046, 1.0558739451261874, 1.1080657865867938, 0.5437494643690861, 0.5322030068310761, 0.5821398626673555, 1.3542860252843938, 1.0305495504344113, 0.9369992511946927, 0.8610045649444851], [2.168672640950574, 1.7209021408633578, 1.3408348941856645, 0.9216874815485829, 0.5671494527756443, 1.3736564051814382, 0.6207856346601397, 0.2810718939588156, 0.42679347501466863, 1.4988488020542527, 0.5929148680568046, 0.0, 0.463380442770551, 1.6638839698497745, 0.9931263840546811, 0.8142887524012533, 0.7348738014587792, 1.8537045322352788, 1.4512915867768124, 1.3118742229569642, 1.2246514338173529], [2.582623720864824, 2.171380268904791, 1.802095816180713, 1.3788833408818335, 1.0051420803869855, 1.8330901240413522, 1.0569226123524156, 0.6006888196513109, 0.286719663721987, 1.9602880952968595, 1.0558739451261874, 0.463380442770551, 0.0, 2.1071675389316997, 1.4129469287567196, 1.201812991477533, 1.083699252848715, 2.267178339648653, 1.837444469496729, 1.6833855638046407, 1.5971124670488934], [0.6123307721793654, 0.24532619368731431, 0.5790059047852661, 0.924932682387267, 1.2514643657526583, 0.7609172644591524, 1.2944652929442375, 1.700629970727781, 2.0724694423070744, 0.4096694842045307, 1.1080657865867938, 1.6638839698497745, 2.1071675389316997, 0.0, 0.7197718346232277, 0.9652741319533188, 1.0986444799746078, 0.3836735696274501, 0.5712044136595203, 0.7013413106602375, 0.7344622864874618], [1.1824874996772459, 0.8299007262986752, 0.7128352127805094, 0.6396918209987711, 0.7244242781749638, 0.8678266421264473, 0.8255776135923891, 1.0934426546563194, 1.415261963057167, 0.7376569206466276, 0.5437494643690861, 0.9931263840546811, 1.4129469287567196, 0.7197718346232277, 0.0, 0.2590697864545024, 0.40949333438458546, 0.8629270982059297, 0.4896263356697167, 0.40783972081966346, 0.3595818955190046], [1.3895383809076487, 1.0732655337305588, 0.9091146901671686, 0.7337593044767955, 0.6949279019707876, 1.0575027652299578, 0.8198934028235355, 0.965598290125878, 1.2353589683197932, 0.9750035584032568, 0.5322030068310761, 0.8142887524012533, 1.201812991477533, 0.9652741319533188, 0.2590697864545024, 0.0, 0.1595037987364588, 1.0704191848531428, 0.6435679906804819, 0.502676897307131, 0.4168659770360425], [1.514400471775614, 1.2034493905634074, 1.0176879992495116, 0.8014465315759887, 0.7108770502571353, 1.1616549854998883, 0.8454754437388564, 0.9148914911102213, 1.1382125760741773, 1.1006477417424083, 0.5821398626673555, 0.7348738014587792, 1.083699252848715, 1.0986444799746078, 0.40949333438458546, 0.1595037987364588, 0.0, 1.1967714213278053, 0.7649083582983468, 0.6130695711723907, 0.520453066801847], [0.3363728276510997, 0.5385502852518784, 0.9395141788758937, 1.234910369265471, 1.5095214289785337, 1.1392225465167105, 1.5830799049229396, 1.9375308774298217, 2.275194852654194, 0.791936351401199, 1.3542860252843938, 1.8537045322352788, 2.267178339648653, 0.3836735696274501, 0.8629270982059297, 1.0704191848531428, 1.1967714213278053, 0.0, 0.47325448121217645, 0.6457156057675308, 0.7165254215696948], [0.7877855025772861, 0.7538004546094335, 0.9224868197136967, 1.0328020854463, 1.197649947008335, 1.1214483493574656, 1.302028830048976, 1.575747817935775, 1.8745683333210394, 0.8477015036070509, 1.0305495504344113, 1.4512915867768124, 1.837444469496729, 0.5712044136595203, 0.4896263356697167, 0.6435679906804819, 0.7649083582983468, 0.47325448121217645, 0.0, 0.17977658733387034, 0.2791635510207244], [0.9570015170653776, 0.8609024444944553, 0.9459651358359147, 0.9834255862143212, 1.0996702324678536, 1.1468233322660535, 1.218208719805044, 1.4522912168796165, 1.7320843852121097, 0.9155024382826441, 0.9369992511946927, 1.3118742229569642, 1.6833855638046407, 0.7013413106602375, 0.40783972081966346, 0.502676897307131, 0.6130695711723907, 0.6457156057675308, 0.17977658733387034, 0.0, 0.11968802986341448], [1.030836476811732, 0.877202183774306, 0.9111330545485217, 0.9157368633621839, 1.0169390916004946, 1.113926306255806, 1.1407814874453128, 1.3648351238517447, 1.6432575389739719, 0.9087192672037004, 0.8610045649444851, 1.2246514338173529, 1.5971124670488934, 0.7344622864874618, 0.3595818955190046, 0.4168659770360425, 0.520453066801847, 0.7165254215696948, 0.2791635510207244, 0.11968802986341448, 0.0]]