[[0.0, 0.5850606688085395, 1.0995520682052646, 1.4667876934163164, 1.7237803989873917, 1.1749339972979052, 1.9091789597274045, 2.2511968182077986, 2.526241766076818, 1.0, 1.8571458890450068, 2.2608333471985578, 2.5415671961816786, 0.9368013888550187, 1.7183612897348681, 1.573065593099104, 1.3418049618549495, 1.0281522660698261, 1.5959123384844178, 1.4642897569377953, 1.2469125939586512], [0.5850606688085395, 0.0, 0.5663693026573227, 1.0177057310081234, 1.337598076975696, 0.6753189268676978, 1.4345754613910242, 1.793998102756488, 2.0865140999838463, 0.6228323111340227, 1.4363588735121795, 1.8369045548723253, 2.116987016872137, 0.7212527220893604, 1.36879688723469, 1.2230302989926596, 1.0077376558292592, 0.9368500657249441, 1.3376783758691895, 1.1973167136198235, 1.0052330720834342], [1.0995520682052646, 0.5663693026573227, 0.0, 0.49116144339644363, 0.8428571388949213, 0.3048836797039426, 0.9063022074171933, 1.2610688483357158, 1.5588266445655643, 0.39556074936960717, 0.9232554012282874, 1.3046981113707343, 1.5805684158236915, 0.64220418118903, 0.9037518243888252, 0.7691509185649456, 0.6130634936347864, 0.8902025888283451, 0.9568957707093476, 0.8292068287686132, 0.7140130190087719], [1.4667876934163164, 1.0177057310081234, 0.49116144339644363, 0.0, 0.35921139200421914, 0.5843218623058862, 0.5307104361892834, 0.8316808929725361, 1.1188280481602135, 0.5780697877256555, 0.46231197279715047, 0.8347807669415321, 1.1170135715712848, 0.7160032722789311, 0.4418268325582791, 0.3562222649990489, 0.41068163543807196, 0.9028599657502219, 0.5913995806302118, 0.5279313261980547, 0.5838884284006697], [1.7237803989873917, 1.337598076975696, 0.8428571388949213, 0.35921139200421914, 0.0, 0.8896758543562072, 0.5066867535855146, 0.6563304564740773, 0.8938831306875262, 0.8423051245227801, 0.27900781756605375, 0.5704664895198845, 0.8484687324428509, 0.8686204312734342, 0.15381096257561166, 0.26618009430979084, 0.509421550871539, 0.9574136204508953, 0.4271211207741588, 0.45510205956409683, 0.6193039045534862], [1.1749339972979052, 0.6753189268676978, 0.3048836797039426, 0.5843218623058862, 0.8896758543562072, 0.0, 0.8182143218156562, 1.1973895130599188, 1.4969236572254814, 0.324295291319104, 0.8784881156032905, 1.2821920245387846, 1.5572568173398187, 0.6420829095692986, 0.927419603721028, 0.8538638369467327, 0.7420501867473086, 0.9367082410310617, 1.026899199888222, 0.9403586885076689, 0.8491624314517623], [1.9091789597274045, 1.4345754613910242, 0.9063022074171933, 0.5307104361892834, 0.5066867535855146, 0.8182143218156562, 0.0, 0.3935643855241778, 0.7030538457904406, 0.9363771002093904, 0.2702423076075245, 0.528171071594408, 0.7858401329822532, 1.118609972594073, 0.5745615934289977, 0.6729948311560695, 0.8375714393822483, 1.3078107932855685, 0.8748322843526334, 0.8908200218882353, 1.0036050934611598], [2.2511968182077986, 1.793998102756488, 1.2610688483357158, 0.8316808929725361, 0.6563304564740773, 1.1973895130599188, 0.3935643855241778, 0.0, 0.3108879593475737, 1.2856369476817242, 0.45894501930026516, 0.2798040953054854, 0.4611747418153107, 1.4216267791091852, 0.729997702337334, 0.8794151842474024, 1.0996706278277906, 1.5611083958490408, 1.0279751215817958, 1.0858279327387264, 1.2490155400378546], [2.526241766076818, 2.0865140999838463, 1.5588266445655643, 1.1188280481602135, 0.8938831306875262, 1.4969236572254814, 0.7030538457904406, 0.3108879593475737, 0.0, 1.5694852134384147, 0.7333086560984787, 0.3918672595042997, 0.2992665201834403, 1.6800577759370625, 0.95459613683225, 1.1249402588607125, 1.3628309699232544, 1.7908814141131892, 1.2257724132879186, 1.3089039832369747, 1.4941371997732003], [1.0, 0.6228323111340227, 0.39556074936960717, 0.5780697877256555, 0.8423051245227801, 0.324295291319104, 0.9363771002093904, 1.2856369476817242, 1.5694852134384147, 0.0, 0.896621468761937, 1.314115000710703, 1.5953234291005287, 0.3223017240294696, 0.8401706008014359, 0.7387677339212938, 0.5682704349681034, 0.6272819254469424, 0.859681856394568, 0.7618148716988347, 0.6353992596472807], [1.8571458890450068, 1.4363588735121795, 0.9232554012282874, 0.46231197279715047, 0.27900781756605375, 0.8784881156032905, 0.2702423076075245, 0.45894501930026516, 0.7333086560984787, 0.896621468761937, 0.0, 0.4253125760284657, 0.714528238578716, 0.9942641474853292, 0.3188602321997888, 0.4584913912591546, 0.6701965147587657, 1.1299329227768125, 0.6276440402328857, 0.6626829437775325, 0.8072209663871681], [2.2608333471985578, 1.8369045548723253, 1.3046981113707343, 0.8347807669415321, 0.5704664895198845, 1.2821920245387846, 0.528171071594408, 0.2798040953054854, 0.3918672595042997, 1.314115000710703, 0.4253125760284657, 0.0, 0.2930430620631316, 1.3869137215949234, 0.6032489095707767, 0.7458664115535554, 0.9863998694363231, 1.4754773001051822, 0.8820448748286897, 0.9510335428992477, 1.1317722376103452], [2.5415671961816786, 2.116987016872137, 1.5805684158236915, 1.1170135715712848, 0.8484687324428509, 1.5572568173398187, 0.7858401329822532, 0.4611747418153107, 0.2992665201834403, 1.5953234291005287, 0.714528238578716, 0.2930430620631316, 0.0, 1.660871327874705, 0.8722896846040772, 1.0096916226556285, 1.2384843697876784, 1.7318123717857477, 1.1239886559412622, 1.2059207577527697, 1.3952220641842021], [0.9368013888550187, 0.7212527220893604, 0.64220418118903, 0.7160032722789311, 0.8686204312734342, 0.6420829095692986, 1.118609972594073, 1.4216267791091852, 1.6800577759370625, 0.3223017240294696, 0.9942641474853292, 1.3869137215949234, 1.660871327874705, 0.0, 0.8221334336654587, 0.7040413711263075, 0.4941428025009314, 0.3144129636992068, 0.7163064297085411, 0.6078132789879267, 0.4256894783817037], [1.7183612897348681, 1.36879688723469, 0.9037518243888252, 0.4418268325582791, 0.15381096257561166, 0.927419603721028, 0.5745615934289977, 0.729997702337334, 0.95459613683225, 0.8401706008014359, 0.3188602321997888, 0.6032489095707767, 0.8722896846040772, 0.8221334336654587, 0.0, 0.2186908858102041, 0.47350391246062123, 0.8813784719207947, 0.31399244693119155, 0.36905123679447244, 0.5566947550102713], [1.573065593099104, 1.2230302989926596, 0.7691509185649456, 0.3562222649990489, 0.26618009430979084, 0.8538638369467327, 0.6729948311560695, 0.8794151842474024, 1.1249402588607125, 0.7387677339212938, 0.4584913912591546, 0.7458664115535554, 1.0096916226556285, 0.7040413711263075, 0.2186908858102041, 0.0, 0.2662953794773216, 0.7778760379053564, 0.2939420627341702, 0.25967962369516434, 0.40567503855585485], [1.3418049618549495, 1.0077376558292592, 0.6130634936347864, 0.41068163543807196, 0.509421550871539, 0.7420501867473086, 0.8375714393822483, 1.0996706278277906, 1.3628309699232544, 0.5682704349681034, 0.6701965147587657, 0.9863998694363231, 1.2384843697876784, 0.4941428025009314, 0.47350391246062123, 0.2662953794773216, 0.0, 0.6143381055313704, 0.43794385649465306, 0.29247578108455907, 0.25055946777684857], [1.0281522660698261, 0.9368500657249441, 0.8902025888283451, 0.9028599657502219, 0.9574136204508953, 0.9367082410310617, 1.3078107932855685, 1.5611083958490408, 1.7908814141131892, 0.6272819254469424, 1.1299329227768125, 1.4754773001051822, 1.7318123717857477, 0.3144129636992068, 0.8813784719207947, 0.7778760379053564, 0.6143381055313704, 0.0, 0.6521266806141974, 0.5697654866079782, 0.3983165344245693], [1.5959123384844178, 1.3376783758691895, 0.9568957707093476, 0.5913995806302118, 0.4271211207741588, 1.026899199888222, 0.8748322843526334, 1.0279751215817958, 1.2257724132879186, 0.859681856394568, 0.6276440402328857, 0.8820448748286897, 1.1239886559412622, 0.7163064297085411, 0.31399244693119155, 0.2939420627341702, 0.43794385649465306, 0.6521266806141974, 0.0, 0.17481754748371736, 0.38981886550079287], [1.4642897569377953, 1.1973167136198235, 0.8292068287686132, 0.5279313261980547, 0.45510205956409683, 0.9403586885076689, 0.8908200218882353, 1.0858279327387264, 1.3089039832369747, 0.7618148716988347, 0.6626829437775325, 0.9510335428992477, 1.2059207577527697, 0.6078132789879267, 0.36905123679447244, 0.25967962369516434, 0.29247578108455907, 0.5697654866079782, 0.17481754748371736, 0.0, 0.23000236000933102], [1.2469125939586512, 1.0052330720834342, 0.7140130190087719, 0.5838884284006697, 0.6193039045534862, 0.8491624314517623, 1.0036050934611598, 1.2490155400378546, 1.4941371997732003, 0.6353992596472807, 0.8072209663871681, 1.1317722376103452, 1.3952220641842021, 0.4256894783817037, 0.5566947550102713, 0.40567503855585485, 0.25055946777684857, 0.3983165344245693, 0.38981886550079287, 0.23000236000933102, 0.0]]