[[0.0, 0.43222226504987515, 0.8034986320486897, 1.017089608507927, 1.0587141710634873, 1.067419375789594, 1.4655463947669853, 1.2520515488538762, 1.0441976383167746, 1.0, 1.444249810353329, 1.1741675488373025, 0.9649197128606214, 0.9196769678691679, 1.224415002375077, 0.8925656033202738, 0.6883122377688099, 0.854825766410359, 0.9883281131775818, 0.7458843531895518, 0.5958104681654631], [0.43222226504987515, 0.0, 0.4047284071711157, 0.6665137118722169, 0.7779414898880438, 0.7664692632444314, 1.168132915362695, 0.9342955750818178, 0.7131498358004116, 0.7883093707356593, 1.220672400309058, 0.933681332541055, 0.7136822511855719, 0.8214090509356226, 1.0672278039542593, 0.7293480551813406, 0.544682374360309, 0.8917856739364786, 0.9353919452801158, 0.7050191778281817, 0.5950273346972598], [0.8034986320486897, 0.4047284071711157, 0.0, 0.287580092126088, 0.46326467036795405, 0.4307968169274575, 0.8052216696800187, 0.5661421172518086, 0.35123199956435036, 0.5530602225185137, 0.9181526688691737, 0.6416019440375118, 0.45015023131535786, 0.7033138406413635, 0.8438916965088442, 0.5683797865621787, 0.4834902376764637, 0.8897700092364242, 0.838532225401078, 0.6810994420734708, 0.6518246497465916], [1.017089608507927, 0.6665137118722169, 0.287580092126088, 0.0, 0.22092569486227312, 0.17252539598913497, 0.5192239946147229, 0.2803901134852513, 0.08707822782570354, 0.37471472783042536, 0.65138783733711, 0.39607229318302617, 0.2739032241553265, 0.5968346968494402, 0.6340755796690548, 0.45665539117130494, 0.4856293159675203, 0.8430329667960372, 0.7273390131251948, 0.6530639215906942, 0.688269127485621], [1.0587141710634873, 0.7779414898880438, 0.46326467036795405, 0.22092569486227312, 0.0, 0.06788945557865869, 0.40937510530807836, 0.21789905607020066, 0.15781032970547068, 0.18178999369453686, 0.4586312174912767, 0.18243796346912464, 0.12297778795912383, 0.42583422771178014, 0.4150126378754658, 0.3030714934723477, 0.41717380665290593, 0.6928482358212503, 0.5441504391137761, 0.5321898124424361, 0.6110037310394011], [1.067419375789594, 0.7664692632444314, 0.4307968169274575, 0.17252539598913497, 0.06788945557865869, 0.0, 0.40461070841171776, 0.18845337106422072, 0.10950293406216988, 0.2320980602496821, 0.4887472673003386, 0.22542829550447394, 0.15624779020906668, 0.47620159696552183, 0.4661711180914886, 0.34693315671017094, 0.4445056818795113, 0.7415030254012764, 0.5970662979429677, 0.5733401670636045, 0.6437982931943224], [1.4655463947669853, 1.168132915362695, 0.8052216696800187, 0.5192239946147229, 0.40937510530807836, 0.40461070841171776, 0.0, 0.23970463033964623, 0.45911371046638527, 0.5037866245047945, 0.2837883563786831, 0.3319266370517176, 0.5052730870795159, 0.718078676940559, 0.5018362262996896, 0.6392620954996808, 0.8060758287162332, 0.9855676833738923, 0.7887564431506339, 0.8753417703045175, 0.9848902811760815], [1.2520515488538762, 0.9342955750818178, 0.5661421172518086, 0.2803901134852513, 0.21789905607020066, 0.18845337106422072, 0.23970463033964623, 0.0, 0.22167427677576929, 0.3678324987996875, 0.4157787094921798, 0.2547653345054041, 0.32315090970407523, 0.6130813969360162, 0.5052661055587838, 0.49890405290091927, 0.6253123692076623, 0.8859862760620753, 0.7159818855902783, 0.7362616522639296, 0.8208018045080331], [1.0441976383167746, 0.7131498358004116, 0.35123199956435036, 0.08707822782570354, 0.15781032970547068, 0.10950293406216988, 0.45911371046638527, 0.22167427677576929, 0.0, 0.31807634392395817, 0.5788341928707295, 0.32295370655789535, 0.2182194007884394, 0.5495690308920395, 0.5650501125494272, 0.41127183309240417, 0.4685629042893652, 0.8045489494195541, 0.6756138923999501, 0.6217798364683059, 0.6722805860496267], [1.0, 0.7883093707356593, 0.5530602225185137, 0.37471472783042536, 0.18178999369453686, 0.2320980602496821, 0.5037866245047945, 0.3678324987996875, 0.31807634392395817, 0.0, 0.4465770259690131, 0.1806229452586968, 0.11332775452222116, 0.24836952075373853, 0.29350836425941124, 0.14303437146410947, 0.31571804263657804, 0.519981943129678, 0.36538886623258754, 0.37730387186631154, 0.4823290981308176], [1.444249810353329, 1.220672400309058, 0.9181526688691737, 0.65138783733711, 0.4586312174912767, 0.4887472673003386, 0.2837883563786831, 0.4157787094921798, 0.5788341928707295, 0.4465770259690131, 0.0, 0.2875133068563967, 0.5074190799226949, 0.5776689581447677, 0.2845727487312518, 0.5553549693423793, 0.7565626656704986, 0.8143476494768581, 0.6043432842420307, 0.7589865847627887, 0.8944270761315346], [1.1741675488373025, 0.933681332541055, 0.6416019440375118, 0.39607229318302617, 0.18243796346912464, 0.22542829550447394, 0.3319266370517176, 0.2547653345054041, 0.32295370655789535, 0.1806229452586968, 0.2875133068563967, 0.0, 0.2206621881214944, 0.3902367339155748, 0.2580479761262438, 0.3112062412990586, 0.4931743934129597, 0.6613076115529904, 0.4749052728423703, 0.544719512047032, 0.6591442313606646], [0.9649197128606214, 0.7136822511855719, 0.45015023131535786, 0.2739032241553265, 0.12297778795912383, 0.15624779020906668, 0.5052730870795159, 0.32315090970407523, 0.2182194007884394, 0.11332775452222116, 0.5074190799226949, 0.2206621881214944, 0.0, 0.3329425209106339, 0.39621864094701076, 0.19945288349712453, 0.30596180651997457, 0.592137101254335, 0.4596404024974406, 0.4216340965143669, 0.4986236333026958], [0.9196769678691679, 0.8214090509356226, 0.7033138406413635, 0.5968346968494402, 0.42583422771178014, 0.47620159696552183, 0.718078676940559, 0.6130813969360162, 0.5495690308920395, 0.24836952075373853, 0.5776689581447677, 0.3902367339155748, 0.3329425209106339, 0.0, 0.3158223955918277, 0.15463365821823058, 0.27986515271806933, 0.2738963428486687, 0.13701723339829439, 0.1876868778419208, 0.3329565567485353], [1.224415002375077, 1.0672278039542593, 0.8438916965088442, 0.6340755796690548, 0.4150126378754658, 0.4661711180914886, 0.5018362262996896, 0.5052661055587838, 0.5650501125494272, 0.29350836425941124, 0.2845727487312518, 0.2580479761262438, 0.39621864094701076, 0.3158223955918277, 0.0, 0.3434395297939173, 0.547407903251164, 0.5333830296089457, 0.32239676498982506, 0.500485760968826, 0.6458375550524152], [0.8925656033202738, 0.7293480551813406, 0.5683797865621787, 0.45665539117130494, 0.3030714934723477, 0.34693315671017094, 0.6392620954996808, 0.49890405290091927, 0.41127183309240417, 0.14303437146410947, 0.5553549693423793, 0.3112062412990586, 0.19945288349712453, 0.15463365821823058, 0.3434395297939173, 0.0, 0.2063686628189472, 0.40346540993192365, 0.283590443544362, 0.2419916354832627, 0.35001216308845584], [0.6883122377688099, 0.544682374360309, 0.4834902376764637, 0.4856293159675203, 0.41717380665290593, 0.4445056818795113, 0.8060758287162332, 0.6253123692076623, 0.4685629042893652, 0.31571804263657804, 0.7565626656704986, 0.4931743934129597, 0.30596180651997457, 0.27986515271806933, 0.547407903251164, 0.2063686628189472, 0.0, 0.4134657268897391, 0.39828832967587435, 0.20269329670442215, 0.20733781067099727], [0.854825766410359, 0.8917856739364786, 0.8897700092364242, 0.8430329667960372, 0.6928482358212503, 0.7415030254012764, 0.9855676833738923, 0.8859862760620753, 0.8045489494195541, 0.519981943129678, 0.8143476494768581, 0.6613076115529904, 0.592137101254335, 0.2738963428486687, 0.5333830296089457, 0.40346540993192365, 0.4134657268897391, 0.0, 0.21270468077122437, 0.2130477589344526, 0.3000786402997131], [0.9883281131775818, 0.9353919452801158, 0.838532225401078, 0.7273390131251948, 0.5441504391137761, 0.5970662979429677, 0.7887564431506339, 0.7159818855902783, 0.6756138923999501, 0.36538886623258754, 0.6043432842420307, 0.4749052728423703, 0.4596404024974406, 0.13701723339829439, 0.32239676498982506, 0.283590443544362, 0.39828832967587435, 0.21270468077122437, 0.0, 0.2464413304602832, 0.39396444377691237], [0.7458843531895518, 0.7050191778281817, 0.6810994420734708, 0.6530639215906942, 0.5321898124424361, 0.5733401670636045, 0.8753417703045175, 0.7362616522639296, 0.6217798364683059, 0.37730387186631154, 0.7589865847627887, 0.544719512047032, 0.4216340965143669, 0.1876868778419208, 0.500485760968826, 0.2419916354832627, 0.20269329670442215, 0.2130477589344526, 0.2464413304602832, 0.0, 0.15104256680146608], [0.5958104681654631, 0.5950273346972598, 0.6518246497465916, 0.688269127485621, 0.6110037310394011, 0.6437982931943224, 0.9848902811760815, 0.8208018045080331, 0.6722805860496267, 0.4823290981308176, 0.8944270761315346, 0.6591442313606646, 0.4986236333026958, 0.3329565567485353, 0.6458375550524152, 0.35001216308845584, 0.20733781067099727, 0.3000786402997131, 0.39396444377691237, 0.15104256680146608, 0.0]]