[[0.0, 0.3543305394241469, 0.6739000149101906, 0.8784033914871041, 1.0012534930016668, 1.0285124943622694, 1.3454474373563392, 1.3468612639360524, 1.3159513348511087, 1.0, 1.3611977391764005, 1.287972295062962, 1.1913259043980602, 0.9636699857197775, 1.3167732289513159, 1.2338118578014683, 1.1099444651995887, 0.9210741158323309, 1.192558185376229, 1.1611427223674864, 1.075300056119512], [0.3543305394241469, 0.0, 0.34636635937537036, 0.6143854923694309, 0.8058953948599278, 0.7215287673460474, 1.05717667914752, 1.074158876161982, 1.0525893414362153, 0.7521121218744993, 1.1224339891397292, 1.0660526600174784, 0.9786117450824584, 0.786957148062176, 1.1324477643981041, 1.0676146203324306, 0.9605989273085583, 0.8262602022832966, 1.0768772835652385, 1.056141106179912, 0.9829244787028916], [0.6739000149101906, 0.34636635937537036, 0.0, 0.31319495469893366, 0.5579303881649137, 0.3801279558476221, 0.7184461072236811, 0.7429942365010058, 0.7279491202928788, 0.4542843651479484, 0.8131748124382097, 0.7726838642973571, 0.6991728438600541, 0.5615758833809856, 0.8688054116848473, 0.8250965359760046, 0.7449649062820195, 0.6847762512521309, 0.8832859833817682, 0.8750631562964729, 0.8226609891526077], [0.8784033914871041, 0.6143854923694309, 0.31319495469893366, 0.0, 0.26263215343519003, 0.22824654097030087, 0.47778749494976064, 0.47439368738321486, 0.446665398506664, 0.15877633933452473, 0.5147694376162142, 0.46498345806520874, 0.3902195637433101, 0.2962745071513051, 0.5611259781408139, 0.5235559116372794, 0.4625535872894217, 0.47886642271945107, 0.6085176216930567, 0.6081993722405368, 0.5754682755115398], [1.0012534930016668, 0.8058953948599278, 0.5579303881649137, 0.26263215343519003, 0.0, 0.42018380078856504, 0.4947172950942968, 0.4452830027976801, 0.40452902445541383, 0.19510007427618314, 0.39331750567929447, 0.3054607461750203, 0.21552971501784235, 0.10079121925740082, 0.3416523766077275, 0.27968989817879353, 0.20988171870656047, 0.29777637587077627, 0.3620447158063845, 0.35786514964214405, 0.33829343521880373], [1.0285124943622694, 0.7215287673460474, 0.3801279558476221, 0.22824654097030087, 0.42018380078856504, 0.0, 0.34421899614960805, 0.384730769800578, 0.3891206363340072, 0.23947652491554206, 0.49216521502239496, 0.4898093371308759, 0.4620005757361764, 0.4579747489619104, 0.6278022185723113, 0.6276242835267124, 0.6094401339291301, 0.6685101052388922, 0.7526628876252268, 0.764218509334351, 0.751049001201332], [1.3454474373563392, 1.05717667914752, 0.7184461072236811, 0.47778749494976064, 0.4947172950942968, 0.34421899614960805, 0.0, 0.12334425343693091, 0.2132154516890319, 0.3745617160418404, 0.2642709747043581, 0.3384093430212928, 0.4015311787076745, 0.5488426135348408, 0.4926291429913504, 0.5501962104845102, 0.6092683699763527, 0.7650587564927513, 0.7211455958236893, 0.7512330330405022, 0.7793273910849742], [1.3468612639360524, 1.074158876161982, 0.7429942365010058, 0.47439368738321486, 0.4452830027976801, 0.384730769800578, 0.12334425343693091, 0.0, 0.09774989234979786, 0.354761343327204, 0.20309739604649674, 0.24545762781031402, 0.30841214043535925, 0.5026208945153777, 0.4194481997771646, 0.467118395774906, 0.5283112422435596, 0.7115192410672172, 0.6503373824383064, 0.6759864544307114, 0.7045830909497846], [1.3159513348511087, 1.0525893414362153, 0.7279491202928788, 0.446665398506664, 0.40452902445541383, 0.3891206363340072, 0.2132154516890319, 0.09774989234979786, 0.0, 0.32363207913752495, 0.20995467824770597, 0.2090103691172729, 0.24349127865577316, 0.46379166672105215, 0.3950496982706247, 0.42294633564788237, 0.4705537661845331, 0.6673098559834607, 0.6112164508824466, 0.6289838959414249, 0.650283587024363], [1.0, 0.7521121218744993, 0.4542843651479484, 0.15877633933452473, 0.19510007427618314, 0.23947652491554206, 0.3745617160418404, 0.354761343327204, 0.32363207913752495, 0.0, 0.37145255116942233, 0.3235637986616235, 0.26073370111049377, 0.22288097871714502, 0.42629717481026924, 0.40549034985673765, 0.3769410485398746, 0.44163595888021534, 0.5152860686435495, 0.5259074395779216, 0.5153515227546263], [1.3611977391764005, 1.1224339891397292, 0.8131748124382097, 0.5147694376162142, 0.39331750567929447, 0.49216521502239496, 0.2642709747043581, 0.20309739604649674, 0.20995467824770597, 0.37145255116942233, 0.0, 0.1286182010875967, 0.2409951247327904, 0.4348394919106069, 0.2404962166700584, 0.3236832439737382, 0.42289023023255745, 0.614619133775983, 0.49723312950453746, 0.5353243220314591, 0.5852962258758193], [1.287972295062962, 1.0660526600174784, 0.7726838642973571, 0.46498345806520874, 0.3054607461750203, 0.4898093371308759, 0.3384093430212928, 0.24545762781031402, 0.2090103691172729, 0.3235637986616235, 0.1286182010875967, 0.0, 0.11970824924956368, 0.34580805237979445, 0.19072606395777125, 0.2245934981173192, 0.30790225500817914, 0.5185430502064913, 0.41333377755655576, 0.43987261008791884, 0.47957648140125536], [1.1913259043980602, 0.9786117450824584, 0.6991728438600541, 0.3902195637433101, 0.21552971501784235, 0.4620005757361764, 0.4015311787076745, 0.30841214043535925, 0.24349127865577316, 0.26073370111049377, 0.2409951247327904, 0.11970824924956368, 0.0, 0.2558950918932091, 0.23591508685788726, 0.20864779233865136, 0.22916964837311835, 0.439691574529327, 0.3890738723027565, 0.3970376397730757, 0.4107733853548187], [0.9636699857197775, 0.786957148062176, 0.5615758833809856, 0.2962745071513051, 0.10079121925740082, 0.4579747489619104, 0.5488426135348408, 0.5026208945153777, 0.46379166672105215, 0.22288097871714502, 0.4348394919106069, 0.34580805237979445, 0.2558950918932091, 0.0, 0.35484159409312005, 0.28396342641701944, 0.19712399286219826, 0.22247567904896517, 0.3261091419689842, 0.32606664866100765, 0.3034515417018974], [1.3167732289513159, 1.1324477643981041, 0.8688054116848473, 0.5611259781408139, 0.3416523766077275, 0.6278022185723113, 0.4926291429913504, 0.4194481997771646, 0.3950496982706247, 0.42629717481026924, 0.2404962166700584, 0.19072606395777125, 0.23591508685788726, 0.35484159409312005, 0.0, 0.12068287141566841, 0.2553884636995048, 0.45779936860906034, 0.2712654374780554, 0.315185380611544, 0.38442927706474067], [1.2338118578014683, 1.0676146203324306, 0.8250965359760046, 0.5235559116372794, 0.27968989817879353, 0.6276242835267124, 0.5501962104845102, 0.467118395774906, 0.42294633564788237, 0.40549034985673765, 0.3236832439737382, 0.2245934981173192, 0.20864779233865136, 0.28396342641701944, 0.12068287141566841, 0.0, 0.13949174576748682, 0.3595119894529068, 0.19426843446178496, 0.21987520684834366, 0.2759603133236706], [1.1099444651995887, 0.9605989273085583, 0.7449649062820195, 0.4625535872894217, 0.20988171870656047, 0.6094401339291301, 0.6092683699763527, 0.5283112422435596, 0.4705537661845331, 0.3769410485398746, 0.42289023023255745, 0.30790225500817914, 0.22916964837311835, 0.19712399286219826, 0.2553884636995048, 0.13949174576748682, 0.0, 0.24056777894317974, 0.20529408409025474, 0.18871236004497607, 0.18334097148663783], [0.9210741158323309, 0.8262602022832966, 0.6847762512521309, 0.47886642271945107, 0.29777637587077627, 0.6685101052388922, 0.7650587564927513, 0.7115192410672172, 0.6673098559834607, 0.44163595888021534, 0.614619133775983, 0.5185430502064913, 0.439691574529327, 0.22247567904896517, 0.45779936860906034, 0.3595119894529068, 0.24056777894317974, 0.0, 0.27276773733019327, 0.2422201391973695, 0.1641317395803105], [1.192558185376229, 1.0768772835652385, 0.8832859833817682, 0.6085176216930567, 0.3620447158063845, 0.7526628876252268, 0.7211455958236893, 0.6503373824383064, 0.6112164508824466, 0.5152860686435495, 0.49723312950453746, 0.41333377755655576, 0.3890738723027565, 0.3261091419689842, 0.2712654374780554, 0.19426843446178496, 0.20529408409025474, 0.27276773733019327, 0.0, 0.06327197788138514, 0.15558766124249548], [1.1611427223674864, 1.056141106179912, 0.8750631562964729, 0.6081993722405368, 0.35786514964214405, 0.764218509334351, 0.7512330330405022, 0.6759864544307114, 0.6289838959414249, 0.5259074395779216, 0.5353243220314591, 0.43987261008791884, 0.3970376397730757, 0.32606664866100765, 0.315185380611544, 0.21987520684834366, 0.18871236004497607, 0.2422201391973695, 0.06327197788138514, 0.0, 0.09773070158579389], [1.075300056119512, 0.9829244787028916, 0.8226609891526077, 0.5754682755115398, 0.33829343521880373, 0.751049001201332, 0.7793273910849742, 0.7045830909497846, 0.650283587024363, 0.5153515227546263, 0.5852962258758193, 0.47957648140125536, 0.4107733853548187, 0.3034515417018974, 0.38442927706474067, 0.2759603133236706, 0.18334097148663783, 0.1641317395803105, 0.15558766124249548, 0.09773070158579389, 0.0]]