[[0.0, 0.40239950817149756, 0.7684999708224727, 1.0191855548668245, 0.871248388553791, 1.0527950861473294, 1.3984238207429585, 1.1738441521971863, 0.9884326442247506, 1.0, 1.3498433655648463, 1.0307937582715763, 0.849100155546648, 0.9355692199735033, 1.2515363522547416, 0.992721078833002, 0.8058911450069843, 0.8628792793703538, 1.1104163266659477, 0.9686396125578027, 0.8413528249503406], [0.40239950817149756, 0.0, 0.3731046696942256, 0.6460053255525311, 0.5461019830220073, 0.7829483932427204, 1.147595172484591, 0.908081659939409, 0.7084468786563497, 0.8188528079519729, 1.1725784488374997, 0.8481090006865136, 0.6628059947900004, 0.8581563436034565, 1.151275616489878, 0.8974933177002208, 0.714522686402309, 0.8939026104215383, 1.0935697186070994, 0.9511576720335614, 0.8359161183493152], [0.7684999708224727, 0.3731046696942256, 0.0, 0.29560456535666046, 0.30761479652063994, 0.573637410840382, 0.9193917323405202, 0.686328951227089, 0.5012982234181256, 0.7150898721495943, 1.0247560584640776, 0.7379470364194318, 0.5918099818847238, 0.8574751417424541, 1.0862841830876442, 0.872655615203851, 0.7331255965875705, 0.9858092057749949, 1.1160349689698117, 0.992668158642789, 0.9076286173136084], [1.0191855548668245, 0.6460053255525311, 0.29560456535666046, 0.0, 0.22526719148522212, 0.39857222522750113, 0.684669696776456, 0.48022940759031224, 0.35214451129073, 0.6127572511225655, 0.8477765224539605, 0.6273265731986796, 0.5474472396294217, 0.8200107675669611, 0.9721061844678042, 0.8139499994172078, 0.7313350947992476, 1.0066410291363876, 1.0698441559079546, 0.9733569648501164, 0.9214757965042639], [0.871248388553791, 0.5461019830220073, 0.30761479652063994, 0.22526719148522212, 0.0, 0.2684438153968477, 0.6235771463270252, 0.38510465550254713, 0.1945148103905897, 0.425371052043176, 0.7187455049913836, 0.44392832860437303, 0.33205169741874, 0.6082192572778642, 0.7965769080300332, 0.6086207144833944, 0.5099205984766416, 0.7843449747244914, 0.8635569802633489, 0.7578119291601929, 0.6993889710275991], [1.0527950861473294, 0.7829483932427204, 0.573637410840382, 0.39857222522750113, 0.2684438153968477, 0.0, 0.3650938333220905, 0.12590102280673182, 0.09122494797640611, 0.24286174628409443, 0.45800491004519905, 0.2489218511770339, 0.2668697461633348, 0.4833732357689072, 0.5782063589705635, 0.4583270239653412, 0.447802800451869, 0.709008761151835, 0.7083707070851658, 0.6391934884546899, 0.6255771983848458], [1.3984238207429585, 1.147595172484591, 0.9193917323405202, 0.684669696776456, 0.6235771463270252, 0.3650938333220905, 0.0, 0.2407785377650875, 0.44083300790393376, 0.42963573239125935, 0.27512066010453967, 0.4052607312644699, 0.5572910113356748, 0.6339789361843942, 0.5226529931624064, 0.5788285846300061, 0.6785381099080782, 0.8716604200846024, 0.7568270947838782, 0.7579129661844872, 0.8037182032289766], [1.1738441521971863, 0.908081659939409, 0.686328951227089, 0.48022940759031224, 0.38510465550254713, 0.12590102280673182, 0.2407785377650875, 0.0, 0.20033401478935342, 0.2828016320179024, 0.37755450190807516, 0.26678734511269103, 0.35882698624902754, 0.5242128980402001, 0.5458634871501812, 0.4824738503472782, 0.518546464688438, 0.7599951703713497, 0.7173977530591289, 0.6703844450136087, 0.6791670353926734], [0.9884326442247506, 0.7084468786563497, 0.5012982234181256, 0.35214451129073, 0.1945148103905897, 0.09122494797640611, 0.44083300790393376, 0.20033401478935342, 0.0, 0.27541782261722714, 0.5286879285867092, 0.2806674140799722, 0.24718198528165064, 0.4973389038395467, 0.6292224172850678, 0.4784001030853794, 0.4366478615950911, 0.7085762957432512, 0.7356932945217164, 0.6511949759633073, 0.621748401442701], [1.0, 0.8188528079519729, 0.7150898721495943, 0.6127572511225655, 0.425371052043176, 0.24286174628409443, 0.42963573239125935, 0.2828016320179024, 0.27541782261722714, 0.0, 0.3572072815637064, 0.04642217553684087, 0.15916252147862417, 0.2455385339590518, 0.37243083324785914, 0.21781847910050758, 0.2515944458285579, 0.4813305303015627, 0.4669079016632198, 0.39992614040860575, 0.4027851142148989], [1.3498433655648463, 1.1725784488374997, 1.0247560584640776, 0.8477765224539605, 0.7187455049913836, 0.45800491004519905, 0.27512066010453967, 0.37755450190807516, 0.5286879285867092, 0.3572072815637064, 0.0, 0.32714891499448223, 0.5153491418627081, 0.4628092837795543, 0.2584367153216093, 0.39922660889372735, 0.5571986304001375, 0.6767963573818373, 0.512251649442504, 0.5479036271677352, 0.6252406229636024], [1.0307937582715763, 0.8481090006865136, 0.7379470364194318, 0.6273265731986796, 0.44392832860437303, 0.2489218511770339, 0.4052607312644699, 0.26678734511269103, 0.2806674140799722, 0.04642217553684087, 0.32714891499448223, 0.0, 0.1883833563571008, 0.25983788952443826, 0.3551567537787382, 0.2182385813030528, 0.2748850523504271, 0.49509023561379956, 0.4661625901792135, 0.40504851829828875, 0.41635918610708567], [0.849100155546648, 0.6628059947900004, 0.5918099818847238, 0.5474472396294217, 0.33205169741874, 0.2668697461633348, 0.5572910113356748, 0.35882698624902754, 0.24718198528165064, 0.15916252147862417, 0.5153491418627081, 0.1883833563571008, 0.0, 0.2787563537828226, 0.5053708195638317, 0.28278810892264256, 0.19236100329515757, 0.46791112922573547, 0.5348954663043789, 0.42775124603126535, 0.3812319987095293], [0.9355692199735033, 0.8581563436034565, 0.8574751417424541, 0.8200107675669611, 0.6082192572778642, 0.4833732357689072, 0.6339789361843942, 0.5242128980402001, 0.4973389038395467, 0.2455385339590518, 0.4628092837795543, 0.25983788952443826, 0.2787563537828226, 0.0, 0.3161244982383881, 0.06920093635668322, 0.1456451676470843, 0.24149386191103378, 0.2593375114988384, 0.15879210296358842, 0.17485166289124213], [1.2515363522547416, 1.151275616489878, 1.0862841830876442, 0.9721061844678042, 0.7965769080300332, 0.5782063589705635, 0.5226529931624064, 0.5458634871501812, 0.6292224172850678, 0.37243083324785914, 0.2584367153216093, 0.3551567537787382, 0.5053708195638317, 0.3161244982383881, 0.0, 0.2615050590769065, 0.45189187027824945, 0.4698899688156946, 0.26266676568672725, 0.3351045929897444, 0.4416660911699099], [0.992721078833002, 0.8974933177002208, 0.872655615203851, 0.8139499994172078, 0.6086207144833944, 0.4583270239653412, 0.5788285846300061, 0.4824738503472782, 0.4784001030853794, 0.21781847910050758, 0.39922660889372735, 0.2182385813030528, 0.28278810892264256, 0.06920093635668322, 0.2615050590769065, 0.0, 0.1905558237718472, 0.2945220908255473, 0.25965386608967184, 0.188756617646102, 0.2296741198434532], [0.8058911450069843, 0.714522686402309, 0.7331255965875705, 0.7313350947992476, 0.5099205984766416, 0.447802800451869, 0.6785381099080782, 0.518546464688438, 0.4366478615950911, 0.2515944458285579, 0.5571986304001375, 0.2748850523504271, 0.19236100329515757, 0.1456451676470843, 0.45189187027824945, 0.1905558237718472, 0.0, 0.27801750302568307, 0.39143520570438367, 0.26057508936579454, 0.19109022935376824], [0.8628792793703538, 0.8939026104215383, 0.9858092057749949, 1.0066410291363876, 0.7843449747244914, 0.709008761151835, 0.8716604200846024, 0.7599951703713497, 0.7085762957432512, 0.4813305303015627, 0.6767963573818373, 0.49509023561379956, 0.46791112922573547, 0.24149386191103378, 0.4698899688156946, 0.2945220908255473, 0.27801750302568307, 0.0, 0.25622030484121383, 0.13886616797099674, 0.09284909430897496], [1.1104163266659477, 1.0935697186070994, 1.1160349689698117, 1.0698441559079546, 0.8635569802633489, 0.7083707070851658, 0.7568270947838782, 0.7173977530591289, 0.7356932945217164, 0.4669079016632198, 0.512251649442504, 0.4661625901792135, 0.5348954663043789, 0.2593375114988384, 0.26266676568672725, 0.25965386608967184, 0.39143520570438367, 0.25622030484121383, 0.0, 0.14553530175279422, 0.27137982547193706], [0.9686396125578027, 0.9511576720335614, 0.992668158642789, 0.9733569648501164, 0.7578119291601929, 0.6391934884546899, 0.7579129661844872, 0.6703844450136087, 0.6511949759633073, 0.39992614040860575, 0.5479036271677352, 0.40504851829828875, 0.42775124603126535, 0.15879210296358842, 0.3351045929897444, 0.188756617646102, 0.26057508936579454, 0.13886616797099674, 0.14553530175279422, 0.0, 0.12756635799478605], [0.8413528249503406, 0.8359161183493152, 0.9076286173136084, 0.9214757965042639, 0.6993889710275991, 0.6255771983848458, 0.8037182032289766, 0.6791670353926734, 0.621748401442701, 0.4027851142148989, 0.6252406229636024, 0.41635918610708567, 0.3812319987095293, 0.17485166289124213, 0.4416660911699099, 0.2296741198434532, 0.19109022935376824, 0.09284909430897496, 0.27137982547193706, 0.12756635799478605, 0.0]]