[[0.0, 0.371586082830671, 0.7220597712751886, 1.0169617835387683, 1.1913686968580308, 1.0115891817246652, 1.3592982962213003, 1.4487176142467313, 1.4532576182379844, 1.0, 1.395020312773936, 1.3835823114962589, 1.2800921409319452, 0.9693526289197928, 1.3496472086745714, 1.3017388253048745, 1.172340604064925, 0.9306927720898122, 1.21387234838317, 1.1846781288023056, 1.0789117855118249], [0.371586082830671, 0.0, 0.37059527174997614, 0.6894112452565764, 0.8948194764326125, 0.7426310697026615, 1.097239487509327, 1.1761854843887625, 1.17225073871679, 0.7966065209791373, 1.1928676799759337, 1.1600913033456763, 1.041230600255998, 0.8431018818177093, 1.208903431200195, 1.1335043028740648, 0.9874501607405882, 0.8982381958385426, 1.1455026068116552, 1.0860776962696976, 0.9614560638334102], [0.7220597712751886, 0.37059527174997614, 0.0, 0.3267474099942909, 0.5516318207913136, 0.4413587389183332, 0.7775376607195547, 0.8442164948444939, 0.8334128631208841, 0.5698569387175658, 0.9273204922438167, 0.874933980717909, 0.7480849595966685, 0.6998674644755601, 1.005701658946432, 0.9075150565562734, 0.7578512052119826, 0.8470964854578585, 1.0237049490967534, 0.9389717426858069, 0.8101175197122659], [1.0169617835387683, 0.6894112452565764, 0.3267474099942909, 0.0, 0.24067759949778625, 0.23146203669954027, 0.48233133839864684, 0.5341918310241976, 0.517933760450921, 0.43102874871769503, 0.6839359281691623, 0.6137088914249921, 0.489758137260517, 0.6267008999847034, 0.8238513970393122, 0.7105453773627, 0.5771897045006437, 0.8377113879113337, 0.9236482152547919, 0.8231239518384457, 0.7085307947990762], [1.1913686968580308, 0.8948194764326125, 0.5516318207913136, 0.24067759949778625, 0.0, 0.2016271594648409, 0.24612523400579994, 0.29581638038293934, 0.282937465932305, 0.3613414636956528, 0.4746719996032857, 0.39404158154319363, 0.28410793384140215, 0.5678773124860012, 0.654092331248868, 0.5362094871496044, 0.4328167925526931, 0.8013218402207467, 0.8106271399963094, 0.7052593538573365, 0.6139188207800351], [1.0115891817246652, 0.7426310697026615, 0.4413587389183332, 0.23146203669954027, 0.2016271594648409, 0.0, 0.35530407944390036, 0.43929302725507374, 0.44345148015410674, 0.20342646797476058, 0.4883786012679851, 0.43476154272851575, 0.31027115698678753, 0.4076091280127338, 0.5996155565127441, 0.49033272499458214, 0.35299987216424616, 0.6315679417626736, 0.6941276580964846, 0.5933198178712064, 0.4825357339487509], [1.3592982962213003, 1.097239487509327, 0.7775376607195547, 0.48233133839864684, 0.24612523400579994, 0.35530407944390036, 0.0, 0.10652952043374513, 0.15455687880307317, 0.39531114445915333, 0.26865517420609364, 0.18521730127393765, 0.16564234048768678, 0.5594579570840411, 0.49253064739960695, 0.38481815856133045, 0.3516294039080984, 0.7874677416007497, 0.7093173989928688, 0.6091326109760627, 0.5587695557245987], [1.4487176142467313, 1.1761854843887625, 0.8442164948444939, 0.5341918310241976, 0.29581638038293934, 0.43929302725507374, 0.10652952043374513, 0.0, 0.0654623892477884, 0.4939958192622903, 0.32467427190809195, 0.23402740280098963, 0.2298509303345194, 0.6569508951726079, 0.5597049964245124, 0.4540698766567617, 0.43309936649794556, 0.8831663810520454, 0.7908801085577921, 0.6907788811019476, 0.6461637573152226], [1.4532576182379844, 1.17225073871679, 0.8334128631208841, 0.517933760450921, 0.282937465932305, 0.44345148015410674, 0.15455687880307317, 0.0654623892477884, 0.0, 0.5167567650298703, 0.3765830320281605, 0.27761537758069577, 0.2522359910540069, 0.6873938117890102, 0.6069768615292687, 0.49582036895096016, 0.46298185070027664, 0.9155838291171042, 0.8326589520689525, 0.7296341558847927, 0.6784276202259383], [1.0, 0.7966065209791373, 0.5698569387175658, 0.43102874871769503, 0.3613414636956528, 0.20342646797476058, 0.39531114445915333, 0.4939958192622903, 0.5167567650298703, 0.0, 0.40010995928044246, 0.3847312363220618, 0.2966371015693568, 0.2087547635827667, 0.4361536440579093, 0.3434519974636335, 0.19724474030999645, 0.44077792336310473, 0.4934375473254063, 0.39524930171217243, 0.28262843482019656], [1.395020312773936, 1.1928676799759337, 0.9273204922438167, 0.6839359281691623, 0.4746719996032857, 0.4883786012679851, 0.26865517420609364, 0.32467427190809195, 0.3765830320281605, 0.40010995928044246, 0.0, 0.11055476693334076, 0.2243060382103126, 0.4635825963245934, 0.24013438209277221, 0.16432568814347115, 0.23862433891112012, 0.6507010244240595, 0.49271990425586837, 0.407291064574326, 0.4088081631293036], [1.3835823114962589, 1.1600913033456763, 0.874933980717909, 0.6137088914249921, 0.39404158154319363, 0.43476154272851575, 0.18521730127393765, 0.23402740280098963, 0.27761537758069577, 0.3847312363220618, 0.11055476693334076, 0.0, 0.13420793222422042, 0.4891707555655463, 0.33112659394149935, 0.22454836544606585, 0.24545202516393252, 0.6954276525347679, 0.5673775396279226, 0.4702219889497212, 0.44693255127795717], [1.2800921409319452, 1.041230600255998, 0.7480849595966685, 0.489758137260517, 0.28410793384140215, 0.31027115698678753, 0.16564234048768678, 0.2298509303345194, 0.2522359910540069, 0.2966371015693568, 0.2243060382103126, 0.13420793222422042, 0.0, 0.4469573963489434, 0.40730160603971954, 0.2818868413718962, 0.2142053958997953, 0.6710469172550149, 0.6003685396785585, 0.49239596904884736, 0.43083984124081354], [0.9693526289197928, 0.8431018818177093, 0.6998674644755601, 0.6267008999847034, 0.5678773124860012, 0.4076091280127338, 0.5594579570840411, 0.6569508951726079, 0.6873938117890102, 0.2087547635827667, 0.4635825963245934, 0.4891707555655463, 0.4469573963489434, 0.0, 0.3808577665726126, 0.3418268335522749, 0.2535409000126446, 0.23538742677995142, 0.3240913418441177, 0.24669282631377926, 0.12502610957837382], [1.3496472086745714, 1.208903431200195, 1.005701658946432, 0.8238513970393122, 0.654092331248868, 0.5996155565127441, 0.49253064739960695, 0.5597049964245124, 0.6069768615292687, 0.4361536440579093, 0.24013438209277221, 0.33112659394149935, 0.40730160603971954, 0.3808577665726126, 0.0, 0.12824233906573926, 0.2649924883489895, 0.4921682344258286, 0.26961258374561825, 0.210820358060819, 0.27792334611338865], [1.3017388253048745, 1.1335043028740648, 0.9075150565562734, 0.7105453773627, 0.5362094871496044, 0.49033272499458214, 0.38481815856133045, 0.4540698766567617, 0.49582036895096016, 0.3434519974636335, 0.16432568814347115, 0.22454836544606585, 0.2818868413718962, 0.3418268335522749, 0.12824233906573926, 0.0, 0.15390928667776158, 0.506119452724868, 0.3446008555128284, 0.25070287923372564, 0.26035442730363856], [1.172340604064925, 0.9874501607405882, 0.7578512052119826, 0.5771897045006437, 0.4328167925526931, 0.35299987216424616, 0.3516294039080984, 0.43309936649794556, 0.46298185070027664, 0.19724474030999645, 0.23862433891112012, 0.24545202516393252, 0.2142053958997953, 0.2535409000126446, 0.2649924883489895, 0.15390928667776158, 0.0, 0.4642750117506995, 0.3995702372734717, 0.28863852010470636, 0.21774622871316585], [0.9306927720898122, 0.8982381958385426, 0.8470964854578585, 0.8377113879113337, 0.8013218402207467, 0.6315679417626736, 0.7874677416007497, 0.8831663810520454, 0.9155838291171042, 0.44077792336310473, 0.6507010244240595, 0.6954276525347679, 0.6710469172550149, 0.23538742677995142, 0.4921682344258286, 0.506119452724868, 0.4642750117506995, 0.0, 0.2880671989997876, 0.29168312783712036, 0.25655642369028386], [1.21387234838317, 1.1455026068116552, 1.0237049490967534, 0.9236482152547919, 0.8106271399963094, 0.6941276580964846, 0.7093173989928688, 0.7908801085577921, 0.8326589520689525, 0.4934375473254063, 0.49271990425586837, 0.5673775396279226, 0.6003685396785585, 0.3240913418441177, 0.26961258374561825, 0.3446008555128284, 0.3995702372734717, 0.2880671989997876, 0.0, 0.11243875021802383, 0.2292131636826714], [1.1846781288023056, 1.0860776962696976, 0.9389717426858069, 0.8231239518384457, 0.7052593538573365, 0.5933198178712064, 0.6091326109760627, 0.6907788811019476, 0.7296341558847927, 0.39524930171217243, 0.407291064574326, 0.4702219889497212, 0.49239596904884736, 0.24669282631377926, 0.210820358060819, 0.25070287923372564, 0.28863852010470636, 0.29168312783712036, 0.11243875021802383, 0.0, 0.13323680936678917], [1.0789117855118249, 0.9614560638334102, 0.8101175197122659, 0.7085307947990762, 0.6139188207800351, 0.4825357339487509, 0.5587695557245987, 0.6461637573152226, 0.6784276202259383, 0.28262843482019656, 0.4088081631293036, 0.44693255127795717, 0.43083984124081354, 0.12502610957837382, 0.27792334611338865, 0.26035442730363856, 0.21774622871316585, 0.25655642369028386, 0.2292131636826714, 0.13323680936678917, 0.0]]