[[0.0, 0.39979501137617585, 0.7349446341675656, 0.9651748854818978, 1.072939043106042, 1.0353378432012148, 1.3979249792003758, 1.3894806957826955, 1.3165274893134244, 1.0, 1.4123307465712356, 1.1910686013932932, 0.9765191901700812, 0.9449622511154722, 1.2559575156696525, 0.947605856252688, 0.7031115875194703, 0.8829221471914487, 1.1233048479744587, 0.92717385735089, 0.7289334203060485], [0.39979501137617585, 0.0, 0.34890650940194, 0.6148594350248304, 0.7710789583245657, 0.7398835052706244, 1.105853494915223, 1.09360373252386, 1.0170330213705965, 0.7885737448594021, 1.1910737232473123, 0.9588789800604502, 0.7319082143576244, 0.835394974437051, 1.1103143697718552, 0.8005885259253612, 0.5693170462944326, 0.9002059030297679, 1.083729978255711, 0.8758983598005915, 0.6790853834628666], [0.7349446341675656, 0.34890650940194, 0.0, 0.2922663552638705, 0.4932515056589842, 0.47385054147765177, 0.8167402616779842, 0.8016577234786567, 0.7257765857123836, 0.6140253953771094, 0.964215539408614, 0.7395955085372994, 0.5312993399159879, 0.7598635476714856, 0.9629323248637857, 0.6941996544227972, 0.5410880116458067, 0.9295948509421444, 1.0384103003408842, 0.8489827542279681, 0.6964772867707161], [0.9651748854818978, 0.6148594350248304, 0.2922663552638705, 0.0, 0.2255703819887884, 0.22267661171904177, 0.5321687535705943, 0.516374559646994, 0.44200314841874866, 0.4356624628461026, 0.7085436465614983, 0.5014289195939649, 0.34466253033205807, 0.6506063071958692, 0.7677924861262803, 0.5668086127609208, 0.524503703147075, 0.88887450914756, 0.9235050761742842, 0.7698058005267613, 0.6804351085189707], [1.072939043106042, 0.7710789583245657, 0.4932515056589842, 0.2255703819887884, 0.0, 0.10499048863581818, 0.3502036321867936, 0.33882723102474066, 0.268855232965356, 0.2813625688735605, 0.48941854387090883, 0.28846059270907204, 0.21452682172596788, 0.5210761562012761, 0.567994193784392, 0.4333376838345376, 0.49037348039845946, 0.7906564200667959, 0.7694871564097283, 0.6519182435974429, 0.6208407413995655], [1.0353378432012148, 0.7398835052706244, 0.47385054147765177, 0.22267661171904177, 0.10499048863581818, 0.0, 0.3678886122971155, 0.35728157873222244, 0.28345457186741213, 0.24198972807329044, 0.4938908528660586, 0.2835745134436274, 0.17125484347430228, 0.48409466936080975, 0.553716826135506, 0.39847402643365504, 0.445655373684104, 0.7522947469878709, 0.7409430946414113, 0.6160558985547769, 0.5780555224071818], [1.3979249792003758, 1.105853494915223, 0.8167402616779842, 0.5321687535705943, 0.3502036321867936, 0.3678886122971155, 0.0, 0.05883137181974302, 0.13506149765234393, 0.45445999255706515, 0.30075354769775037, 0.29756420932656097, 0.43955459761640137, 0.6720810567163185, 0.5439078912502764, 0.597855926046327, 0.754566959153991, 0.954943500242728, 0.841631480873534, 0.8027065244750152, 0.8473111337598094], [1.3894806957826955, 1.09360373252386, 0.8016577234786567, 0.516374559646994, 0.33882723102474066, 0.35728157873222244, 0.05883137181974302, 0.0, 0.08866080678399056, 0.4549563536568131, 0.3208174086794316, 0.2985073327889623, 0.43196066135805494, 0.6767889593901916, 0.5565945804064526, 0.5997814204950073, 0.7512636555748172, 0.9602797393813083, 0.8512733232181013, 0.806899666482527, 0.846898791827666], [1.3165274893134244, 1.0170330213705965, 0.7257765857123836, 0.44200314841874866, 0.268855232965356, 0.28345457186741213, 0.13506149765234393, 0.08866080678399056, 0.0, 0.4092842176574459, 0.36081236155825536, 0.27805417957427186, 0.3685764538021757, 0.6407483569251753, 0.5583226821367964, 0.5582216260899387, 0.6903650235297185, 0.9236919552616698, 0.8343190177235468, 0.7709638990277319, 0.7944971298180822], [1.0, 0.7885737448594021, 0.6140253953771094, 0.4356624628461026, 0.2813625688735605, 0.24198972807329044, 0.45445999255706515, 0.4549563536568131, 0.4092842176574459, 0.0, 0.4138914366963066, 0.1942078903249756, 0.12220403552104987, 0.24839551406938998, 0.3501376026828557, 0.16667967828464345, 0.3120293344051207, 0.5282471719594363, 0.4992354594563386, 0.3844103455406917, 0.3945349946641849], [1.4123307465712356, 1.1910737232473123, 0.964215539408614, 0.7085436465614983, 0.48941854387090883, 0.4938908528660586, 0.30075354769775037, 0.3208174086794316, 0.36081236155825536, 0.4138914366963066, 0.0, 0.2331574028246947, 0.4601611090317694, 0.5327349555512435, 0.2918446222090635, 0.4879242675388692, 0.7142840713540415, 0.7866360133368514, 0.6127994067645524, 0.6388372152618055, 0.7504549479132436], [1.1910686013932932, 0.9588789800604502, 0.7395955085372994, 0.5014289195939649, 0.28846059270907204, 0.2835745134436274, 0.29756420932656097, 0.2985073327889623, 0.27805417957427186, 0.1942078903249756, 0.2331574028246947, 0.0, 0.22740040837125178, 0.3839766639389356, 0.3011942517898188, 0.3121497156251035, 0.5043808351639715, 0.6652553678018271, 0.5630615053537237, 0.5116857370061727, 0.5709703432153685], [0.9765191901700812, 0.7319082143576244, 0.5312993399159879, 0.34466253033205807, 0.21452682172596788, 0.17125484347430228, 0.43955459761640137, 0.43196066135805494, 0.3685764538021757, 0.12220403552104987, 0.4601611090317694, 0.22740040837125178, 0.0, 0.33991299546662057, 0.4432159959380025, 0.24913095419563885, 0.32428387356436467, 0.6051334595468482, 0.5969056073985641, 0.4658573569596576, 0.43954498456421853], [0.9449622511154722, 0.835394974437051, 0.7598635476714856, 0.6506063071958692, 0.5210761562012761, 0.48409466936080975, 0.6720810567163185, 0.6767889593901916, 0.6407483569251753, 0.24839551406938998, 0.5327349555512435, 0.3839766639389356, 0.33991299546662057, 0.0, 0.31398438333848394, 0.1009042480678284, 0.26936163346867137, 0.2848499493516177, 0.2807068033191593, 0.14065179826619587, 0.228996622215978], [1.2559575156696525, 1.1103143697718552, 0.9629323248637857, 0.7677924861262803, 0.567994193784392, 0.553716826135506, 0.5439078912502764, 0.5565945804064526, 0.5583226821367964, 0.3501376026828557, 0.2918446222090635, 0.3011942517898188, 0.4432159959380025, 0.31398438333848394, 0.0, 0.31480562795024725, 0.5615619372492179, 0.5186876212451106, 0.3235701487598437, 0.38294952415475253, 0.540259624540521], [0.947605856252688, 0.8005885259253612, 0.6941996544227972, 0.5668086127609208, 0.4333376838345376, 0.39847402643365504, 0.597855926046327, 0.5997814204950073, 0.5582216260899387, 0.16667967828464345, 0.4879242675388692, 0.3121497156251035, 0.24913095419563885, 0.1009042480678284, 0.31480562795024725, 0.0, 0.24762012341542788, 0.37206831379610933, 0.3611392971811636, 0.22548246684839138, 0.2656804464938936], [0.7031115875194703, 0.5693170462944326, 0.5410880116458067, 0.524503703147075, 0.49037348039845946, 0.445655373684104, 0.754566959153991, 0.7512636555748172, 0.6903650235297185, 0.3120293344051207, 0.7142840713540415, 0.5043808351639715, 0.32428387356436467, 0.26936163346867137, 0.5615619372492179, 0.24762012341542788, 0.0, 0.39507281168168523, 0.5232689300951607, 0.3201021970190914, 0.16699154747794803], [0.8829221471914487, 0.9002059030297679, 0.9295948509421444, 0.88887450914756, 0.7906564200667959, 0.7522947469878709, 0.954943500242728, 0.9602797393813083, 0.9236919552616698, 0.5282471719594363, 0.7866360133368514, 0.6652553678018271, 0.6051334595468482, 0.2848499493516177, 0.5186876212451106, 0.37206831379610933, 0.39507281168168523, 0.0, 0.25961043559963803, 0.16077770869475919, 0.23862681751471126], [1.1233048479744587, 1.083729978255711, 1.0384103003408842, 0.9235050761742842, 0.7694871564097283, 0.7409430946414113, 0.841631480873534, 0.8512733232181013, 0.8343190177235468, 0.4992354594563386, 0.6127994067645524, 0.5630615053537237, 0.5969056073985641, 0.2807068033191593, 0.3235701487598437, 0.3611392971811636, 0.5232689300951607, 0.25961043559963803, 0.0, 0.20893414105678623, 0.4118531138794193], [0.92717385735089, 0.8758983598005915, 0.8489827542279681, 0.7698058005267613, 0.6519182435974429, 0.6160558985547769, 0.8027065244750152, 0.806899666482527, 0.7709638990277319, 0.3844103455406917, 0.6388372152618055, 0.5116857370061727, 0.4658573569596576, 0.14065179826619587, 0.38294952415475253, 0.22548246684839138, 0.3201021970190914, 0.16077770869475919, 0.20893414105678623, 0.0, 0.20465325325571726], [0.7289334203060485, 0.6790853834628666, 0.6964772867707161, 0.6804351085189707, 0.6208407413995655, 0.5780555224071818, 0.8473111337598094, 0.846898791827666, 0.7944971298180822, 0.3945349946641849, 0.7504549479132436, 0.5709703432153685, 0.43954498456421853, 0.228996622215978, 0.540259624540521, 0.2656804464938936, 0.16699154747794803, 0.23862681751471126, 0.4118531138794193, 0.20465325325571726, 0.0]]