[[0.0, 0.38257921419901786, 0.6949309087431478, 0.9514197782721042, 1.1512708372669465, 1.0736603371484714, 1.4493068025175555, 1.5831523452032494, 1.6327837972925405, 1.0, 1.3953183438017993, 1.5885188808838624, 1.6937395352096078, 0.9561565594586515, 1.3108000345370996, 1.2894785116252327, 1.2042105620691603, 0.9558478999154625, 1.1620072261037948, 1.0898178923526232, 0.9649091925372103], [0.38257921419901786, 0.0, 0.3426217958154614, 0.6496174677967319, 0.8867699580709387, 0.7129847301611985, 1.0983646052549871, 1.256282318745443, 1.3336188456386073, 0.6915008432916914, 1.0945246881266022, 1.3148515989653435, 1.444460058311815, 0.7267248393217597, 1.0662524295963547, 1.0610194957482348, 0.9970181308665163, 0.8116377347785516, 1.0019546629298437, 0.9369399984692851, 0.8259534809120943], [0.6949309087431478, 0.3426217958154614, 0.0, 0.32828436943319544, 0.5820016245261954, 0.3892013174033193, 0.7625141704194494, 0.915303064027111, 0.9988519489635079, 0.3636581074961083, 0.7613787389442735, 0.9918870346937796, 1.1335924644475974, 0.4679691461547103, 0.7687122269474639, 0.7801260519651941, 0.7468184099328405, 0.6289372786334283, 0.7807938461562277, 0.7306878102698003, 0.651096728083198], [0.9514197782721042, 0.6496174677967319, 0.32828436943319544, 0.0, 0.2574486585481145, 0.3169674395629002, 0.5537627903901864, 0.6401214945633495, 0.6894756249023247, 0.08965254972825655, 0.45273132125231913, 0.668088118601065, 0.8061493856408313, 0.22123915151056747, 0.446907942123739, 0.47624345874483753, 0.48923106424070634, 0.4425859240986647, 0.5236431317613408, 0.4983249316715665, 0.47267152858075634], [1.1512708372669465, 0.8867699580709387, 0.5820016245261954, 0.2574486585481145, 0.0, 0.4906095720981009, 0.540299800657233, 0.5200856398492213, 0.50133269755938, 0.25214084889408606, 0.2892833473019642, 0.4430132304988771, 0.561919978729386, 0.22041680025515437, 0.20762242834702832, 0.27629031266376974, 0.345919613520313, 0.3869154655937676, 0.35613932555868205, 0.36937707364659056, 0.4105503306951112], [1.0736603371484714, 0.7129847301611985, 0.3892013174033193, 0.3169674395629002, 0.4906095720981009, 0.0, 0.39200421645855, 0.5893524729718175, 0.7249104279642505, 0.27460638957544803, 0.5109716029618923, 0.768482899400925, 0.9397278244312678, 0.5261939760064241, 0.6496602255222487, 0.7064403218612253, 0.7445849592344692, 0.7532731867719614, 0.8173020924553324, 0.8000507967108771, 0.7797489277186646], [1.4493068025175555, 1.0983646052549871, 0.7625141704194494, 0.5537627903901864, 0.540299800657233, 0.39200421645855, 0.0, 0.2493574577381937, 0.44209573261310886, 0.4926444902863978, 0.33994220420514076, 0.5484636879025448, 0.7280198538280084, 0.6985845237954998, 0.5985537916994488, 0.6843484388882537, 0.7768756236993692, 0.9120340863482076, 0.8835072673672467, 0.8984707710138049, 0.9317211662805], [1.5831523452032494, 1.256282318745443, 0.915303064027111, 0.6401214945633495, 0.5200856398492213, 0.5893524729718175, 0.2493574577381937, 0.0, 0.20457841602661253, 0.5850424913290545, 0.23939279729953192, 0.3370795639480326, 0.5057986659114403, 0.7185166470029979, 0.4945441120865659, 0.5837101211394043, 0.698643348206684, 0.8961017968786106, 0.8119740056809883, 0.8458418540327969, 0.910248536492591], [1.6327837972925405, 1.3336188456386073, 0.9988519489635079, 0.6894756249023247, 0.50133269755938, 0.7249104279642505, 0.44209573261310886, 0.20457841602661253, 0.0, 0.6451228845875349, 0.24524355616619606, 0.15653837375107651, 0.3054491084081297, 0.7078644187973481, 0.40441625108744605, 0.48374164590852714, 0.6080596904800175, 0.8433324056273938, 0.7186342152350943, 0.7663127043441716, 0.8526937369707592], [1.0, 0.6915008432916914, 0.3636581074961083, 0.08965254972825655, 0.25214084889408606, 0.27460638957544803, 0.4926444902863978, 0.5850424913290545, 0.6451228845875349, 0.0, 0.4040632478649526, 0.6329434398770126, 0.7798093233610469, 0.2534402273117532, 0.42991038249879543, 0.47239213818756914, 0.5048967436224069, 0.48248273156003585, 0.5466789192766529, 0.5290116859532294, 0.5160255521113508], [1.3953183438017993, 1.0945246881266022, 0.7613787389442735, 0.45273132125231913, 0.2892833473019642, 0.5109716029618923, 0.33994220420514076, 0.23939279729953192, 0.24524355616619606, 0.4040632478649526, 0.0, 0.25871810920637955, 0.43476991412920013, 0.4896348998438355, 0.27049071069110336, 0.37646212975252036, 0.4928356977061522, 0.6585975161969566, 0.579317186121082, 0.6122908961476667, 0.6775966861660272], [1.5885188808838624, 1.3148515989653435, 0.9918870346937796, 0.668088118601065, 0.4430132304988771, 0.768482899400925, 0.5484636879025448, 0.3370795639480326, 0.15653837375107651, 0.6329434398770126, 0.25871810920637955, 0.0, 0.182739188582549, 0.6394651213140243, 0.298393911773458, 0.3647107275250313, 0.4925906246337937, 0.7413808565460137, 0.5941778057866623, 0.6496780236914883, 0.7488110657781797], [1.6937395352096078, 1.444460058311815, 1.1335924644475974, 0.8061493856408313, 0.561919978729386, 0.9397278244312678, 0.7280198538280084, 0.5057986659114403, 0.3054491084081297, 0.7798093233610469, 0.43476991412920013, 0.182739188582549, 0.0, 0.7389762965671273, 0.3854799663079611, 0.4110358902396552, 0.5200234402709786, 0.7923910176073554, 0.6132904648438483, 0.679315892635673, 0.793854430962412], [0.9561565594586515, 0.7267248393217597, 0.4679691461547103, 0.22123915151056747, 0.22041680025515437, 0.5261939760064241, 0.6985845237954998, 0.7185166470029979, 0.7078644187973481, 0.2534402273117532, 0.4896348998438355, 0.6394651213140243, 0.7389762965671273, 0.0, 0.3550709428236981, 0.3461329645801653, 0.3489011343820817, 0.2296576803072105, 0.32068161054035804, 0.29190781323915443, 0.2811502356356229], [1.3108000345370996, 1.0662524295963547, 0.7687122269474639, 0.446907942123739, 0.20762242834702832, 0.6496602255222487, 0.5985537916994488, 0.4945441120865659, 0.40441625108744605, 0.42991038249879543, 0.27049071069110336, 0.298393911773458, 0.3854799663079611, 0.3550709428236981, 0.0, 0.1450028722813115, 0.2666385879633521, 0.44644479642239987, 0.3227279281037766, 0.3666456318555349, 0.4580193790742599], [1.2894785116252327, 1.0610194957482348, 0.7801260519651941, 0.47624345874483753, 0.27629031266376974, 0.7064403218612253, 0.6843484388882537, 0.5837101211394043, 0.48374164590852714, 0.47239213818756914, 0.37646212975252036, 0.3647107275250313, 0.4110358902396552, 0.3461329645801653, 0.1450028722813115, 0.0, 0.13449334729033685, 0.4226904966217977, 0.3027559696968672, 0.3140275457751606, 0.39940497517378243], [1.2042105620691603, 0.9970181308665163, 0.7468184099328405, 0.48923106424070634, 0.345919613520313, 0.7445849592344692, 0.7768756236993692, 0.698643348206684, 0.6080596904800175, 0.5048967436224069, 0.4928356977061522, 0.4925906246337937, 0.5200234402709786, 0.3489011343820817, 0.2666385879633521, 0.13449334729033685, 0.0, 0.38153813151435445, 0.29197887388461674, 0.26844408833461325, 0.313888306758059], [0.9558478999154625, 0.8116377347785516, 0.6289372786334283, 0.4425859240986647, 0.3869154655937676, 0.7532731867719614, 0.9120340863482076, 0.8961017968786106, 0.8433324056273938, 0.48248273156003585, 0.6585975161969566, 0.7413808565460137, 0.7923910176073554, 0.2296576803072105, 0.44644479642239987, 0.4226904966217977, 0.38153813151435445, 0.0, 0.20725388140339315, 0.15439301092875266, 0.13555846073010816], [1.1620072261037948, 1.0019546629298437, 0.7807938461562277, 0.5236431317613408, 0.35613932555868205, 0.8173020924553324, 0.8835072673672467, 0.8119740056809883, 0.7186342152350943, 0.5466789192766529, 0.579317186121082, 0.5941778057866623, 0.6132904648438483, 0.32068161054035804, 0.3227279281037766, 0.3027559696968672, 0.29197887388461674, 0.20725388140339315, 0.0, 0.08837440529494453, 0.20875222515257286], [1.0898178923526232, 0.9369399984692851, 0.7306878102698003, 0.4983249316715665, 0.36937707364659056, 0.8000507967108771, 0.8984707710138049, 0.8458418540327969, 0.7663127043441716, 0.5290116859532294, 0.6122908961476667, 0.6496780236914883, 0.679315892635673, 0.29190781323915443, 0.3666456318555349, 0.3140275457751606, 0.26844408833461325, 0.15439301092875266, 0.08837440529494453, 0.0, 0.12758211858168542], [0.9649091925372103, 0.8259534809120943, 0.651096728083198, 0.47267152858075634, 0.4105503306951112, 0.7797489277186646, 0.9317211662805, 0.910248536492591, 0.8526937369707592, 0.5160255521113508, 0.6775966861660272, 0.7488110657781797, 0.793854430962412, 0.2811502356356229, 0.4580193790742599, 0.39940497517378243, 0.313888306758059, 0.13555846073010816, 0.20875222515257286, 0.12758211858168542, 0.0]]