[[0.0, 0.3888480808283559, 0.7068676841550957, 0.9617888551186182, 1.1372618491827933, 1.0492450798149893, 1.4206856211737842, 1.543125405469152, 1.5811896303085415, 1.0, 1.3983720693542177, 1.5107714539052628, 1.5078156043094852, 0.9475002105309274, 1.3214304407489827, 1.4187617315345182, 1.417737110581595, 0.8781522575367524, 1.1317959583865516, 1.1955405385970874, 1.1816667788134294], [0.3888480808283559, 0.0, 0.3394025585678008, 0.6243117837712316, 0.8150497942950692, 0.6751917089455101, 1.0495084218587016, 1.1849625426914023, 1.2405073079322835, 0.6557445871992735, 1.0546293198150716, 1.1910445486684584, 1.2139908195737694, 0.6566288990765585, 1.016649392711935, 1.1326281911026554, 1.1502323050917838, 0.6612121351541854, 0.8963641646609305, 0.9701754041187093, 0.970230600922472], [0.7068676841550957, 0.3394025585678008, 0.0, 0.29548273576995626, 0.49081220843050416, 0.3719575857450313, 0.7262907410030772, 0.8495509047286905, 0.9045222470043758, 0.3301339234492831, 0.720442358590017, 0.8626026012451797, 0.8998719327984008, 0.3745273505373129, 0.7002886998052705, 0.8255684665919459, 0.85673834923757, 0.4602565836020731, 0.6441282932324921, 0.7218329261240141, 0.735490564149619], [0.9617888551186182, 0.6243117837712316, 0.29548273576995626, 0.0, 0.1961839026968294, 0.31224445930528216, 0.5313674995831474, 0.5993590706563725, 0.6266887337537567, 0.11660188516237534, 0.45122018895944904, 0.5724358258062116, 0.6092011149040081, 0.17495077366188627, 0.41319980026452413, 0.5395201147486126, 0.579477485324968, 0.3500657028073742, 0.42079905284266045, 0.49483257153920573, 0.522520752268096], [1.1372618491827933, 0.8150497942950692, 0.49081220843050416, 0.1961839026968294, 0.0, 0.4163000136724833, 0.4721510234269211, 0.46945643216265703, 0.4593019090785738, 0.2341142259209446, 0.30436106660762996, 0.38723183115198956, 0.42035016615388054, 0.22407862883901936, 0.233462644051677, 0.3568168938432937, 0.4068054640721554, 0.392914364861693, 0.32882664359361946, 0.3861966378538131, 0.4267880242898531], [1.0492450798149893, 0.6751917089455101, 0.3719575857450313, 0.31224445930528216, 0.4163000136724833, 0.0, 0.3833192835956251, 0.5568118683167959, 0.6664479313522809, 0.2200595422704208, 0.47314075159204544, 0.6780287183725637, 0.7796533590427601, 0.4289488957061801, 0.5710867490801687, 0.725929066508984, 0.7974794597130349, 0.6221351756112012, 0.6853416185912242, 0.7627430463700474, 0.8008803159106676], [1.4206856211737842, 1.0495084218587016, 0.7262907410030772, 0.5313674995831474, 0.4721510234269211, 0.3833192835956251, 0.0, 0.22389105417524877, 0.3908164837587655, 0.4527856421228934, 0.2657990692552374, 0.47761848271560325, 0.6332590246764379, 0.6227881094760476, 0.4910935595784715, 0.6224985220462528, 0.720333575450672, 0.8248527051557955, 0.7571756368452135, 0.8083248942914523, 0.859744217613119], [1.543125405469152, 1.1849625426914023, 0.8495509047286905, 0.5993590706563725, 0.46945643216265703, 0.5568118683167959, 0.22389105417524877, 0.0, 0.1788495391082774, 0.5477551659584228, 0.1798864300674493, 0.30196708884580403, 0.46780318779357466, 0.6597614767984951, 0.40021451253097373, 0.48505541990095885, 0.5850467062396654, 0.8411150602045862, 0.7085640711826591, 0.7361517878106754, 0.7885035843163173], [1.5811896303085415, 1.2405073079322835, 0.9045222470043758, 0.6266887337537567, 0.4593019090785738, 0.6664479313522809, 0.3908164837587655, 0.1788495391082774, 0.0, 0.6001774534994057, 0.2093467487440298, 0.1617065412853532, 0.3142063917959291, 0.6574850891999907, 0.32588549914289955, 0.3577473061573989, 0.4498396223627444, 0.8113393627976082, 0.6358840839414927, 0.6440249593971644, 0.6934936480702513], [1.0, 0.6557445871992735, 0.3301339234492831, 0.11660188516237534, 0.2341142259209446, 0.2200595422704208, 0.4527856421228934, 0.5477551659584228, 0.6001774534994057, 0.0, 0.4043346068751487, 0.5616170499650336, 0.6261365659723414, 0.21239393265422052, 0.40810653589831547, 0.556222372936273, 0.6135865795659202, 0.4137156551921331, 0.4683318375071994, 0.5476095117358882, 0.5842737685811933], [1.3983720693542177, 1.0546293198150716, 0.720442358590017, 0.45122018895944904, 0.30436106660762996, 0.47314075159204544, 0.2657990692552374, 0.1798864300674493, 0.2093467487440298, 0.4043346068751487, 0.0, 0.22704074213925116, 0.37433490263790153, 0.48906783132057075, 0.23750462977830175, 0.35922980853881564, 0.45968983634109656, 0.6661013254379909, 0.5369778569167117, 0.5737039268542435, 0.6279866353709574], [1.5107714539052628, 1.1910445486684584, 0.8626026012451797, 0.5724358258062116, 0.38723183115198956, 0.6780287183725637, 0.47761848271560325, 0.30196708884580403, 0.1617065412853532, 0.5616170499650336, 0.22704074213925116, 0.0, 0.16868591456868218, 0.5689832883927565, 0.20260779963423123, 0.20084434817965835, 0.2965432288809106, 0.6974331059847466, 0.49793780778673175, 0.4975301481113583, 0.5478109471488326], [1.5078156043094852, 1.2139908195737694, 0.8998719327984008, 0.6092011149040081, 0.42035016615388054, 0.7796533590427601, 0.6332590246764379, 0.46780318779357466, 0.3142063917959291, 0.6261365659723414, 0.37433490263790153, 0.16868591456868218, 0.0, 0.57532242434021, 0.2270092129240544, 0.10396918174028169, 0.15291917342986705, 0.658377487526336, 0.42757830705422994, 0.4009337965131568, 0.44174888693980435], [0.9475002105309274, 0.6566288990765585, 0.3745273505373129, 0.17495077366188627, 0.22407862883901936, 0.4289488957061801, 0.6227881094760476, 0.6597614767984951, 0.6574850891999907, 0.21239393265422052, 0.48906783132057075, 0.5689832883927565, 0.57532242434021, 0.0, 0.3750624714774339, 0.4867330849992385, 0.5115865686311317, 0.2065187366265562, 0.2879218317700996, 0.371370043380563, 0.3981899724697888], [1.3214304407489827, 1.016649392711935, 0.7002886998052705, 0.41319980026452413, 0.233462644051677, 0.5710867490801687, 0.4910935595784715, 0.40021451253097373, 0.32588549914289955, 0.40810653589831547, 0.23750462977830175, 0.20260779963423123, 0.2270092129240544, 0.3750624714774339, 0.0, 0.16026654233377183, 0.24752217308839403, 0.49908920934209067, 0.31656886717801846, 0.34213399122707294, 0.39843214338794897], [1.4187617315345182, 1.1326281911026554, 0.8255684665919459, 0.5395201147486126, 0.3568168938432937, 0.725929066508984, 0.6224985220462528, 0.48505541990095885, 0.3577473061573989, 0.556222372936273, 0.35922980853881564, 0.20084434817965835, 0.10396918174028169, 0.4867330849992385, 0.16026654233377183, 0.0, 0.10555755519465813, 0.5628774893226093, 0.3306893307975727, 0.3110889642607232, 0.3593479776214653], [1.417737110581595, 1.1502323050917838, 0.85673834923757, 0.579477485324968, 0.4068054640721554, 0.7974794597130349, 0.720333575450672, 0.5850467062396654, 0.4498396223627444, 0.6135865795659202, 0.45968983634109656, 0.2965432288809106, 0.15291917342986705, 0.5115865686311317, 0.24752217308839403, 0.10555755519465813, 0.0, 0.5512303731775018, 0.306337980578495, 0.26357713292965845, 0.29902635132854316], [0.8781522575367524, 0.6612121351541854, 0.4602565836020731, 0.3500657028073742, 0.392914364861693, 0.6221351756112012, 0.8248527051557955, 0.8411150602045862, 0.8113393627976082, 0.4137156551921331, 0.6661013254379909, 0.6974331059847466, 0.658377487526336, 0.2065187366265562, 0.49908920934209067, 0.5628774893226093, 0.5512303731775018, 0.0, 0.2546700560321727, 0.32329960461928714, 0.31996807768283914], [1.1317959583865516, 0.8963641646609305, 0.6441282932324921, 0.42079905284266045, 0.32882664359361946, 0.6853416185912242, 0.7571756368452135, 0.7085640711826591, 0.6358840839414927, 0.4683318375071994, 0.5369778569167117, 0.49793780778673175, 0.42757830705422994, 0.2879218317700996, 0.31656886717801846, 0.3306893307975727, 0.306337980578495, 0.2546700560321727, 0.0, 0.08671251624245768, 0.12764530506398514], [1.1955405385970874, 0.9701754041187093, 0.7218329261240141, 0.49483257153920573, 0.3861966378538131, 0.7627430463700474, 0.8083248942914523, 0.7361517878106754, 0.6440249593971644, 0.5476095117358882, 0.5737039268542435, 0.4975301481113583, 0.4009337965131568, 0.371370043380563, 0.34213399122707294, 0.3110889642607232, 0.26357713292965845, 0.32329960461928714, 0.08671251624245768, 0.0, 0.06217821179271044], [1.1816667788134294, 0.970230600922472, 0.735490564149619, 0.522520752268096, 0.4267880242898531, 0.8008803159106676, 0.859744217613119, 0.7885035843163173, 0.6934936480702513, 0.5842737685811933, 0.6279866353709574, 0.5478109471488326, 0.44174888693980435, 0.3981899724697888, 0.39843214338794897, 0.3593479776214653, 0.29902635132854316, 0.31996807768283914, 0.12764530506398514, 0.06217821179271044, 0.0]]