[[0.0, 0.309689355452869, 0.6327720768026814, 0.8236949028534513, 0.9295446320583359, 1.0122358124827577, 1.4156254249085267, 1.6759204700341284, 1.8843965473241766, 1.0, 1.3615855934782024, 1.5145626957011857, 1.6297834334845063, 0.9623654447175488, 1.3469273963546349, 1.6187257633078895, 1.8461321434689941, 0.8957526787507278, 1.1840525559104451, 1.3779663311729222, 1.5479507542261024], [0.309689355452869, 0.0, 0.3440769807971904, 0.5842882881855924, 0.7436870929602857, 0.7827115797801726, 1.1828924739339888, 1.4449160602686453, 1.6562235364539912, 0.8314259476556296, 1.1962749584996062, 1.3575378148050683, 1.479563435446186, 0.8609834547302283, 1.2389828693207832, 1.5101330327195017, 1.7374553401945243, 0.8710712800812503, 1.1638683716483964, 1.3576268910612732, 1.525606723831135], [0.6327720768026814, 0.3440769807971904, 0.0, 0.28318013613910825, 0.4941774729123127, 0.47539797072048573, 0.859980206863137, 1.1199408105626791, 1.3312943793217626, 0.5919369575279074, 0.9350047370453959, 1.1001839342290227, 1.2279449039245618, 0.7000973498508202, 1.0363669552943535, 1.2944055813378776, 1.5146689415377443, 0.7992298400284694, 1.0643478839097975, 1.244316133278408, 1.4012244983512017], [0.8236949028534513, 0.5842882881855924, 0.28318013613910825, 0.0, 0.2285884921476583, 0.20614840462647088, 0.6032309853781035, 0.8648092516517623, 1.0755152463649231, 0.32771525059296713, 0.6555858455076039, 0.8211317430152069, 0.9513242596645406, 0.4835748337005119, 0.7757727591050689, 1.0248826099485828, 1.2414672284494879, 0.6433757961442798, 0.8657452926856796, 1.0288980570119395, 1.1747166099663655], [0.9295446320583359, 0.7436870929602857, 0.4941774729123127, 0.2285884921476583, 0.0, 0.1821199177926453, 0.5192551092765417, 0.7677177518616323, 0.9699494350182886, 0.11930077665701397, 0.4623424506631514, 0.6230122858221969, 0.7473951199770553, 0.28432697162421616, 0.5552569405501822, 0.8088302616856942, 1.0287360481026062, 0.4837612028334004, 0.663964404869035, 0.8160291470705694, 0.9567662843376987], [1.0122358124827577, 0.7827115797801726, 0.47539797072048573, 0.20614840462647088, 0.1821199177926453, 0.0, 0.40415357082296827, 0.6657398147988839, 0.8761132352334782, 0.2341891741865864, 0.4820851131729514, 0.6504242403767754, 0.7902221526117766, 0.44723321373176134, 0.6469312751796172, 0.8727965157902292, 1.0792432416670226, 0.6549576386839404, 0.818487162853522, 0.956020556526496, 1.0845933994349108], [1.4156254249085267, 1.1828924739339888, 0.859980206863137, 0.6032309853781035, 0.5192551092765417, 0.40415357082296827, 0.0, 0.26219272801757826, 0.47349173840541736, 0.4873551457157943, 0.37493968071740147, 0.4993089729301268, 0.6406707073905161, 0.6782610755060888, 0.6338041034577337, 0.7437675045632832, 0.8923698523115617, 0.9065790360073466, 0.9526770395962896, 1.021357583791291, 1.0980131740554622], [1.6759204700341284, 1.4449160602686453, 1.1199408105626791, 0.8648092516517623, 0.7677177518616323, 0.6657398147988839, 0.26219272801757826, 0.0, 0.2116655806596726, 0.7211074883916458, 0.48769181593505473, 0.5225341054329465, 0.6234290415141273, 0.8854362981907558, 0.7342876556898642, 0.7491446465463214, 0.834457317670974, 1.1067407442671418, 1.0958200178013833, 1.1225995279538992, 1.163241642863627], [1.8843965473241766, 1.6562235364539912, 1.3312943793217626, 1.0755152463649231, 0.9699494350182886, 0.8761132352334782, 0.47349173840541736, 0.2116655806596726, 0.0, 0.9161808152638681, 0.6360252522074137, 0.6074352511966228, 0.6569160317042333, 1.0632665884841357, 0.8549528656359481, 0.8032111032148841, 0.8309280917690128, 1.2766406532228989, 1.229296628767941, 1.2269107217141466, 1.24059302960534], [1.0, 0.8314259476556296, 0.5919369575279074, 0.32771525059296713, 0.11930077665701397, 0.2341891741865864, 0.4873551457157943, 0.7211074883916458, 0.9161808152638681, 0.0, 0.3666121440820206, 0.527069346904707, 0.6533805078075376, 0.22018251776877715, 0.44878336778085837, 0.7027889541906029, 0.9239434853058196, 0.4422672575942045, 0.5846670889883289, 0.7255400425462162, 0.8605961471663263], [1.3615855934782024, 1.1962749584996062, 0.9350047370453959, 0.6555858455076039, 0.4623424506631514, 0.4820851131729514, 0.37493968071740147, 0.48769181593505473, 0.6360252522074137, 0.3666121440820206, 0.0, 0.20558248186275194, 0.37798623064030246, 0.4466950599135817, 0.26931347408377376, 0.4086005601335684, 0.6015396982469774, 0.6480426956502664, 0.6151768932272814, 0.6590970659144118, 0.7309650174355926], [1.5145626957011857, 1.3575378148050683, 1.1001839342290227, 0.8211317430152069, 0.6230122858221969, 0.6504242403767754, 0.4993089729301268, 0.5225341054329465, 0.6074352511966228, 0.527069346904707, 0.20558248186275194, 0.0, 0.1728986025993986, 0.5831538857237066, 0.3332957783510697, 0.329267660819202, 0.4677711257490792, 0.7630305326607235, 0.679986717115594, 0.6783616867942274, 0.7119427068706088], [1.6297834334845063, 1.479563435446186, 1.2279449039245618, 0.9513242596645406, 0.7473951199770553, 0.7902221526117766, 0.6406707073905161, 0.6234290415141273, 0.6569160317042333, 0.6533805078075376, 0.37798623064030246, 0.1728986025993986, 0.0, 0.6986547331140065, 0.4512596141903542, 0.37065320365739574, 0.41184552175450845, 0.8642919858596172, 0.7620878297574656, 0.7354298940303484, 0.741772568981041], [0.9623654447175488, 0.8609834547302283, 0.7000973498508202, 0.4835748337005119, 0.28432697162421616, 0.44723321373176134, 0.6782610755060888, 0.8854362981907558, 1.0632665884841357, 0.22018251776877715, 0.4466950599135817, 0.5831538857237066, 0.6986547331140065, 0.0, 0.3856630174037254, 0.6584914604892179, 0.8866607615749963, 0.22903749399513235, 0.3834816193262117, 0.5487276399464656, 0.701908939945267], [1.3469273963546349, 1.2389828693207832, 1.0363669552943535, 0.7757727591050689, 0.5552569405501822, 0.6469312751796172, 0.6338041034577337, 0.7342876556898642, 0.8549528656359481, 0.44878336778085837, 0.26931347408377376, 0.3332957783510697, 0.4512596141903542, 0.3856630174037254, 0.0, 0.27302965737956525, 0.5013246078438649, 0.5078267906664085, 0.37714856233975946, 0.39260009165592785, 0.46881146373525573], [1.6187257633078895, 1.5101330327195017, 1.2944055813378776, 1.0248826099485828, 0.8088302616856942, 0.8727965157902292, 0.7437675045632832, 0.7491446465463214, 0.8032111032148841, 0.7027889541906029, 0.4086005601335684, 0.329267660819202, 0.37065320365739574, 0.6584914604892179, 0.27302965737956525, 0.0, 0.22835929613401415, 0.7604006627385125, 0.5582586794806614, 0.47074862793245875, 0.44405302902735505], [1.8461321434689941, 1.7374553401945243, 1.5146689415377443, 1.2414672284494879, 1.0287360481026062, 1.0792432416670226, 0.8923698523115617, 0.834457317670974, 0.8309280917690128, 0.9239434853058196, 0.6015396982469774, 0.4677711257490792, 0.41184552175450845, 0.8866607615749963, 0.5013246078438649, 0.22835929613401415, 0.0, 0.9795783167353374, 0.7525926036472792, 0.6252512239502919, 0.5393763179416887], [0.8957526787507278, 0.8710712800812503, 0.7992298400284694, 0.6433757961442798, 0.4837612028334004, 0.6549576386839404, 0.9065790360073466, 1.1067407442671418, 1.2766406532228989, 0.4422672575942045, 0.6480426956502664, 0.7630305326607235, 0.8642919858596172, 0.22903749399513235, 0.5078267906664085, 0.7604006627385125, 0.9795783167353374, 0.0, 0.2945263621278629, 0.4896458441972469, 0.6594144214578699], [1.1840525559104451, 1.1638683716483964, 1.0643478839097975, 0.8657452926856796, 0.663964404869035, 0.818487162853522, 0.9526770395962896, 1.0958200178013833, 1.229296628767941, 0.5846670889883289, 0.6151768932272814, 0.679986717115594, 0.7620878297574656, 0.3834816193262117, 0.37714856233975946, 0.5582586794806614, 0.7525926036472792, 0.2945263621278629, 0.0, 0.1954101117469601, 0.3656507226325878], [1.3779663311729222, 1.3576268910612732, 1.244316133278408, 1.0288980570119395, 0.8160291470705694, 0.956020556526496, 1.021357583791291, 1.1225995279538992, 1.2269107217141466, 0.7255400425462162, 0.6590970659144118, 0.6783616867942274, 0.7354298940303484, 0.5487276399464656, 0.39260009165592785, 0.47074862793245875, 0.6252512239502919, 0.4896458441972469, 0.1954101117469601, 0.0, 0.17046108100663682], [1.5479507542261024, 1.525606723831135, 1.4012244983512017, 1.1747166099663655, 0.9567662843376987, 1.0845933994349108, 1.0980131740554622, 1.163241642863627, 1.24059302960534, 0.8605961471663263, 0.7309650174355926, 0.7119427068706088, 0.741772568981041, 0.701908939945267, 0.46881146373525573, 0.44405302902735505, 0.5393763179416887, 0.6594144214578699, 0.3656507226325878, 0.17046108100663682, 0.0]]