[[0.0, 0.3817494363269763, 0.6926428877506018, 0.9124912279709294, 1.0515940870527196, 1.0722305825300937, 1.551032697287516, 1.8950541657533833, 2.139364409249253, 1.0, 1.3809101990158574, 1.2999431153389296, 1.2189669222147486, 0.9610810685687055, 1.4018132485167145, 1.725295028988331, 2.0049496267651588, 0.9102113129575496, 1.2505205691802297, 1.4747971408476206, 1.6851059138524587], [0.3817494363269763, 0.0, 0.34079447544874275, 0.5904688575249435, 0.7791018007386087, 0.7999784060204118, 1.2654689095492093, 1.6053852934513995, 1.849849597670651, 0.8111512841503153, 1.2011049377819067, 1.1226766646441708, 1.0420865534643111, 0.8654171104991499, 1.3043703427299733, 1.616324383793713, 1.8926714725533558, 0.9062171042991474, 1.2559512529602315, 1.4783041081005917, 1.686912911286954], [0.6926428877506018, 0.34079447544874275, 0.0, 0.25817810783723344, 0.4759450115912711, 0.49570787160114466, 0.9390807461410081, 1.274278977567927, 1.5176447347272515, 0.5840815589987363, 0.9499743281666813, 0.8797151700377981, 0.8099844966845072, 0.7220378562083899, 1.117014042578979, 1.4051456334793253, 1.6709412721565213, 0.8428777523628903, 1.1629019557976448, 1.3690121089914995, 1.566224079671706], [0.9124912279709294, 0.5904688575249435, 0.25817810783723344, 0.0, 0.2404534828954664, 0.25791451265187204, 0.6835541922599363, 1.0188227247006192, 1.262386395286428, 0.4223072699884497, 0.7378888973116602, 0.6789943655854229, 0.6306602777269826, 0.6235789628674319, 0.9503945993755558, 1.2119112593805748, 1.4661752636724348, 0.7989187358293757, 1.0704846461359339, 1.2548571131421657, 1.4373772371199822], [1.0515940870527196, 0.7791018007386087, 0.4759450115912711, 0.2404534828954664, 0.0, 0.062261338714527874, 0.5031098064374165, 0.8455637282282925, 1.0895614836572272, 0.25175340358137527, 0.502932234003906, 0.4523686504601245, 0.439341094725646, 0.48734206329011814, 0.736743056089048, 0.981703844885641, 1.231718299307675, 0.6960822799048452, 0.9094217996040083, 1.0717807857577835, 1.2409896714845816], [1.0722305825300937, 0.7999784060204118, 0.49570787160114466, 0.25791451265187204, 0.062261338714527874, 0.0, 0.4791724471850548, 0.8236391054799611, 1.0683322117918514, 0.2543164596439671, 0.4892804404058526, 0.4450855431855365, 0.4491654974060977, 0.4921202950554673, 0.7288578564950983, 0.968902040937025, 1.216875837681093, 0.7033101073300037, 0.910099627607442, 1.069323986132283, 1.2363361835953641], [1.551032697287516, 1.2654689095492093, 0.9390807461410081, 0.6835541922599363, 0.5031098064374165, 0.4791724471850548, 0.0, 0.3447160094818285, 0.589737439893257, 0.6255430368988487, 0.49532806613860436, 0.56601417413293, 0.6611039120057879, 0.826664352627716, 0.7981801912539569, 0.8799168367991602, 1.0455092000852348, 1.045007078124452, 1.117209473221785, 1.1968530278821958, 1.3016483200904032], [1.8950541657533833, 1.6053852934513995, 1.274278977567927, 1.0188227247006192, 0.8455637282282925, 0.8236391054799611, 0.3447160094818285, 0.0, 0.24541834295100087, 0.9524887381789123, 0.7269345178154464, 0.8129754086567844, 0.9124542402032971, 1.131133064273394, 0.9951815944141511, 0.9651252838380272, 1.0427159104662285, 1.3412031376872389, 1.3506673098783866, 1.3829381807752708, 1.4435494331940928], [2.139364409249253, 1.849849597670651, 1.5176447347272515, 1.262386395286428, 1.0895614836572272, 1.0683322117918514, 0.589737439893257, 0.24541834295100087, 0.0, 1.187383541391195, 0.9259447374493434, 1.0130834858865319, 1.1104666735984565, 1.3534642732070354, 1.1668067770735107, 1.0764122647413341, 1.0923991444470362, 1.5571484995037117, 1.5321749422351127, 1.5368228636634687, 1.5695787147055105], [1.0, 0.8111512841503153, 0.5840815589987363, 0.4223072699884497, 0.25175340358137527, 0.2543164596439671, 0.6255430368988487, 0.9524887381789123, 1.187383541391195, 0.0, 0.39338047021847367, 0.31993896280730316, 0.29833894295107455, 0.23932008323407253, 0.5371030404901763, 0.8240197527369553, 1.0938827134791784, 0.45559256007222687, 0.6632202110853145, 0.836320324857251, 1.0163649738110467], [1.3809101990158574, 1.2011049377819067, 0.9499743281666813, 0.7378888973116602, 0.502932234003906, 0.4892804404058526, 0.49532806613860436, 0.7269345178154464, 0.9259447374493434, 0.39338047021847367, 0.0, 0.1634569539496843, 0.311106733754445, 0.463869282227763, 0.31677689228972394, 0.4857919651027059, 0.7316139011082384, 0.6477445148817869, 0.6404218611441381, 0.7118874938171771, 0.8294881567127077], [1.2999431153389296, 1.1226766646441708, 0.8797151700377981, 0.6789943655854229, 0.4523686504601245, 0.4450855431855365, 0.56601417413293, 0.8129754086567844, 1.0130834858865319, 0.31993896280730316, 0.1634569539496843, 0.0, 0.14825587919210348, 0.41278136015377415, 0.37356011807368683, 0.555209602522501, 0.8031151740301593, 0.6031664087064909, 0.6397152896855005, 0.7312490975499345, 0.8607920157092742], [1.2189669222147486, 1.0420865534643111, 0.8099844966845072, 0.6306602777269826, 0.439341094725646, 0.4491654974060977, 0.6611039120057879, 0.9124542402032971, 1.1104666735984565, 0.29833894295107455, 0.311106733754445, 0.14825587919210348, 0.0, 0.40757217552134345, 0.46717342801378026, 0.6481275787443614, 0.8844951149932596, 0.5899837526244001, 0.6729683904170812, 0.7796682322853542, 0.9158818635260633], [0.9610810685687055, 0.8654171104991499, 0.7220378562083899, 0.6235789628674319, 0.48734206329011814, 0.4921202950554673, 0.826664352627716, 1.131133064273394, 1.3534642732070354, 0.23932008323407253, 0.463869282227763, 0.41278136015377415, 0.40757217552134345, 0.0, 0.4474096530112316, 0.7694736526876027, 1.0496852276220487, 0.22170908649834473, 0.4495532137961836, 0.6481227071320671, 0.8457930835227044], [1.4018132485167145, 1.3043703427299733, 1.117014042578979, 0.9503945993755558, 0.736743056089048, 0.7288578564950983, 0.7981801912539569, 0.9951815944141511, 1.1668067770735107, 0.5371030404901763, 0.31677689228972394, 0.37356011807368683, 0.46717342801378026, 0.4474096530112316, 0.0, 0.32453374427016557, 0.6045216851878547, 0.5295025038632568, 0.36991621784742745, 0.40024262261270876, 0.5229899606810869], [1.725295028988331, 1.616324383793713, 1.4051456334793253, 1.2119112593805748, 0.981703844885641, 0.968902040937025, 0.8799168367991602, 0.9651252838380272, 1.0764122647413341, 0.8240197527369553, 0.4857919651027059, 0.555209602522501, 0.6481275787443614, 0.7694736526876027, 0.32453374427016557, 0.0, 0.2804032726470184, 0.8464995894083985, 0.6113436779449233, 0.5108637117654904, 0.49772751390028963], [2.0049496267651588, 1.8926714725533558, 1.6709412721565213, 1.4661752636724348, 1.231718299307675, 1.216875837681093, 1.0455092000852348, 1.0427159104662285, 1.0923991444470362, 1.0938827134791784, 0.7316139011082384, 0.8031151740301593, 0.8844951149932596, 1.0496852276220487, 0.6045216851878547, 0.2804032726470184, 0.0, 1.1210154779428354, 0.857968876166167, 0.7101213002164323, 0.6152204904512227], [0.9102113129575496, 0.9062171042991474, 0.8428777523628903, 0.7989187358293757, 0.6960822799048452, 0.7033101073300037, 1.045007078124452, 1.3412031376872389, 1.5571484995037117, 0.45559256007222687, 0.6477445148817869, 0.6031664087064909, 0.5899837526244001, 0.22170908649834473, 0.5295025038632568, 0.8464995894083985, 1.1210154779428354, 0.0, 0.35197032597831196, 0.5770257748101364, 0.7878395195185278], [1.2505205691802297, 1.2559512529602315, 1.1629019557976448, 1.0704846461359339, 0.9094217996040083, 0.910099627607442, 1.117209473221785, 1.3506673098783866, 1.5321749422351127, 0.6632202110853145, 0.6404218611441381, 0.6397152896855005, 0.6729683904170812, 0.4495532137961836, 0.36991621784742745, 0.6113436779449233, 0.857968876166167, 0.35197032597831196, 0.0, 0.22590370399730897, 0.43711407095354454], [1.4747971408476206, 1.4783041081005917, 1.3690121089914995, 1.2548571131421657, 1.0717807857577835, 1.069323986132283, 1.1968530278821958, 1.3829381807752708, 1.5368228636634687, 0.836320324857251, 0.7118874938171771, 0.7312490975499345, 0.7796682322853542, 0.6481227071320671, 0.40024262261270876, 0.5108637117654904, 0.7101213002164323, 0.5770257748101364, 0.22590370399730897, 0.0, 0.21130761149125898], [1.6851059138524587, 1.686912911286954, 1.566224079671706, 1.4373772371199822, 1.2409896714845816, 1.2363361835953641, 1.3016483200904032, 1.4435494331940928, 1.5695787147055105, 1.0163649738110467, 0.8294881567127077, 0.8607920157092742, 0.9158818635260633, 0.8457930835227044, 0.5229899606810869, 0.49772751390028963, 0.6152204904512227, 0.7878395195185278, 0.43711407095354454, 0.21130761149125898, 0.0]]