[[0.0, 0.39547877170836626, 0.7114052450724473, 0.9147000879745099, 1.041633986210288, 1.0636773929444667, 1.4826037832833756, 1.74452437378064, 1.9638075475386023, 1.0, 1.4779791871522505, 1.7873425858249306, 2.0285598895120556, 0.9124973769327149, 1.179894973908054, 0.8548371918211446, 0.6362516856882913, 0.8521711529477058, 1.0038798922807428, 0.7750848249531498, 0.6108080301173746], [0.39547877170836626, 0.0, 0.3867291440560266, 0.6746637834180166, 0.8875097356839763, 0.805759237979793, 1.2424976407437207, 1.5098929701247883, 1.7336091679511991, 0.816195264545588, 1.278579782537581, 1.5724123385183848, 1.8076044133921412, 0.8297494716109616, 1.0355038530472098, 0.6890716118357639, 0.4751278492801443, 0.8766910668913371, 0.9242414478940525, 0.6825826132967427, 0.5510072280799895], [0.7114052450724473, 0.3867291440560266, 0.0, 0.3210880133667691, 0.5825228577168182, 0.430721623649398, 0.8652133763673868, 1.1317598682016052, 1.3553354009175562, 0.4932791345695691, 0.9188628376610625, 1.2007980063261163, 1.431913715630999, 0.6005769270906676, 0.7239960061912939, 0.40690184144057523, 0.29423532811990005, 0.7445461901683075, 0.6822084095333781, 0.4806737221992602, 0.4400250629910642], [0.9147000879745099, 0.6746637834180166, 0.3210880133667691, 0.0, 0.2798992342801131, 0.1542487436885025, 0.5754929426765663, 0.8417855715483255, 1.0646956789943038, 0.18450323799248025, 0.6060299359798534, 0.8995609702867943, 1.1364922838877012, 0.3711154314111937, 0.41124898423186723, 0.18072498246957142, 0.2956164769859173, 0.5828363853323711, 0.4259957792799679, 0.322358023379244, 0.4027690597980703], [1.041633986210288, 0.8875097356839763, 0.5825228577168182, 0.2798992342801131, 0.0, 0.29510950301214567, 0.49621013980919776, 0.7315984681266728, 0.9400604516064369, 0.10509933770683996, 0.44654169439335223, 0.7570076243271201, 0.9977746631634161, 0.20044039815643735, 0.1535475177021541, 0.20149776969737807, 0.4237568665809558, 0.4316955034613013, 0.1952330841434198, 0.28084873318212594, 0.43904788530549604], [1.0636773929444667, 0.805759237979793, 0.430721623649398, 0.1542487436885025, 0.29510950301214567, 0.0, 0.43701186189990815, 0.7045532436718682, 0.9284179233537548, 0.20930041406753458, 0.49338830410858436, 0.7706243875335054, 1.0032002726507974, 0.44907748930474595, 0.38353354216698426, 0.2916676823698537, 0.44459464955261424, 0.6798462558680994, 0.4773818620247674, 0.44138375375871614, 0.5451434616940923], [1.4826037832833756, 1.2424976407437207, 0.8652133763673868, 0.5754929426765663, 0.49621013980919776, 0.43701186189990815, 0.0, 0.2676701977857477, 0.4915398962008481, 0.49636482427437456, 0.17191636672173907, 0.3422915782419998, 0.5682729564103853, 0.6887613295783993, 0.42829537548992713, 0.6406418725358637, 0.8484599103522998, 0.9109197134588947, 0.6508649067265249, 0.7640888562998457, 0.911125101449397], [1.74452437378064, 1.5098929701247883, 1.1317598682016052, 0.8417855715483255, 0.7315984681266728, 0.7045532436718682, 0.2676701977857477, 0.0, 0.2239554906412761, 0.7492773691768684, 0.29788142362397485, 0.12213779276262836, 0.30727149234078527, 0.913761562055774, 0.6303773064063471, 0.8950864287355504, 1.1093821086525255, 1.1183485776544084, 0.8585527750329558, 1.0073612354896069, 1.1615038097715458], [1.9638075475386023, 1.7336091679511991, 1.3553354009175562, 1.0646956789943038, 0.9400604516064369, 0.9284179233537548, 0.4915398962008481, 0.2239554906412761, 0.0, 0.9657547216876933, 0.4971833331574021, 0.19317416816537103, 0.11152467996837766, 1.1143224162962753, 0.8263343800813252, 1.1115574720333692, 1.3288034012534877, 1.3059728810169424, 1.0507802072465342, 1.2170436903139799, 1.3744339413645634], [1.0, 0.816195264545588, 0.4932791345695691, 0.18450323799248025, 0.10509933770683996, 0.20930041406753458, 0.49636482427437456, 0.7492773691768684, 0.9657547216876933, 0.0, 0.4787259295753858, 0.7875581550298123, 1.0289180024346474, 0.24404720108713465, 0.23141666553728668, 0.14979796612290883, 0.36886639895988643, 0.47923155168763776, 0.26906190680966346, 0.2742055615559369, 0.4158977740932874], [1.4779791871522505, 1.278579782537581, 0.9188628376610625, 0.6060299359798534, 0.44654169439335223, 0.49338830410858436, 0.17191636672173907, 0.29788142362397485, 0.4971833331574021, 0.4787259295753858, 0.0, 0.31167918434315406, 0.553073549623546, 0.6197237698324554, 0.3346256155270036, 0.6242020476214908, 0.846687890076464, 0.8213713380994703, 0.5622851180609031, 0.7225397966926086, 0.881538524553602], [1.7873425858249306, 1.5724123385183848, 1.2007980063261163, 0.8995609702867943, 0.7570076243271201, 0.7706243875335054, 0.3422915782419998, 0.12213779276262836, 0.19317416816537103, 0.7875581550298123, 0.31167918434315406, 0.0, 0.24166233776162943, 0.927154326591791, 0.6390513568805685, 0.9335369916422284, 1.1540215239670595, 1.1173406137102346, 0.8627977210642044, 1.0336589211940213, 1.1928266318267868], [2.0285598895120556, 1.8076044133921412, 1.431913715630999, 1.1364922838877012, 0.9977746631634161, 1.0032002726507974, 0.5682729564103853, 0.30727149234078527, 0.11152467996837766, 1.0289180024346474, 0.553073549623546, 0.24166233776162943, 0.0, 1.1652319341208968, 0.8767877395612842, 1.1748688477795814, 1.394821269402364, 1.348228482103643, 1.097468086582247, 1.2744135392719473, 1.4340435564241463], [0.9124973769327149, 0.8297494716109616, 0.6005769270906676, 0.3711154314111937, 0.20044039815643735, 0.44907748930474595, 0.6887613295783993, 0.913761562055774, 1.1143224162962753, 0.24404720108713465, 0.6197237698324554, 0.927154326591791, 1.1652319341208968, 0.0, 0.2900023542600897, 0.21023316422350583, 0.3588337746958084, 0.2364936783675184, 0.09744478681342131, 0.14924806457084602, 0.30592993246922795], [1.179894973908054, 1.0355038530472098, 0.7239960061912939, 0.41124898423186723, 0.1535475177021541, 0.38353354216698426, 0.42829537548992713, 0.6303773064063471, 0.8263343800813252, 0.23141666553728668, 0.3346256155270036, 0.6390513568805685, 0.8767877395612842, 0.2900023542600897, 0.0, 0.34703434018346146, 0.5697367810728804, 0.4909875287721593, 0.22984156762962776, 0.4070427706614146, 0.5713199639288233], [0.8548371918211446, 0.6890716118357639, 0.40690184144057523, 0.18072498246957142, 0.20149776969737807, 0.2916676823698537, 0.6406418725358637, 0.8950864287355504, 1.1115574720333692, 0.14979796612290883, 0.6242020476214908, 0.9335369916422284, 1.1748688477795814, 0.21023316422350583, 0.34703434018346146, 0.0, 0.22585673234984735, 0.41288712946924677, 0.2802193616097576, 0.15614328571062785, 0.2740581424008111], [0.6362516856882913, 0.4751278492801443, 0.29423532811990005, 0.2956164769859173, 0.4237568665809558, 0.44459464955261424, 0.8484599103522998, 1.1093821086525255, 1.3288034012534877, 0.36886639895988643, 0.846687890076464, 1.1540215239670595, 1.394821269402364, 0.3588337746958084, 0.5697367810728804, 0.22585673234984735, 0.0, 0.46238095731824735, 0.45208853903594587, 0.21656608803316757, 0.15724198051386967], [0.8521711529477058, 0.8766910668913371, 0.7445461901683075, 0.5828363853323711, 0.4316955034613013, 0.6798462558680994, 0.9109197134588947, 1.1183485776544084, 1.3059728810169424, 0.47923155168763776, 0.8213713380994703, 1.1173406137102346, 1.348228482103643, 0.2364936783675184, 0.4909875287721593, 0.41288712946924677, 0.46238095731824735, 0.0, 0.26308036677562957, 0.2758256897470644, 0.33277898656642896], [1.0038798922807428, 0.9242414478940525, 0.6822084095333781, 0.4259957792799679, 0.1952330841434198, 0.4773818620247674, 0.6508649067265249, 0.8585527750329558, 1.0507802072465342, 0.26906190680966346, 0.5622851180609031, 0.8627977210642044, 1.097468086582247, 0.09744478681342131, 0.22984156762962776, 0.2802193616097576, 0.45208853903594587, 0.26308036677562957, 0.0, 0.24375974441549633, 0.3995071389823319], [0.7750848249531498, 0.6825826132967427, 0.4806737221992602, 0.322358023379244, 0.28084873318212594, 0.44138375375871614, 0.7640888562998457, 1.0073612354896069, 1.2170436903139799, 0.2742055615559369, 0.7225397966926086, 1.0336589211940213, 1.2744135392719473, 0.14924806457084602, 0.4070427706614146, 0.15614328571062785, 0.21656608803316757, 0.2758256897470644, 0.24375974441549633, 0.0, 0.16496710672662104], [0.6108080301173746, 0.5510072280799895, 0.4400250629910642, 0.4027690597980703, 0.43904788530549604, 0.5451434616940923, 0.911125101449397, 1.1615038097715458, 1.3744339413645634, 0.4158977740932874, 0.881538524553602, 1.1928266318267868, 1.4340435564241463, 0.30592993246922795, 0.5713199639288233, 0.2740581424008111, 0.15724198051386967, 0.33277898656642896, 0.3995071389823319, 0.16496710672662104, 0.0]]