[[0.0, 0.3290515243500886, 0.6188224446732853, 0.8178979586503681, 0.9324255471278222, 1.0280695401359679, 1.4340131744667914, 1.6875453673724417, 1.8884876749091715, 1.0, 1.4771588869295567, 1.7704698565746162, 2.014065649330056, 0.9170374031487944, 1.2394490676335421, 1.0241587207302347, 0.86661548026103, 0.8211234445881337, 1.060744611878431, 0.895849700758227, 0.7387467530604894], [0.3290515243500886, 0.0, 0.3340894430272312, 0.5905331807095113, 0.7582513293365492, 0.8284788109617537, 1.247744008968234, 1.5077466127274999, 1.7171055951552736, 0.8502819268314786, 1.3200974395897445, 1.608155362618522, 1.8523419221053883, 0.8355096200503003, 1.1378828074021643, 0.8985097318515715, 0.730529622946597, 0.827771854806162, 1.0192930430581897, 0.8318709929210724, 0.6705301843032453], [0.6188224446732853, 0.3340894430272312, 0.0, 0.2820826253450283, 0.4831243663181187, 0.5247911307859635, 0.939698864083612, 1.1993769654025104, 1.410976843187948, 0.5869284105339709, 1.0288630122299918, 1.3083110924170953, 1.5500488623929487, 0.6405056655116331, 0.8969888290330982, 0.6536005443414971, 0.49685586661741943, 0.7245673616448113, 0.8432152605688583, 0.6558686735302831, 0.5211976808941858], [0.8178979586503681, 0.5905331807095113, 0.2820826253450283, 0.0, 0.21543377971139757, 0.25104913774330756, 0.6654777027238592, 0.9251832337838515, 1.1358875189333117, 0.325786472573766, 0.7512886379830439, 1.0313676709529742, 1.273673579459506, 0.43513279592376203, 0.6380243186631107, 0.40251934370374315, 0.28043900572277436, 0.5943132015428148, 0.634722204424532, 0.467614288450799, 0.3903078116783299], [0.9324255471278222, 0.7582513293365492, 0.4831243663181187, 0.21543377971139757, 0.0, 0.16197598315949208, 0.5185116789268952, 0.7716672736085313, 0.9760628065909839, 0.14796579538424212, 0.577169410963636, 0.864066165119184, 1.1075512146815063, 0.2755820001531458, 0.43729726656739976, 0.21386503610945407, 0.1701697004754792, 0.48226735695764916, 0.4558117684839996, 0.3222570441388576, 0.3213733300722468], [1.0280695401359679, 0.8284788109617537, 0.5247911307859635, 0.25104913774330756, 0.16197598315949208, 0.0, 0.4193825089746684, 0.6795482989471153, 0.8897395543718628, 0.16570615001874034, 0.5053450333724857, 0.7844624585478417, 1.0272269222933212, 0.3627977308950303, 0.44071989388009974, 0.25286072529107695, 0.24106287743086693, 0.5860776233937693, 0.5232182353091158, 0.41229694334403905, 0.423329413127458], [1.4340131744667914, 1.247744008968234, 0.939698864083612, 0.6654777027238592, 0.5185116789268952, 0.4193825089746684, 0.0, 0.260344143567935, 0.4714797883631123, 0.44326852064303196, 0.15594853876755826, 0.37375519296546317, 0.6118435595604236, 0.6028613053406346, 0.3946986154975692, 0.45161298717477316, 0.5770512476815248, 0.8285196377571771, 0.6343186889963508, 0.6495467100300218, 0.748108548798067], [1.6875453673724417, 1.5077466127274999, 1.1993769654025104, 0.9251832337838515, 0.7716672736085313, 0.6795482989471153, 0.260344143567935, 0.0, 0.2122748652075734, 0.6893913432079166, 0.23487948165719671, 0.14303496958839992, 0.35730083592420736, 0.8232980290704145, 0.5497506573144896, 0.6813909337794528, 0.8240732302613212, 1.0326459726632862, 0.8061457252086089, 0.8649572799228202, 0.9832432322279071], [1.8884876749091715, 1.7171055951552736, 1.410976843187948, 1.1358875189333117, 0.9760628065909839, 0.8897395543718628, 0.4714797883631123, 0.2122748652075734, 0.0, 0.8887174630190116, 0.41450504104531655, 0.13267579747734418, 0.1539947803250562, 1.0049346580888272, 0.7064420220217811, 0.8716074068180164, 1.0228049701753839, 1.1999352699186718, 0.9584562328420796, 1.0427609471748966, 1.172308614035262], [1.0, 0.8502819268314786, 0.5869284105339709, 0.325786472573766, 0.14796579538424212, 0.16570615001874034, 0.44326852064303196, 0.6893913432079166, 0.8887174630190116, 0.0, 0.4784071013097301, 0.7714756381043476, 1.0158214736853843, 0.2053402641296525, 0.3142750565903262, 0.09915022925777732, 0.14530762824255905, 0.4380504661015941, 0.35816078565603937, 0.2580965398166217, 0.311296395072875], [1.4771588869295567, 1.3200974395897445, 1.0288630122299918, 0.7512886379830439, 0.577169410963636, 0.5053450333724857, 0.15594853876755826, 0.23487948165719671, 0.41450504104531655, 0.4784071013097301, 0.0, 0.29350666453506685, 0.5376105010955229, 0.5938126291378235, 0.31801928540289626, 0.4580688016763417, 0.6119138299283798, 0.7993549399535254, 0.574153557528041, 0.6340232379801577, 0.7590977737061538], [1.7704698565746162, 1.608155362618522, 1.3083110924170953, 1.0313676709529742, 0.864066165119184, 0.7844624585478417, 0.37375519296546317, 0.14303496958839992, 0.13267579747734418, 0.7714756381043476, 0.29350666453506685, 0.0, 0.2448999211371416, 0.8805324304123985, 0.5792121534207912, 0.7499779814383472, 0.9048237405717912, 1.0732931081388704, 0.8312790670347685, 0.9173684148784261, 1.0495194315523535], [2.014065649330056, 1.8523419221053883, 1.5500488623929487, 1.273673579459506, 1.1075512146815063, 1.0272269222933212, 0.6118435595604236, 0.35730083592420736, 0.1539947803250562, 1.0158214736853843, 0.5376105010955229, 0.2448999211371416, 0.0, 1.1179197566204593, 0.8073817089911219, 0.99195584130915, 1.1487005565101804, 1.3008639948524638, 1.0516229335053726, 1.1524825146445417, 1.2895154262336994], [0.9170374031487944, 0.8355096200503003, 0.6405056655116331, 0.43513279592376203, 0.2755820001531458, 0.3627977308950303, 0.6028613053406346, 0.8232980290704145, 1.0049346580888272, 0.2053402641296525, 0.5938126291378235, 0.8805324304123985, 1.1179197566204593, 0.0, 0.32328618521029673, 0.16056440933510757, 0.1852048383842879, 0.23554818672748343, 0.2046595130534128, 0.06658890020200775, 0.18195922024501437], [1.2394490676335421, 1.1378828074021643, 0.8969888290330982, 0.6380243186631107, 0.43729726656739976, 0.44071989388009974, 0.3946986154975692, 0.5497506573144896, 0.7064420220217811, 0.3142750565903262, 0.31801928540289626, 0.5792121534207912, 0.8073817089911219, 0.32328618521029673, 0.0, 0.2477565424312873, 0.4162604126457903, 0.4951647092447058, 0.2572710523363381, 0.3507385988319752, 0.5020966429843116], [1.0241587207302347, 0.8985097318515715, 0.6536005443414971, 0.40251934370374315, 0.21386503610945407, 0.25286072529107695, 0.45161298717477316, 0.6813909337794528, 0.8716074068180164, 0.09915022925777732, 0.4580688016763417, 0.7499779814383472, 0.99195584130915, 0.16056440933510757, 0.2477565424312873, 0.0, 0.17110188540702528, 0.3924735177603428, 0.28156449829889224, 0.20632106185063087, 0.30281068468101124], [0.86661548026103, 0.730529622946597, 0.49685586661741943, 0.28043900572277436, 0.1701697004754792, 0.24106287743086693, 0.5770512476815248, 0.8240732302613212, 1.0228049701753839, 0.14530762824255905, 0.6119138299283798, 0.9048237405717912, 1.1487005565101804, 0.1852048383842879, 0.4162604126457903, 0.17110188540702528, 0.0, 0.368226265539878, 0.3774325213588533, 0.21327087761366456, 0.19325716297292403], [0.8211234445881337, 0.827771854806162, 0.7245673616448113, 0.5943132015428148, 0.48226735695764916, 0.5860776233937693, 0.8285196377571771, 1.0326459726632862, 1.1999352699186718, 0.4380504661015941, 0.7993549399535254, 1.0732931081388704, 1.3008639948524638, 0.23554818672748343, 0.4951647092447058, 0.3924735177603428, 0.368226265539878, 0.0, 0.2590102805809697, 0.19102325306214343, 0.21688540490886893], [1.060744611878431, 1.0192930430581897, 0.8432152605688583, 0.634722204424532, 0.4558117684839996, 0.5232182353091158, 0.6343186889963508, 0.8061457252086089, 0.9584562328420796, 0.35816078565603937, 0.574153557528041, 0.8312790670347685, 1.0516229335053726, 0.2046595130534128, 0.2572710523363381, 0.28156449829889224, 0.3774325213588533, 0.2590102805809697, 0.0, 0.19158960628210653, 0.3508279992231094], [0.895849700758227, 0.8318709929210724, 0.6558686735302831, 0.467614288450799, 0.3222570441388576, 0.41229694334403905, 0.6495467100300218, 0.8649572799228202, 1.0427609471748966, 0.2580965398166217, 0.6340232379801577, 0.9173684148784261, 1.1524825146445417, 0.06658890020200775, 0.3507385988319752, 0.20632106185063087, 0.21327087761366456, 0.19102325306214343, 0.19158960628210653, 0.0, 0.16423140012532397], [0.7387467530604894, 0.6705301843032453, 0.5211976808941858, 0.3903078116783299, 0.3213733300722468, 0.423329413127458, 0.748108548798067, 0.9832432322279071, 1.172308614035262, 0.311296395072875, 0.7590977737061538, 1.0495194315523535, 1.2895154262336994, 0.18195922024501437, 0.5020966429843116, 0.30281068468101124, 0.19325716297292403, 0.21688540490886893, 0.3508279992231094, 0.16423140012532397, 0.0]]