[[0.0, 0.5765701069254083, 0.9516508795708615, 1.2275696474027011, 1.365620341102112, 1.035309067727567, 1.3851158225844924, 1.472682638146129, 1.4641053810662141, 1.0, 1.3856833226541758, 1.3822898506040429, 1.2602110511351332, 0.9939934684791137, 1.3485310115597173, 1.2886794550360414, 1.1226139320975619, 1.0041896309803469, 1.2859356733968426, 1.2443100789865116, 1.115977737761527], [0.5765701069254083, 0.0, 0.40987261813137016, 0.7240706613093636, 0.9146086586850167, 0.5482519566457433, 0.8911624356641603, 0.9700768946755461, 0.9549042142164451, 0.6311624298470897, 0.9881770238416259, 0.9582036607925175, 0.8094750792698825, 0.7629734911851908, 1.0465127838992445, 0.9472133619752532, 0.7543049829902987, 0.9220772117325409, 1.115688657911133, 1.0342339971480485, 0.877841556339541], [0.9516508795708615, 0.40987261813137016, 0.0, 0.3241078799390745, 0.5419643001497283, 0.1967821951591379, 0.49320095750725323, 0.5658924184455731, 0.5485625857116074, 0.3970364259028357, 0.6509511061445682, 0.6028778811925453, 0.44917365518700586, 0.6217126314496404, 0.7821466940102638, 0.6641862157364301, 0.4862820854529126, 0.8627608691038671, 0.9498069701867887, 0.849680382073596, 0.7012533007185091], [1.2275696474027011, 0.7240706613093636, 0.3241078799390745, 0.0, 0.2397351237600625, 0.20786066443043869, 0.20026570843552954, 0.26213930865191387, 0.25134999671353225, 0.3592922802798351, 0.3940289298045024, 0.3292277835157003, 0.211340732552521, 0.5891391998864081, 0.5893687825187397, 0.46956820344850714, 0.3611329885994905, 0.8515337571445352, 0.8326203220042718, 0.7277654617967767, 0.6130402282488919], [1.365620341102112, 0.9146086586850167, 0.5419643001497283, 0.2397351237600625, 0.0, 0.3932477408167938, 0.21232418336002204, 0.2288623170695867, 0.25893884910818055, 0.39296789898690315, 0.22030239758423187, 0.171799049923919, 0.18322414682252283, 0.5509876269400573, 0.42634473759463504, 0.3226528571399886, 0.31116817587020285, 0.7950904297054174, 0.7016329113818552, 0.6019898003123877, 0.5270613117159457], [1.035309067727567, 0.5482519566457433, 0.1967821951591379, 0.20786066443043869, 0.3932477408167938, 0.0, 0.3524559953492178, 0.4392971878922436, 0.43295315862304684, 0.24227452941468086, 0.4696406394511051, 0.431627276156238, 0.29265862324360564, 0.4878777377149609, 0.6064795683734312, 0.49466019863019467, 0.3381272313354615, 0.7483369948034473, 0.796326481422529, 0.6968136794193884, 0.5603885012705326], [1.3851158225844924, 0.8911624356641603, 0.49320095750725323, 0.20026570843552954, 0.21232418336002204, 0.3524559953492178, 0.0, 0.11112688101993458, 0.176794832978213, 0.45277494794877876, 0.3152570779761851, 0.26475531770217003, 0.24076242479733095, 0.6537184706570859, 0.5559832951596564, 0.4565629914977223, 0.41775448752358785, 0.9107274442648696, 0.8358909042460112, 0.736814044851511, 0.6520193688772064], [1.472682638146129, 0.9700768946755461, 0.5658924184455731, 0.26213930865191387, 0.2288623170695867, 0.4392971878922436, 0.11112688101993458, 0.0, 0.08489226378457014, 0.5420109231053616, 0.3574263685360682, 0.2815581773995008, 0.2724516864266879, 0.7347673247819935, 0.6016695715931248, 0.49969809090853107, 0.4819098662135803, 0.9862056739582222, 0.8910511857441585, 0.7907218236822681, 0.7156852941354833], [1.4641053810662141, 0.9549042142164451, 0.5485625857116074, 0.25134999671353225, 0.25893884910818055, 0.43295315862304684, 0.176794832978213, 0.08489226378457014, 0.0, 0.5537386835051555, 0.4013327703544283, 0.306743291349251, 0.2705543639528755, 0.7520052823081782, 0.6335057615576574, 0.5212752467622408, 0.49019086533775186, 1.0029583736905088, 0.9160907921876559, 0.8122757398068055, 0.7313806559584463], [1.0, 0.6311624298470897, 0.3970364259028357, 0.3592922802798351, 0.39296789898690315, 0.24227452941468086, 0.45277494794877876, 0.5420109231053616, 0.5537386835051555, 0.0, 0.38760704990916084, 0.3859937599021319, 0.3014903765379478, 0.24694516451464113, 0.4246073531917466, 0.33074274232652034, 0.1767673565363166, 0.5109051573736191, 0.5651114492692052, 0.4711035588673942, 0.33361198513708407], [1.3856833226541758, 0.9881770238416259, 0.6509511061445682, 0.3940289298045024, 0.22030239758423187, 0.4696406394511051, 0.3152570779761851, 0.3574263685360682, 0.4013327703544283, 0.38760704990916084, 0.0, 0.1142366558134174, 0.25454996676568264, 0.47148129536079325, 0.2498377001481096, 0.18177672388484453, 0.2797666537464083, 0.6876003985161939, 0.5459250820514577, 0.45514504234305875, 0.4160365194420458], [1.3822898506040429, 0.9582036607925175, 0.6028778811925453, 0.3292277835157003, 0.171799049923919, 0.431627276156238, 0.26475531770217003, 0.2815581773995008, 0.306743291349251, 0.3859937599021319, 0.1142366558134174, 0.0, 0.16604875700193036, 0.5095184961592052, 0.3286211820685941, 0.2246950327424495, 0.2754556413035957, 0.7393060861101176, 0.616226025965778, 0.5164029460790569, 0.46032666502564723], [1.2602110511351332, 0.8094750792698825, 0.44917365518700586, 0.211340732552521, 0.18322414682252283, 0.29265862324360564, 0.24076242479733095, 0.2724516864266879, 0.2705543639528755, 0.3014903765379478, 0.25454996676568264, 0.16604875700193036, 0.0, 0.4896926955644496, 0.4322892700544045, 0.2977037143554657, 0.2223956387372659, 0.7397936817797255, 0.6822253144855912, 0.5723960192835202, 0.4719634493018133], [0.9939934684791137, 0.7629734911851908, 0.6217126314496404, 0.5891391998864081, 0.5509876269400573, 0.4878777377149609, 0.6537184706570859, 0.7347673247819935, 0.7520052823081782, 0.24694516451464113, 0.47148129536079325, 0.5095184961592052, 0.4896926955644496, 0.0, 0.3595452709159804, 0.33089851232560813, 0.2771308889650747, 0.26654292145424313, 0.3605827632649766, 0.2862698701264163, 0.15849239212470928], [1.3485310115597173, 1.0465127838992445, 0.7821466940102638, 0.5893687825187397, 0.42634473759463504, 0.6064795683734312, 0.5559832951596564, 0.6016695715931248, 0.6335057615576574, 0.4246073531917466, 0.2498377001481096, 0.3286211820685941, 0.4322892700544045, 0.3595452709159804, 0.0, 0.14298988193071535, 0.3248441637752267, 0.4979335075385143, 0.3013272375205036, 0.22175186420564455, 0.2533832112782612], [1.2886794550360414, 0.9472133619752532, 0.6641862157364301, 0.46956820344850714, 0.3226528571399886, 0.49466019863019467, 0.4565629914977223, 0.49969809090853107, 0.5212752467622408, 0.33074274232652034, 0.18177672388484453, 0.2246950327424495, 0.2977037143554657, 0.33089851232560813, 0.14298988193071535, 0.0, 0.19984962810782853, 0.529761213002067, 0.3981191618803206, 0.29395845216402844, 0.2503532982570134], [1.1226139320975619, 0.7543049829902987, 0.4862820854529126, 0.3611329885994905, 0.31116817587020285, 0.3381272313354615, 0.41775448752358785, 0.4819098662135803, 0.49019086533775186, 0.1767673565363166, 0.2797666537464083, 0.2754556413035957, 0.2223956387372659, 0.2771308889650747, 0.3248441637752267, 0.19984962810782853, 0.0, 0.5243858710423559, 0.506517397793137, 0.3945667169163071, 0.26564091716938215], [1.0041896309803469, 0.9220772117325409, 0.8627608691038671, 0.8515337571445352, 0.7950904297054174, 0.7483369948034473, 0.9107274442648696, 0.9862056739582222, 1.0029583736905088, 0.5109051573736191, 0.6876003985161939, 0.7393060861101176, 0.7397936817797255, 0.26654292145424313, 0.4979335075385143, 0.529761213002067, 0.5243858710423559, 0.0, 0.30050835378613355, 0.3053411772455053, 0.2883553898125605], [1.2859356733968426, 1.115688657911133, 0.9498069701867887, 0.8326203220042718, 0.7016329113818552, 0.796326481422529, 0.8358909042460112, 0.8910511857441585, 0.9160907921876559, 0.5651114492692052, 0.5459250820514577, 0.616226025965778, 0.6822253144855912, 0.3605827632649766, 0.3013272375205036, 0.3981191618803206, 0.506517397793137, 0.30050835378613355, 0.0, 0.1167335821844313, 0.26640218207025207], [1.2443100789865116, 1.0342339971480485, 0.849680382073596, 0.7277654617967767, 0.6019898003123877, 0.6968136794193884, 0.736814044851511, 0.7907218236822681, 0.8122757398068055, 0.4711035588673942, 0.45514504234305875, 0.5164029460790569, 0.5723960192835202, 0.2862698701264163, 0.22175186420564455, 0.29395845216402844, 0.3945667169163071, 0.3053411772455053, 0.1167335821844313, 0.0, 0.1634204007061632], [1.115977737761527, 0.877841556339541, 0.7012533007185091, 0.6130402282488919, 0.5270613117159457, 0.5603885012705326, 0.6520193688772064, 0.7156852941354833, 0.7313806559584463, 0.33361198513708407, 0.4160365194420458, 0.46032666502564723, 0.4719634493018133, 0.15849239212470928, 0.2533832112782612, 0.2503532982570134, 0.26564091716938215, 0.2883553898125605, 0.26640218207025207, 0.1634204007061632, 0.0]]