[[0.0, 0.39227939235497955, 0.79076608585507, 1.1106573432855267, 1.355194780178678, 1.0157736475530759, 1.4442762649292007, 1.708093492229867, 1.91308064206559, 1.0, 1.4560298768813837, 1.745422463669252, 1.95897409527613, 0.9435927555135316, 1.3467036359671152, 1.6037024472088612, 1.811673524114326, 0.8618633405275042, 1.151037227458027, 1.3524556377128718, 1.5360327199377637], [0.39227939235497955, 0.0, 0.4168471569805432, 0.7426567829356425, 0.9800902998684419, 0.7664577898135414, 1.176624098553222, 1.4388026267441874, 1.6443880718082287, 0.8387322533376741, 1.2709316596705746, 1.5549551901371774, 1.7676376723814058, 0.8733280449837432, 1.2579674098220608, 1.5046987757560897, 1.7049590571286544, 0.8924610730232568, 1.1762035556409416, 1.3704686720408175, 1.5420882342115316], [0.79076608585507, 0.4168471569805432, 0.0, 0.3259024294633357, 0.5654788877203769, 0.4985846734377632, 0.8375892956545434, 1.0868382440750983, 1.287411899757082, 0.6756934107885929, 1.0192861354678626, 1.279832475182401, 1.4829135596421035, 0.8127220746968757, 1.1173913113698368, 1.3319295999407004, 1.5119641933550414, 0.9363566544712131, 1.1694288715232366, 1.3355166116372628, 1.4804535368626799], [1.1106573432855267, 0.7426567829356425, 0.3259024294633357, 0.0, 0.2485192586674667, 0.4688109661305071, 0.6342400851118384, 0.8483093753832491, 1.0351509547723743, 0.7048623520986639, 0.9048188652533669, 1.1209503166307093, 1.3046696843325003, 0.9011469304700505, 1.1023270475932194, 1.2712988470585713, 1.4227396689340566, 1.0816046054851725, 1.2577667358256779, 1.390746365808133, 1.506211514132012], [1.355194780178678, 0.9800902998684419, 0.5654788877203769, 0.2485192586674667, 0.0, 0.6442522166825785, 0.6503303860544528, 0.7998456060164749, 0.9572482548161478, 0.8823677208359629, 0.9758795062058633, 1.1406320731741002, 1.29807466299346, 1.0944571482536383, 1.2321993843961214, 1.3639173622780623, 1.4889707029683807, 1.2926433925181582, 1.439722621036836, 1.5523605632817965, 1.6483093887411147], [1.0157736475530759, 0.7664577898135414, 0.4985846734377632, 0.4688109661305071, 0.6442522166825785, 0.0, 0.42862440089031567, 0.6924069786663245, 0.8976698648765986, 0.23939480724129492, 0.5242692864338822, 0.7967299311216121, 1.0065763281236189, 0.4512293360269473, 0.6433077837947443, 0.8390970710647175, 1.0142268394068363, 0.6602608724048628, 0.7970545695973413, 0.9224771276814826, 1.0391670255065664], [1.4442762649292007, 1.176624098553222, 0.8375892956545434, 0.6342400851118384, 0.6503303860544528, 0.42862440089031567, 0.0, 0.26447993118711915, 0.47044565065963617, 0.531964159593669, 0.34882667808815754, 0.4940099825997802, 0.6705639304733694, 0.7352713541550098, 0.6735974871204319, 0.7406974955038663, 0.8438609384031972, 0.9673341156275819, 0.9888160893725662, 1.0364884729913584, 1.0854169601395174], [1.708093492229867, 1.4388026267441874, 1.0868382440750983, 0.8483093753832491, 0.7998456060164749, 0.6924069786663245, 0.26447993118711915, 0.0, 0.20611527512930455, 0.7702512605897912, 0.44025348245619944, 0.40764606183013435, 0.5119764597051539, 0.954337323437564, 0.7946264659743821, 0.7749830555639334, 0.8128716574592731, 1.1830221505050167, 1.1550015826203013, 1.1620731268294984, 1.1713102260327155], [1.91308064206559, 1.6443880718082287, 1.287411899757082, 1.0351509547723743, 0.9572482548161478, 0.8976698648765986, 0.47044565065963617, 0.20611527512930455, 0.0, 0.9626045109349374, 0.5834607157380401, 0.4415154125697168, 0.45221968154401415, 1.134511705718545, 0.9245318708322294, 0.8510316147886127, 0.8382440048786148, 1.3586883199091988, 1.3011251936964985, 1.282360638602806, 1.264954911624477], [1.0, 0.8387322533376741, 0.6756934107885929, 0.7048623520986639, 0.8823677208359629, 0.23939480724129492, 0.531964159593669, 0.7702512605897912, 0.9626045109349374, 0.0, 0.4560870983167174, 0.7454760094126377, 0.9591669989849954, 0.22195180312932702, 0.4432995287860274, 0.6732896469791905, 0.8685319772551326, 0.44776124662623934, 0.5578272386783382, 0.6870097635495565, 0.8137510708315535], [1.4560298768813837, 1.2709316596705746, 1.0192861354678626, 0.9048188652533669, 0.9758795062058633, 0.5242692864338822, 0.34882667808815754, 0.44025348245619944, 0.5834607157380401, 0.4560870983167174, 0.0, 0.2895895492621043, 0.5036319382946259, 0.5758129847550287, 0.3547692647953163, 0.39302060826434754, 0.5188414891123453, 0.7877804875871213, 0.7195698343714415, 0.7230917804580863, 0.7474060206848737], [1.745422463669252, 1.5549551901371774, 1.279832475182401, 1.1209503166307093, 1.1406320731741002, 0.7967299311216121, 0.4940099825997802, 0.40764606183013435, 0.4415154125697168, 0.7454760094126377, 0.2895895492621043, 0.0, 0.21422252925404764, 0.8491633039025703, 0.5371890290850069, 0.41339023659352875, 0.40792445764381574, 1.0454673812014255, 0.9220998256154672, 0.8682252064617867, 0.8304835100935221], [1.95897409527613, 1.7676376723814058, 1.4829135596421035, 1.3046696843325003, 1.29807466299346, 1.0065763281236189, 0.6705639304733694, 0.5119764597051539, 0.45221968154401415, 0.9591669989849954, 0.5036319382946259, 0.21422252925404764, 0.0, 1.0543747702876975, 0.7138244883803497, 0.5317739775275265, 0.4353375853453831, 1.2413394477033997, 1.091461410417164, 1.0088086968416032, 0.9372175274432141], [0.9435927555135316, 0.8733280449837432, 0.8127220746968757, 0.9011469304700505, 1.0944571482536383, 0.4512293360269473, 0.7352713541550098, 0.954337323437564, 1.134511705718545, 0.22195180312932702, 0.5758129847550287, 0.8491633039025703, 1.0543747702876975, 0.0, 0.40360419740150294, 0.6603809259476873, 0.8681956205879612, 0.23211221133385695, 0.36104347847839974, 0.5241146491549715, 0.6798100727204125], [1.3467036359671152, 1.2579674098220608, 1.1173913113698368, 1.1023270475932194, 1.2321993843961214, 0.6433077837947443, 0.6735974871204319, 0.7946264659743821, 0.9245318708322294, 0.4432995287860274, 0.3547692647953163, 0.5371890290850069, 0.7138244883803497, 0.40360419740150294, 0.0, 0.25705350456254494, 0.46520584252120867, 0.5415435128606199, 0.38524224361585657, 0.3688111804202526, 0.41899567815143], [1.6037024472088612, 1.5046987757560897, 1.3319295999407004, 1.2712988470585713, 1.3639173622780623, 0.8390970710647175, 0.7406974955038663, 0.7749830555639334, 0.8510316147886127, 0.6732896469791905, 0.39302060826434754, 0.41339023659352875, 0.5317739775275265, 0.6603809259476873, 0.25705350456254494, 0.0, 0.20825510486380694, 0.7882267367143483, 0.5819734790817326, 0.4777358066187441, 0.41753656436722175], [1.811673524114326, 1.7049590571286544, 1.5119641933550414, 1.4227396689340566, 1.4889707029683807, 1.0142268394068363, 0.8438609384031972, 0.8128716574592731, 0.8382440048786148, 0.8685319772551326, 0.5188414891123453, 0.40792445764381574, 0.4353375853453831, 0.8681956205879612, 0.46520584252120867, 0.20825510486380694, 0.0, 0.9932204614768553, 0.7708068269893081, 0.6366300974420287, 0.5256337966971418], [0.8618633405275042, 0.8924610730232568, 0.9363566544712131, 1.0816046054851725, 1.2926433925181582, 0.6602608724048628, 0.9673341156275819, 1.1830221505050167, 1.3586883199091988, 0.44776124662623934, 0.7877804875871213, 1.0454673812014255, 1.2413394477033997, 0.23211221133385695, 0.5415435128606199, 0.7882267367143483, 0.9932204614768553, 0.0, 0.2923862341730188, 0.4935960180189447, 0.6755472241719932], [1.151037227458027, 1.1762035556409416, 1.1694288715232366, 1.2577667358256779, 1.439722621036836, 0.7970545695973413, 0.9888160893725662, 1.1550015826203013, 1.3011251936964985, 0.5578272386783382, 0.7195698343714415, 0.9220998256154672, 1.091461410417164, 0.36104347847839974, 0.38524224361585657, 0.5819734790817326, 0.7708068269893081, 0.2923862341730188, 0.0, 0.20163873933791937, 0.38517005322305414], [1.3524556377128718, 1.3704686720408175, 1.3355166116372628, 1.390746365808133, 1.5523605632817965, 0.9224771276814826, 1.0364884729913584, 1.1620731268294984, 1.282360638602806, 0.6870097635495565, 0.7230917804580863, 0.8682252064617867, 1.0088086968416032, 0.5241146491549715, 0.3688111804202526, 0.4777358066187441, 0.6366300974420287, 0.4935960180189447, 0.20163873933791937, 0.0, 0.18466601671452237], [1.5360327199377637, 1.5420882342115316, 1.4804535368626799, 1.506211514132012, 1.6483093887411147, 1.0391670255065664, 1.0854169601395174, 1.1713102260327155, 1.264954911624477, 0.8137510708315535, 0.7474060206848737, 0.8304835100935221, 0.9372175274432141, 0.6798100727204125, 0.41899567815143, 0.41753656436722175, 0.5256337966971418, 0.6755472241719932, 0.38517005322305414, 0.18466601671452237, 0.0]]