[[0.0, 0.4297504110725406, 0.8151483797292874, 1.1101437183755483, 1.4012466215649917, 1.0310405080735496, 1.4752027928608482, 1.7657755996082356, 1.995723693508483, 1.0, 1.4973946647151724, 1.788836218781732, 2.039528309767493, 0.9381626251467757, 1.3937398208881588, 1.6758649715165514, 1.9082939696133345, 0.8677441115070702, 1.1962729010263102, 1.3983335602424547, 1.5979693936334698], [0.4297504110725406, 0.0, 0.4004733848910444, 0.7021262855556892, 0.9966706851803275, 0.7776156729997703, 1.2020026068715495, 1.4893296102256997, 1.7171936911351386, 0.8547126771749213, 1.3235153202723173, 1.6061264772418835, 1.8517372971946588, 0.9092740256847659, 1.3298389139918685, 1.6008037034679021, 1.8257972758869783, 0.961381067145813, 1.2732549101011381, 1.4747149580396086, 1.6692772035429737], [0.8151483797292874, 0.4004733848910444, 0.0, 0.30194616170803956, 0.5965319320286031, 0.5628478706485697, 0.9099915640184264, 1.1796000143611487, 1.3984136392927706, 0.7511820692986937, 1.1256893536923824, 1.3815008446856814, 1.6118641980586483, 0.9127670519054292, 1.2414546080432607, 1.4808315794636777, 1.6864746324044464, 1.0646458739335645, 1.3223986661697844, 1.505865729981826, 1.6827546256438901], [1.1101437183755483, 0.7021262855556892, 0.30194616170803956, 0.0, 0.2946665380747511, 0.5428291401756941, 0.7435725601833968, 0.9768180956194528, 1.1788672555673874, 0.7917403360724538, 1.0395117653008064, 1.255335284222365, 1.462983479738881, 1.0105718466365798, 1.241877911615779, 1.4421090356231037, 1.6233467936550172, 1.2132967380526656, 1.4198162274050794, 1.5818493481484313, 1.7390398083299192], [1.4012466215649917, 0.9966706851803275, 0.5965319320286031, 0.2946665380747511, 0.0, 0.6724067786117494, 0.6814919397885109, 0.8415522356116005, 1.0093862516058436, 0.9319342776760616, 1.0396249797964245, 1.1977241452926852, 1.3703174221707086, 1.1774401016740852, 1.3141189489637508, 1.4676851835101274, 1.6178044578664683, 1.4087177951998964, 1.5685705386280535, 1.7077016860857877, 1.843480265635889], [1.0310405080735496, 0.7776156729997703, 0.5628478706485697, 0.5428291401756941, 0.6724067786117494, 0.0, 0.444294333434614, 0.7351566599573682, 0.9652946286924409, 0.2602841426710365, 0.5665810983033457, 0.8361485617170481, 1.0775832407458303, 0.5067020380133469, 0.7029192104419227, 0.923435490869871, 1.1243722551366628, 0.7492701277855381, 0.8978195069124797, 1.0466937446824098, 1.1977867230353483], [1.4752027928608482, 1.2020026068715495, 0.9099915640184264, 0.7435725601833968, 0.6814919397885109, 0.444294333434614, 0.0, 0.29119940643623066, 0.5214192976411631, 0.5640453022396802, 0.3788569603160164, 0.5205258412838489, 0.7195105906048636, 0.7984554276194438, 0.7187326888329585, 0.8092361917739279, 0.9398355960450505, 1.061226569066401, 1.0866831433678126, 1.1691932934164635, 1.2619474971277962], [1.7657755996082356, 1.4893296102256997, 1.1796000143611487, 0.9768180956194528, 0.8415522356116005, 0.7351566599573682, 0.29119940643623066, 0.0, 0.23024880401777598, 0.8290073237182183, 0.47804603136885937, 0.4351137394450238, 0.5412739081777839, 1.0415238399910323, 0.8498068490164286, 0.8436055447164286, 0.9036687315200558, 1.299340683810321, 1.2688964913767042, 1.3125775750951607, 1.3670278037864276], [1.995723693508483, 1.7171936911351386, 1.3984136392927706, 1.1788672555673874, 1.0093862516058436, 0.9652946286924409, 0.5214192976411631, 0.23024880401777598, 0.0, 1.0488266880124466, 0.6457866575718857, 0.49630032372665606, 0.48676248758633955, 1.2490211982326904, 1.0035185501596455, 0.9377247604040552, 0.9417882060021789, 1.5016589558768805, 1.4396375477505938, 1.458719514342408, 1.4870505004234198], [1.0, 0.8547126771749213, 0.7511820692986937, 0.7917403360724538, 0.9319342776760616, 0.2602841426710365, 0.5640453022396802, 0.8290073237182183, 1.0488266880124466, 0.0, 0.49751169401608136, 0.788940104077218, 1.0396465504821333, 0.2557531845256122, 0.49348039252147435, 0.750821377866801, 0.9722833910264752, 0.5131452946118658, 0.6377177709423826, 0.7905660459288184, 0.9495427305234864], [1.4973946647151724, 1.3235153202723173, 1.1256893536923824, 1.0395117653008064, 1.0396249797964245, 0.5665810983033457, 0.3788569603160164, 0.47804603136885937, 0.6457866575718857, 0.49751169401608136, 0.0, 0.29148317018630654, 0.5422223950992625, 0.6339642969530698, 0.3723789831906206, 0.4317772633599691, 0.585464903742021, 0.871048460603105, 0.795955244249747, 0.8353601409845023, 0.90163150333202], [1.788836218781732, 1.6061264772418835, 1.3815008446856814, 1.255335284222365, 1.1977241452926852, 0.8361485617170481, 0.5205258412838489, 0.4351137394450238, 0.49630032372665606, 0.788940104077218, 0.29148317018630654, 0.0, 0.2507756480567145, 0.9105459606099118, 0.5544207001910197, 0.4422035177608808, 0.4689037643807247, 1.131005536522342, 0.9984020711124547, 0.9853573904973749, 0.9957154883843461], [2.039528309767493, 1.8517372971946588, 1.6118641980586483, 1.462983479738881, 1.3703174221707086, 1.0775832407458303, 0.7195105906048636, 0.5412739081777839, 0.48676248758633955, 1.0396465504821333, 0.5422223950992625, 0.2507756480567145, 0.0, 1.1540148507026344, 0.7663855111680239, 0.581409747342283, 0.49863092955522936, 1.3643212178563022, 1.201319967201234, 1.1572887944593484, 1.1305351389382639], [0.9381626251467757, 0.9092740256847659, 0.9127670519054292, 1.0105718466365798, 1.1774401016740852, 0.5067020380133469, 0.7984554276194438, 1.0415238399910323, 1.2490211982326904, 0.2557531845256122, 0.6339642969530698, 0.9105459606099118, 1.1540148507026344, 0.0, 0.4556596524601798, 0.7377641696688729, 0.9702113497723233, 0.2631014585482098, 0.4128226753937298, 0.5937061103071756, 0.7761000141424073], [1.3937398208881588, 1.3298389139918685, 1.2414546080432607, 1.241877911615779, 1.3141189489637508, 0.7029192104419227, 0.7187326888329585, 0.8498068490164286, 1.0035185501596455, 0.49348039252147435, 0.3723789831906206, 0.5544207001910197, 0.7663855111680239, 0.4556596524601798, 0.0, 0.28215966940694664, 0.5145994174907013, 0.6124399001160371, 0.4444054038450141, 0.4631347813079284, 0.5441401520716919], [1.6758649715165514, 1.6008037034679021, 1.4808315794636777, 1.4421090356231037, 1.4676851835101274, 0.923435490869871, 0.8092361917739279, 0.8436055447164286, 0.9377247604040552, 0.750821377866801, 0.4317772633599691, 0.4422035177608808, 0.581409747342283, 0.7377641696688729, 0.28215966940694664, 0.0, 0.2324948325257694, 0.8780001380712653, 0.6479499217612144, 0.5778421005952638, 0.5574117663766526], [1.9082939696133345, 1.8257972758869783, 1.6864746324044464, 1.6233467936550172, 1.6178044578664683, 1.1243722551366628, 0.9398355960450505, 0.9036687315200558, 0.9417882060021789, 0.9722833910264752, 0.585464903742021, 0.4689037643807247, 0.49863092955522936, 0.9702113497723233, 0.5145994174907013, 0.2324948325257694, 0.0, 1.1037893816006652, 0.851628904462546, 0.7451424828614717, 0.6680455343152072], [0.8677441115070702, 0.961381067145813, 1.0646458739335645, 1.2132967380526656, 1.4087177951998964, 0.7492701277855381, 1.061226569066401, 1.299340683810321, 1.5016589558768805, 0.5131452946118658, 0.871048460603105, 1.131005536522342, 1.3643212178563022, 0.2631014585482098, 0.6124399001160371, 0.8780001380712653, 1.1037893816006652, 0.0, 0.32945273951200504, 0.5331943457789072, 0.7330148284107068], [1.1962729010263102, 1.2732549101011381, 1.3223986661697844, 1.4198162274050794, 1.5685705386280535, 0.8978195069124797, 1.0866831433678126, 1.2688964913767042, 1.4396375477505938, 0.6377177709423826, 0.795955244249747, 0.9984020711124547, 1.201319967201234, 0.4128226753937298, 0.4444054038450141, 0.6479499217612144, 0.851628904462546, 0.32945273951200504, 0.0, 0.2044275408962971, 0.4039225876059033], [1.3983335602424547, 1.4747149580396086, 1.505865729981826, 1.5818493481484313, 1.7077016860857877, 1.0466937446824098, 1.1691932934164635, 1.3125775750951607, 1.458719514342408, 0.7905660459288184, 0.8353601409845023, 0.9853573904973749, 1.1572887944593484, 0.5937061103071756, 0.4631347813079284, 0.5778421005952638, 0.7451424828614717, 0.5331943457789072, 0.2044275408962971, 0.0, 0.199931354581808], [1.5979693936334698, 1.6692772035429737, 1.6827546256438901, 1.7390398083299192, 1.843480265635889, 1.1977867230353483, 1.2619474971277962, 1.3670278037864276, 1.4870505004234198, 0.9495427305234864, 0.90163150333202, 0.9957154883843461, 1.1305351389382639, 0.7761000141424073, 0.5441401520716919, 0.5574117663766526, 0.6680455343152072, 0.7330148284107068, 0.4039225876059033, 0.199931354581808, 0.0]]