[[0.0, 0.44705552949398775, 0.8227465835013247, 1.0767991911085653, 1.2181378256865438, 1.1113586577767665, 1.4687614951692292, 1.670275832264705, 1.8267985077050244, 1.0, 1.3349756545605012, 1.4756967189557806, 1.5915544917466193, 0.9020369219340867, 1.1705144481423178, 0.9078976530741784, 0.7080187391907239, 0.8695473677000218, 1.0632856837514355, 0.8675639902162331, 0.7005900720616753], [0.44705552949398775, 0.0, 0.4150485636222287, 0.7155681265778268, 0.8999117397064034, 0.7507096950801748, 1.131342826379549, 1.3548746507602565, 1.5295874625746293, 0.7284961174091868, 1.0698867812380939, 1.2111962082626468, 1.330399539120578, 0.755166531304737, 0.9997857369919724, 0.7380476078397029, 0.5524882657840002, 0.861550126151042, 1.005923319999174, 0.8194978268378991, 0.6741056515347869], [0.8227465835013247, 0.4150485636222287, 0.0, 0.31833695523156186, 0.5266941422329787, 0.3529853505822637, 0.734406834799387, 0.9656982194193782, 1.14776227476694, 0.4301480780686713, 0.7314783429104207, 0.86705666921269, 0.9891160395272622, 0.5950256307305285, 0.7611453064401953, 0.5585394900138557, 0.4700602841642351, 0.8139903627059989, 0.8798001342136119, 0.7440712193442641, 0.6677295330655854], [1.0767991911085653, 0.7155681265778268, 0.31833695523156186, 0.0, 0.21863610415692974, 0.05373953958307778, 0.4183042444678111, 0.6479691500999948, 0.8301154020919198, 0.253714250908166, 0.4430324480297189, 0.5752550792714984, 0.7056462502209038, 0.5144060188731003, 0.5652119532844035, 0.47052765955622516, 0.5083515118791694, 0.7811273720898575, 0.7701229745377615, 0.7016250108200367, 0.6986917588433655], [1.2181378256865438, 0.8999117397064034, 0.5266941422329787, 0.21863610415692974, 0.0, 0.19759715314979276, 0.2566138338782636, 0.45864675714630626, 0.6310395241821464, 0.23966793206982293, 0.23563681025698313, 0.3757876156499818, 0.5163396266204549, 0.48426823147514897, 0.42799595249939704, 0.444782251920727, 0.563975127958443, 0.748411688963646, 0.6816849272589208, 0.6706121934129174, 0.7192988640264144], [1.1113586577767665, 0.7507096950801748, 0.3529853505822637, 0.05373953958307778, 0.19759715314979276, 0.0, 0.38332024784000707, 0.6144028290040318, 0.7976548770593596, 0.261222072693931, 0.421117078675143, 0.5524301205492216, 0.6840968336421903, 0.5277261364621166, 0.5617755763511655, 0.48429854774377984, 0.5338473384867938, 0.7966785662789228, 0.7770583200609583, 0.7171126563086703, 0.7211906102791887], [1.4687614951692292, 1.131342826379549, 0.734406834799387, 0.4183042444678111, 0.2566138338782636, 0.38332024784000707, 0.0, 0.23670745410180646, 0.425233287680716, 0.48959336990144836, 0.29356126507500596, 0.33735552990461337, 0.4399964355288033, 0.7146703858474713, 0.5854842225782766, 0.6783618222293076, 0.814900062044852, 0.966851164909454, 0.8649945550684468, 0.8922589219473955, 0.9606002418859143], [1.670275832264705, 1.3548746507602565, 0.9656982194193782, 0.6479691500999948, 0.45864675714630626, 0.6144028290040318, 0.23670745410180646, 0.0, 0.1893724132004021, 0.6722455580479347, 0.37140520947390504, 0.29490143202530644, 0.32000748587055045, 0.8523053541937818, 0.6581501047992391, 0.822975130623262, 0.9884117678108129, 1.076218537667454, 0.937135655980927, 1.009052355491683, 1.106292318230942], [1.8267985077050244, 1.5295874625746293, 1.14776227476694, 0.8301154020919198, 0.6310395241821464, 0.7976548770593596, 0.425233287680716, 0.1893724132004021, 0.0, 0.8277103742031016, 0.4975202143990007, 0.3710681306395649, 0.3025173062300606, 0.9751897247566252, 0.7487642890740848, 0.9514861723073491, 1.1313673072904646, 1.1737241893086863, 1.0127297294439086, 1.1135847413154356, 1.2283996775613837], [1.0, 0.7284961174091868, 0.4301480780686713, 0.253714250908166, 0.23966793206982293, 0.261222072693931, 0.48959336990144836, 0.6722455580479347, 0.8277103742031016, 0.0, 0.34448375366029005, 0.49159331208492674, 0.6317909335361339, 0.2687534746530085, 0.3378759596290154, 0.22779954820128154, 0.3268259674552387, 0.5390481557832985, 0.5192733918022685, 0.4596968010455229, 0.4859787687871651], [1.3349756545605012, 1.0698867812380939, 0.7314783429104207, 0.4430324480297189, 0.23563681025698313, 0.421117078675143, 0.29356126507500596, 0.37140520947390504, 0.4975202143990007, 0.34448375366029005, 0.0, 0.18604148787928187, 0.3369687178554767, 0.48371210695517114, 0.3015816650335564, 0.4570152410373365, 0.6352528133733149, 0.7083071000291343, 0.5840433857351927, 0.6396472041592769, 0.7381370387950177], [1.4756967189557806, 1.2111962082626468, 0.86705666921269, 0.5752550792714984, 0.3757876156499818, 0.5524301205492216, 0.33735552990461337, 0.29490143202530644, 0.3710681306395649, 0.49159331208492674, 0.18604148787928187, 0.0, 0.15163765332826404, 0.6202831637180674, 0.41569058487766314, 0.5923355569580935, 0.7745256071217831, 0.8243135238621975, 0.6822196412369534, 0.7595086439459974, 0.8683511602407631], [1.5915544917466193, 1.330399539120578, 0.9891160395272622, 0.7056462502209038, 0.5163396266204549, 0.6840968336421903, 0.4399964355288033, 0.32000748587055045, 0.3025173062300606, 0.6317909335361339, 0.3369687178554767, 0.15163765332826404, 0.0, 0.7430444730599912, 0.5335268179230944, 0.7139810710947385, 0.8919113543289013, 0.9284776068535521, 0.7787734474647937, 0.8677344914402867, 0.9804474869398742], [0.9020369219340867, 0.755166531304737, 0.5950256307305285, 0.5144060188731003, 0.48426823147514897, 0.5277261364621166, 0.7146703858474713, 0.8523053541937818, 0.9751897247566252, 0.2687534746530085, 0.48371210695517114, 0.6202831637180674, 0.7430444730599912, 0.0, 0.2689860004422121, 0.062038747689813996, 0.20961395189015972, 0.27048835578043245, 0.28547532035777823, 0.19287716819726464, 0.2560170865256255], [1.1705144481423178, 0.9997857369919724, 0.7611453064401953, 0.5652119532844035, 0.42799595249939704, 0.5617755763511655, 0.5854842225782766, 0.6581501047992391, 0.7487642890740848, 0.3378759596290154, 0.3015816650335564, 0.41569058487766314, 0.5335268179230944, 0.2689860004422121, 0.0, 0.2691067462504905, 0.47192734070174763, 0.4257177114794328, 0.2831413869100363, 0.36738560665694003, 0.5006436105885028], [0.9078976530741784, 0.7380476078397029, 0.5585394900138557, 0.47052765955622516, 0.444782251920727, 0.48429854774377984, 0.6783618222293076, 0.822975130623262, 0.9514861723073491, 0.22779954820128154, 0.4570152410373365, 0.5923355569580935, 0.7139810710947385, 0.062038747689813996, 0.2691067462504905, 0.0, 0.20343126015593355, 0.3191024719355399, 0.3262956648182522, 0.23627235341669542, 0.2856519665038979], [0.7080187391907239, 0.5524882657840002, 0.4700602841642351, 0.5083515118791694, 0.563975127958443, 0.5338473384867938, 0.814900062044852, 0.9884117678108129, 1.1313673072904646, 0.3268259674552387, 0.6352528133733149, 0.7745256071217831, 0.8919113543289013, 0.20961395189015972, 0.47192734070174763, 0.20343126015593355, 0.0, 0.35326905063945657, 0.4598173411061221, 0.28892991174408167, 0.2055185793359852], [0.8695473677000218, 0.861550126151042, 0.8139903627059989, 0.7811273720898575, 0.748411688963646, 0.7966785662789228, 0.966851164909454, 1.076218537667454, 1.1737241893086863, 0.5390481557832985, 0.7083071000291343, 0.8243135238621975, 0.9284776068535521, 0.27048835578043245, 0.4257177114794328, 0.3191024719355399, 0.35326905063945657, 0.0, 0.20404055562675846, 0.08729163665262961, 0.19012919763650146], [1.0632856837514355, 1.005923319999174, 0.8798001342136119, 0.7701229745377615, 0.6816849272589208, 0.7770583200609583, 0.8649945550684468, 0.937135655980927, 1.0127297294439086, 0.5192733918022685, 0.5840433857351927, 0.6822196412369534, 0.7787734474647937, 0.28547532035777823, 0.2831413869100363, 0.3262956648182522, 0.4598173411061221, 0.20404055562675846, 0.0, 0.19799369293455496, 0.3651905117090012], [0.8675639902162331, 0.8194978268378991, 0.7440712193442641, 0.7016250108200367, 0.6706121934129174, 0.7171126563086703, 0.8922589219473955, 1.009052355491683, 1.1135847413154356, 0.4596968010455229, 0.6396472041592769, 0.7595086439459974, 0.8677344914402867, 0.19287716819726464, 0.36738560665694003, 0.23627235341669542, 0.28892991174408167, 0.08729163665262961, 0.19799369293455496, 0.0, 0.1677723147978461], [0.7005900720616753, 0.6741056515347869, 0.6677295330655854, 0.6986917588433655, 0.7192988640264144, 0.7211906102791887, 0.9606002418859143, 1.106292318230942, 1.2283996775613837, 0.4859787687871651, 0.7381370387950177, 0.8683511602407631, 0.9804474869398742, 0.2560170865256255, 0.5006436105885028, 0.2856519665038979, 0.2055185793359852, 0.19012919763650146, 0.3651905117090012, 0.1677723147978461, 0.0]]