[[0.0, 0.3668796541992149, 0.7818570866440013, 1.0979356888736447, 1.3177771763675965, 1.0693794726674979, 1.4261079350651704, 1.5964408206058642, 1.72210532371838, 1.0, 1.3073975171001708, 1.0482418461497003, 0.8931801577269092, 0.9177063098932661, 1.1552571198104573, 0.8413384322030382, 0.6892295116542714, 0.857620581571839, 1.0166886363381957, 0.7953836699875453, 0.6735138080352705], [0.3668796541992149, 0.0, 0.4567229827226257, 0.8141065723010722, 1.0651497412410302, 0.8015421826612292, 1.1586349711297745, 1.335903103069185, 1.4715578639085638, 0.8014672251869769, 1.1016270989315196, 0.83452480157562, 0.6823414805783783, 0.8071512722643891, 1.0090004241545811, 0.6939010032904791, 0.5638527216860068, 0.8599910596341154, 0.9587419685757361, 0.7383426863547387, 0.6326662135988859], [0.7818570866440013, 0.4567229827226257, 0.0, 0.37331502747938516, 0.6410299071587804, 0.3779928203035863, 0.7191982798661081, 0.8975944700357792, 1.037659390325623, 0.4720034598824545, 0.7231058993093198, 0.4770984621160054, 0.36719128318479105, 0.603818093592363, 0.714347857946186, 0.47547151808169624, 0.4435640846540218, 0.792247014743163, 0.7897571077674855, 0.6318145941487807, 0.5914085830064302], [1.0979356888736447, 0.8141065723010722, 0.37331502747938516, 0.0, 0.27316353136063337, 0.07517601226032788, 0.3476901417312071, 0.5255823263414426, 0.6650095173145629, 0.2946736610421189, 0.3981792780326911, 0.2543455180529478, 0.29499105299268685, 0.5253455730395993, 0.4947276764618127, 0.4441118024019877, 0.5284655657242313, 0.7859175319900958, 0.6899577808998609, 0.6389820396280409, 0.6693294452497736], [1.3177771763675965, 1.0651497412410302, 0.6410299071587804, 0.27316353136063337, 0.0, 0.2706011348641403, 0.1359386613759497, 0.2839386601272647, 0.41129005414378633, 0.3549024838918022, 0.20630110571991694, 0.29892999524912506, 0.435211780242858, 0.5653408630021733, 0.4139418822260752, 0.5431034596698374, 0.6738393897153939, 0.8281483947570609, 0.6759712929255751, 0.7138848553069808, 0.7840737882751968], [1.0693794726674979, 0.8015421826612292, 0.3779928203035863, 0.07517601226032788, 0.2706011348641403, 0.0, 0.3594595101094836, 0.5352672444643126, 0.6704832369709308, 0.22726753789421575, 0.35983846090223665, 0.1896816566216003, 0.23522061501550634, 0.45943907840621373, 0.43383164748222586, 0.3814092356613509, 0.47431985524800113, 0.7216432236888148, 0.6241893657729719, 0.5762605211514681, 0.6116711459049393], [1.4261079350651704, 1.1586349711297745, 0.7191982798661081, 0.3476901417312071, 0.1359386613759497, 0.3594595101094836, 0.0, 0.17894292473874984, 0.3205014396507338, 0.47459544973064494, 0.290252854711311, 0.4160337828447329, 0.5505897131922256, 0.6869667133767956, 0.5226929963030416, 0.6637838597216534, 0.7930932312990145, 0.9496389198606839, 0.7921380959575179, 0.8362919854683285, 0.906543513073457], [1.5964408206058642, 1.335903103069185, 0.8975944700357792, 0.5255823263414426, 0.2839386601272647, 0.5352672444643126, 0.17894292473874984, 0.0, 0.14440742917917285, 0.6222101667599621, 0.36859926868234405, 0.5649154373334886, 0.7108529097302068, 0.8126727402846483, 0.612648989469767, 0.8091514617825607, 0.9475065521542878, 1.0641376189289624, 0.8889111671246366, 0.9670911166598473, 1.0491616127093055], [1.72210532371838, 1.4715578639085638, 1.037659390325623, 0.6650095173145629, 0.41129005414378633, 0.6704832369709308, 0.3205014396507338, 0.14440742917917285, 0.0, 0.7337371225972739, 0.4502445502492266, 0.6794437576356072, 0.8310558699080914, 0.9040832903598398, 0.6842188917740337, 0.9161018803057793, 1.0601302726771578, 1.1427609430150873, 0.9567681307164899, 1.0602305493254993, 1.1509186814232764], [1.0, 0.8014672251869769, 0.4720034598824545, 0.2946736610421189, 0.3549024838918022, 0.22726753789421575, 0.47459544973064494, 0.6222101667599621, 0.7337371225972739, 0.0, 0.30880849900967555, 0.07584985588616634, 0.12239661973603941, 0.23630919556860452, 0.24423956354475237, 0.1916636880616843, 0.3273361068561627, 0.5032880140846832, 0.3972600624806242, 0.37037991753196875, 0.43251365729886065], [1.3073975171001708, 1.1016270989315196, 0.7231058993093198, 0.3981792780326911, 0.20630110571991694, 0.35983846090223665, 0.290252854711311, 0.36859926868234405, 0.4502445502492266, 0.30880849900967555, 0.0, 0.26771676704720987, 0.4228365202247252, 0.4545023059476492, 0.2451680721233771, 0.4764472970134123, 0.6261812284731115, 0.6976560243843507, 0.5211694328581205, 0.6107361040775967, 0.7043113783217863], [1.0482418461497003, 0.83452480157562, 0.4770984621160054, 0.2543455180529478, 0.29892999524912506, 0.1896816566216003, 0.4160337828447329, 0.5649154373334886, 0.6794437576356072, 0.07584985588616634, 0.26771676704720987, 0.0, 0.15677789025932629, 0.2969559045350661, 0.2576747093885059, 0.2503908267432505, 0.38435493036076046, 0.5632026248229621, 0.4460708115282752, 0.4306844306364713, 0.49395525340316404], [0.8931801577269092, 0.6823414805783783, 0.36719128318479105, 0.29499105299268685, 0.435211780242858, 0.23522061501550634, 0.5505897131922256, 0.7108529097302068, 0.8310558699080914, 0.12239661973603941, 0.4228365202247252, 0.15677789025932629, 0.0, 0.26476064413847, 0.3530637019999831, 0.15864071054367512, 0.2486661290269351, 0.5071906899945926, 0.44696134033812335, 0.35308933853266405, 0.38202581782250866], [0.9177063098932661, 0.8071512722643891, 0.603818093592363, 0.5253455730395993, 0.5653408630021733, 0.45943907840621373, 0.6869667133767956, 0.8126727402846483, 0.9040832903598398, 0.23630919556860452, 0.4545023059476492, 0.2969559045350661, 0.26476064413847, 0.0, 0.24541872878323978, 0.1326451070219619, 0.24558445215817543, 0.2681750345104082, 0.18721666982591864, 0.15909977062563466, 0.26113606256487154], [1.1552571198104573, 1.0090004241545811, 0.714347857946186, 0.4947276764618127, 0.4139418822260752, 0.43383164748222586, 0.5226929963030416, 0.612648989469767, 0.6842188917740337, 0.24423956354475237, 0.2451680721233771, 0.2576747093885059, 0.3530637019999831, 0.24541872878323978, 0.0, 0.3202901755633547, 0.46893587103520334, 0.4592564206031052, 0.27653264398101507, 0.39576863813558383, 0.5053433786971513], [0.8413384322030382, 0.6939010032904791, 0.47547151808169624, 0.4441118024019877, 0.5431034596698374, 0.3814092356613509, 0.6637838597216534, 0.8091514617825607, 0.9161018803057793, 0.1916636880616843, 0.4764472970134123, 0.2503908267432505, 0.15864071054367512, 0.1326451070219619, 0.3202901755633547, 0.0, 0.15296949892160128, 0.35241587936471985, 0.3159930414995641, 0.19720945301215603, 0.2442105652390922], [0.6892295116542714, 0.5638527216860068, 0.4435640846540218, 0.5284655657242313, 0.6738393897153939, 0.47431985524800113, 0.7930932312990145, 0.9475065521542878, 1.0601302726771578, 0.3273361068561627, 0.6261812284731115, 0.38435493036076046, 0.2486661290269351, 0.24558445215817543, 0.46893587103520334, 0.15296949892160128, 0.0, 0.3535496223700229, 0.4003050631288015, 0.1980393563430226, 0.15455164360702459], [0.857620581571839, 0.8599910596341154, 0.792247014743163, 0.7859175319900958, 0.8281483947570609, 0.7216432236888148, 0.9496389198606839, 1.0641376189289624, 1.1427609430150873, 0.5032880140846832, 0.6976560243843507, 0.5632026248229621, 0.5071906899945926, 0.2681750345104082, 0.4592564206031052, 0.35241587936471985, 0.3535496223700229, 0.0, 0.20214796125845727, 0.16380440465873164, 0.23037306092236842], [1.0166886363381957, 0.9587419685757361, 0.7897571077674855, 0.6899577808998609, 0.6759712929255751, 0.6241893657729719, 0.7921380959575179, 0.8889111671246366, 0.9567681307164899, 0.3972600624806242, 0.5211694328581205, 0.4460708115282752, 0.44696134033812335, 0.18721666982591864, 0.27653264398101507, 0.3159930414995641, 0.4003050631288015, 0.20214796125845727, 0.0, 0.2261187934587336, 0.34631300538472], [0.7953836699875453, 0.7383426863547387, 0.6318145941487807, 0.6389820396280409, 0.7138848553069808, 0.5762605211514681, 0.8362919854683285, 0.9670911166598473, 1.0602305493254993, 0.37037991753196875, 0.6107361040775967, 0.4306844306364713, 0.35308933853266405, 0.15909977062563466, 0.39576863813558383, 0.19720945301215603, 0.1980393563430226, 0.16380440465873164, 0.2261187934587336, 0.0, 0.1225963095799476], [0.6735138080352705, 0.6326662135988859, 0.5914085830064302, 0.6693294452497736, 0.7840737882751968, 0.6116711459049393, 0.906543513073457, 1.0491616127093055, 1.1509186814232764, 0.43251365729886065, 0.7043113783217863, 0.49395525340316404, 0.38202581782250866, 0.26113606256487154, 0.5053433786971513, 0.2442105652390922, 0.15455164360702459, 0.23037306092236842, 0.34631300538472, 0.1225963095799476, 0.0]]