[[0.0, 0.30687769631989176, 0.5981520028506978, 0.7925612385857785, 0.9115193235768612, 1.01926201993666, 1.4529951834883013, 1.7109149907614047, 1.9227643659607494, 1.0, 1.471498161831826, 1.7723052349058959, 2.0147084475318113, 0.9218496615467962, 1.2007984925496928, 0.9558058678517203, 0.7576097689563526, 0.827367744589268, 1.0631477962753124, 0.9128542616801008, 0.7505169737480948], [0.30687769631989176, 0.0, 0.32933723673505083, 0.5783233875880078, 0.7563736426112639, 0.8313704306085177, 1.2727238421061111, 1.5357678019261458, 1.7539150727791688, 0.8618406122156703, 1.3243114039046904, 1.6231393809064516, 1.866059097178385, 0.8462963058784991, 1.104322780997152, 0.8457381059451748, 0.6415609817151511, 0.832671267060508, 1.0275835988681856, 0.8595226650127035, 0.692825474274009], [0.5981520028506978, 0.32933723673505083, 0.0, 0.27726660994135804, 0.4968185659087005, 0.5353284966179992, 0.9690187351825824, 1.231542591515786, 1.4511660426357167, 0.6092988438063826, 1.0425476966970448, 1.3343125498063626, 1.5746389415183435, 0.6606938037232594, 0.8747586178282785, 0.6233942286810974, 0.4448270629383429, 0.7368505770977193, 0.8648074724237068, 0.6964658560338358, 0.5534084343632053], [0.7925612385857785, 0.5783233875880078, 0.27726660994135804, 0.0, 0.2374598378679408, 0.2613420864551907, 0.6981194039493461, 0.9610613181333525, 1.1800376551499916, 0.34845319114263495, 0.7668112401507272, 1.0589946031864397, 1.2998547106274452, 0.45050376270751, 0.6182162225768265, 0.38463912273346035, 0.26655151667642246, 0.5986705865788658, 0.6560529659554036, 0.5026236623490166, 0.4073811531305121], [0.9115193235768612, 0.7563736426112639, 0.4968185659087005, 0.2374598378679408, 0.0, 0.15237611842502793, 0.5476345657149366, 0.8035585722587265, 1.016022341627657, 0.1315918202673992, 0.5754462276388822, 0.874311014685823, 1.1171525635940762, 0.25212260999036484, 0.3901456313901359, 0.1697987047722864, 0.18337190399214226, 0.45370201849412356, 0.4457235594639257, 0.3168149164189375, 0.2937589841666786], [1.01926201993666, 0.8313704306085177, 0.5353284966179992, 0.2613420864551907, 0.15237611842502793, 0.0, 0.4416521341673053, 0.7045367080253498, 0.9227119054135993, 0.17768659003088352, 0.5086608786287695, 0.7992491875972486, 1.0401936692083777, 0.3703039745909594, 0.4178011768572918, 0.2691143389394852, 0.317339073786888, 0.5890209748554922, 0.5418117247582619, 0.4382191426045714, 0.43455072553756274], [1.4529951834883013, 1.2727238421061111, 0.9690187351825824, 0.6981194039493461, 0.5476345657149366, 0.4416521341673053, 0.0, 0.26323472815508314, 0.4824114135972946, 0.47117093830876916, 0.17998862001324806, 0.3827364034952677, 0.6125699494835273, 0.635570057694264, 0.43932610423662, 0.5478816668615837, 0.709510237784257, 0.862464076409671, 0.6840126673897774, 0.6898138738679607, 0.7783879130376665], [1.7109149907614047, 1.5357678019261458, 1.231542591515786, 0.9610613181333525, 0.8035585722587265, 0.7045367080253498, 0.26323472815508314, 0.0, 0.21984703151447463, 0.7175696157449072, 0.278266927324278, 0.18207630422438043, 0.3658049824349209, 0.8582141248192898, 0.6147251146919995, 0.7831185273749844, 0.9603450835953146, 1.0714008137376687, 0.8602938647015941, 0.9039167883818803, 1.0143674900722575], [1.9227643659607494, 1.7539150727791688, 1.4511660426357167, 1.1800376551499916, 1.016022341627657, 0.9227119054135993, 0.4824114135972946, 0.21984703151447463, 0.0, 0.9247344868352271, 0.46161682987391195, 0.1939448180022324, 0.17838166983852993, 1.0494546221918604, 0.7876219974024263, 0.9829435883002027, 1.1683065457955197, 1.2504883938311435, 1.0231577706626833, 1.0890617530070983, 1.2119358262612863], [1.0, 0.8618406122156703, 0.6092988438063826, 0.34845319114263495, 0.1315918202673992, 0.17768659003088352, 0.47117093830876916, 0.7175696157449072, 0.9247344868352271, 0.0, 0.47193615906433545, 0.7731219204877295, 1.0161506492381776, 0.20311605985866307, 0.27120064694672236, 0.10278189133385646, 0.24477503239283727, 0.43385134299663447, 0.3643717654175775, 0.2720037275994223, 0.3130364404387027], [1.471498161831826, 1.3243114039046904, 1.0425476966970448, 0.7668112401507272, 0.5754462276388822, 0.5086608786287695, 0.17998862001324806, 0.278266927324278, 0.46161682987391195, 0.47193615906433545, 0.0, 0.3013497299451012, 0.5445983437257168, 0.5883424198045865, 0.3372552891726886, 0.5234205038855295, 0.7145434895559468, 0.7952120082211878, 0.5829582903640862, 0.6304969202751045, 0.7511653155636896], [1.7723052349058959, 1.6231393809064516, 1.3343125498063626, 1.0589946031864397, 0.874311014685823, 0.7992491875972486, 0.3827364034952677, 0.18207630422438043, 0.1939448180022324, 0.7731219204877295, 0.3013497299451012, 0.0, 0.24345485597687488, 0.8782172833907355, 0.6077715774151248, 0.8209750787470849, 1.0151116997417244, 1.0696437328383102, 0.8366057815046416, 0.9131730572168577, 1.045277031329742], [2.0147084475318113, 1.866059097178385, 1.5746389415183435, 1.2998547106274452, 1.1171525635940762, 1.0401936692083777, 0.6125699494835273, 0.3658049824349209, 0.17838166983852993, 1.0161506492381776, 0.5445983437257168, 0.24345485597687488, 0.0, 1.1145134767559959, 0.8387944670389627, 1.06161238285757, 1.2575377271148256, 1.2963472929913566, 1.0554618003925964, 1.1455740190451456, 1.2833452313355789], [0.9218496615467962, 0.8462963058784991, 0.6606938037232594, 0.45050376270751, 0.25212260999036484, 0.3703039745909594, 0.635570057694264, 0.8582141248192898, 1.0494546221918604, 0.20311605985866307, 0.5883424198045865, 0.8782172833907355, 1.1145134767559959, 0.0, 0.28132999018179583, 0.11184861739406264, 0.2188004810860207, 0.23400148374818053, 0.20782255070488148, 0.0778035462104493, 0.17398043878192834], [1.2007984925496928, 1.104322780997152, 0.8747586178282785, 0.6182162225768265, 0.3901456313901359, 0.4178011768572918, 0.43932610423662, 0.6147251146919995, 0.7876219974024263, 0.27120064694672236, 0.3372552891726886, 0.6077715774151248, 0.8387944670389627, 0.28132999018179583, 0.0, 0.25927505216771246, 0.46353082562545084, 0.4638026275087545, 0.24871620982364814, 0.3073979025664106, 0.45307835405201224], [0.9558058678517203, 0.8457381059451748, 0.6233942286810974, 0.38463912273346035, 0.1697987047722864, 0.2691143389394852, 0.5478816668615837, 0.7831185273749844, 0.9829435883002027, 0.10278189133385646, 0.5234205038855295, 0.8209750787470849, 1.06161238285757, 0.11184861739406264, 0.25927505216771246, 0.0, 0.20550347937628247, 0.3402186031508387, 0.28411584968003895, 0.17396283530408227, 0.2323136115476477], [0.7576097689563526, 0.6415609817151511, 0.4448270629383429, 0.26655151667642246, 0.18337190399214226, 0.317339073786888, 0.709510237784257, 0.9603450835953146, 1.1683065457955197, 0.24477503239283727, 0.7145434895559468, 1.0151116997417244, 1.2575377271148256, 0.2188004810860207, 0.46353082562545084, 0.20550347937628247, 0.0, 0.33659469227032096, 0.42136426981862135, 0.25410739588482256, 0.1454335939396155], [0.827367744589268, 0.832671267060508, 0.7368505770977193, 0.5986705865788658, 0.45370201849412356, 0.5890209748554922, 0.862464076409671, 1.0714008137376687, 1.2504883938311435, 0.43385134299663447, 0.7952120082211878, 1.0696437328383102, 1.2963472929913566, 0.23400148374818053, 0.4638026275087545, 0.3402186031508387, 0.33659469227032096, 0.0, 0.2525270523888636, 0.17937225020370462, 0.19928825420449198], [1.0631477962753124, 1.0275835988681856, 0.8648074724237068, 0.6560529659554036, 0.4457235594639257, 0.5418117247582619, 0.6840126673897774, 0.8602938647015941, 1.0231577706626833, 0.3643717654175775, 0.5829582903640862, 0.8366057815046416, 1.0554618003925964, 0.20782255070488148, 0.24871620982364814, 0.28411584968003895, 0.42136426981862135, 0.2525270523888636, 0.0, 0.17142056062912953, 0.3360032399300871], [0.9128542616801008, 0.8595226650127035, 0.6964658560338358, 0.5026236623490166, 0.3168149164189375, 0.4382191426045714, 0.6898138738679607, 0.9039167883818803, 1.0890617530070983, 0.2720037275994223, 0.6304969202751045, 0.9131730572168577, 1.1455740190451456, 0.0778035462104493, 0.3073979025664106, 0.17396283530408227, 0.25410739588482256, 0.17937225020370462, 0.17142056062912953, 0.0, 0.1686022386301403], [0.7505169737480948, 0.692825474274009, 0.5534084343632053, 0.4073811531305121, 0.2937589841666786, 0.43455072553756274, 0.7783879130376665, 1.0143674900722575, 1.2119358262612863, 0.3130364404387027, 0.7511653155636896, 1.045277031329742, 1.2833452313355789, 0.17398043878192834, 0.45307835405201224, 0.2323136115476477, 0.1454335939396155, 0.19928825420449198, 0.3360032399300871, 0.1686022386301403, 0.0]]