[[0.0, 0.37041939401802326, 0.6579690143756334, 0.8543956059342939, 0.9590630839400275, 1.032019599361485, 1.4945747811554586, 1.7596686239487098, 1.9854500919421008, 1.0, 1.4743830895177337, 1.7868669744717014, 2.0485010946073423, 0.9205911340291848, 1.1928855837611172, 0.9308718121788802, 0.7381979466464348, 0.8201536242382812, 1.027892865783927, 0.8477617663070534, 0.6794774117176118], [0.37041939401802326, 0.0, 0.3427767838626679, 0.613595056838903, 0.7919309307218485, 0.7569445506248753, 1.2264848137835265, 1.4972775722268086, 1.7299002000125514, 0.787642053334073, 1.250231578821717, 1.5654417833963643, 1.8287366321501155, 0.7953490634152159, 1.04647309326432, 0.7788089751206926, 0.5836409252262373, 0.7978461019136242, 0.9469051683152265, 0.7498715394042762, 0.5962740787893919], [0.6579690143756334, 0.3427767838626679, 0.0, 0.3004366869794708, 0.5211833087298093, 0.4172951305930447, 0.8850690966376267, 1.1559790338544873, 1.3891441410205168, 0.48069675246628807, 0.9213869731738912, 1.2343827384249912, 1.4965830437066736, 0.5614585676773507, 0.7708825854785992, 0.5228598989752414, 0.3658883015906141, 0.6608953109508644, 0.7336355481091865, 0.5498898094605235, 0.45113767595075493], [0.8543956059342939, 0.613595056838903, 0.3004366869794708, 0.0, 0.24117278121168806, 0.1951078681942383, 0.6412152280257283, 0.9064209565308853, 1.1340138236186688, 0.18265826461727194, 0.6384772788515768, 0.9540396369325929, 1.2174653741948949, 0.3125482213326536, 0.4765410893141198, 0.2562568547513618, 0.20737847432779755, 0.4955598725356502, 0.4842204440367252, 0.3401552320941697, 0.33963443324419423], [0.9590630839400275, 0.7919309307218485, 0.5211833087298093, 0.24117278121168806, 0.0, 0.32316236825839917, 0.6134677036357009, 0.8484554229746197, 1.0572023097286631, 0.12835543317216308, 0.5315702924903358, 0.8351439980676225, 1.0938227800531672, 0.11230905530072331, 0.2590261282031183, 0.06284478311053615, 0.22403468284833847, 0.34917050537703687, 0.2613446005303292, 0.18873883299087857, 0.305116063787905], [1.032019599361485, 0.7569445506248753, 0.4172951305930447, 0.1951078681942383, 0.32316236825839917, 0.0, 0.4702137681566178, 0.7406729548606452, 0.9730992059920419, 0.20086177743057074, 0.5144311460263384, 0.8221892453882602, 1.0827723399068028, 0.4262171918986328, 0.4845191646822361, 0.36099980730896447, 0.3900188811509993, 0.6480647844324546, 0.5774908157903389, 0.4836223850572402, 0.5221097571574027], [1.4945747811554586, 1.2264848137835265, 0.8850690966376267, 0.6412152280257283, 0.6134677036357009, 0.4702137681566178, 0.0, 0.27102041617403105, 0.5047148043216001, 0.5187015810340241, 0.21671894467010275, 0.40606782721567763, 0.6452032805419442, 0.7093595927459865, 0.5499198571944749, 0.6566714802831218, 0.792629604814899, 0.9477839136173191, 0.7700301151774098, 0.7952897035926172, 0.9064209218972284], [1.7596686239487098, 1.4972775722268086, 1.1559790338544873, 0.9064209565308853, 0.8484554229746197, 0.7406729548606452, 0.27102041617403105, 0.0, 0.23431796412271255, 0.7697401128236246, 0.33666371402448775, 0.24630953971273925, 0.4118733262059787, 0.9334330416750598, 0.7233751410849255, 0.889029136410925, 1.044486156273689, 1.1614606274159232, 0.9587491220987561, 1.0217587596474638, 1.1495614048655813], [1.9854500919421008, 1.7299002000125514, 1.3891441410205168, 1.1340138236186688, 1.0572023097286631, 0.9730992059920419, 0.5047148043216001, 0.23431796412271255, 0.0, 0.9891560117403445, 0.528154898852617, 0.2799975806499268, 0.2528355221018846, 1.1339921140453422, 0.9001033032639569, 1.095526283812009, 1.2618817047238944, 1.3514487759555158, 1.136162184778139, 1.2224278461072173, 1.360077063057946], [1.0, 0.787642053334073, 0.48069675246628807, 0.18265826461727194, 0.12835543317216308, 0.20086177743057074, 0.5187015810340241, 0.7697401128236246, 0.9891560117403445, 0.0, 0.47493578900021594, 0.7893163574328312, 1.052361266685988, 0.23396834858236445, 0.30731050875404553, 0.17009284646366088, 0.2756000496046153, 0.46933399527685965, 0.37723733872226034, 0.3046817440889875, 0.3894616992411219], [1.4743830895177337, 1.250231578821717, 0.9213869731738912, 0.6384772788515768, 0.5315702924903358, 0.5144311460263384, 0.21671894467010275, 0.33666371402448775, 0.528154898852617, 0.47493578900021594, 0.0, 0.3158511587846006, 0.5793633247756882, 0.6062092040928321, 0.38770015780458683, 0.5683644901811916, 0.7411728932727613, 0.8279053453601803, 0.6227541835725059, 0.694826474865157, 0.8336477744433245], [1.7868669744717014, 1.5654417833963643, 1.2343827384249912, 0.9540396369325929, 0.8351439980676225, 0.8221892453882602, 0.40606782721567763, 0.24630953971273925, 0.2799975806499268, 0.7893163574328312, 0.3158511587846006, 0.0, 0.26365977213319747, 0.8980371283707507, 0.6457335094532537, 0.8686680814557541, 1.0506544820174946, 1.1008266892031646, 0.8777859269930953, 0.985123931506067, 1.1346262435916072], [2.0485010946073423, 1.8287366321501155, 1.4965830437066736, 1.2174653741948949, 1.0938227800531672, 1.0827723399068028, 0.6452032805419442, 0.4118733262059787, 0.2528355221018846, 1.052361266685988, 0.5793633247756882, 0.26365977213319747, 0.0, 1.1512810325608767, 0.8901051571390809, 1.1258302927217934, 1.3112747236914695, 1.3429201563143165, 1.1147539619122453, 1.2369670827782429, 1.3908385142192339], [0.9205911340291848, 0.7953490634152159, 0.5614585676773507, 0.3125482213326536, 0.11230905530072331, 0.4262171918986328, 0.7093595927459865, 0.9334330416750598, 1.1339921140453422, 0.23396834858236445, 0.6062092040928321, 0.8980371283707507, 1.1512810325608767, 0.0, 0.2728876298624401, 0.07052571021103135, 0.2132798412750902, 0.24194695808917796, 0.1767635762364739, 0.0899555528031253, 0.24403129356938139], [1.1928855837611172, 1.04647309326432, 0.7708825854785992, 0.4765410893141198, 0.2590261282031183, 0.4845191646822361, 0.5499198571944749, 0.7233751410849255, 0.9001033032639569, 0.30731050875404553, 0.38770015780458683, 0.6457335094532537, 0.8901051571390809, 0.2728876298624401, 0.0, 0.2695985005942477, 0.46863967661101524, 0.45570847610850956, 0.23707729018868956, 0.3522507481374433, 0.5157707676929895], [0.9308718121788802, 0.7788089751206926, 0.5228598989752414, 0.2562568547513618, 0.06284478311053615, 0.36099980730896447, 0.6566714802831218, 0.889029136410925, 1.095526283812009, 0.17009284646366088, 0.5683644901811916, 0.8686680814557541, 1.1258302927217934, 0.07052571021103135, 0.2695985005942477, 0.0, 0.19928534536553008, 0.3049250543231379, 0.23059613726324588, 0.1413289519029813, 0.2665492694902217], [0.7381979466464348, 0.5836409252262373, 0.3658883015906141, 0.20737847432779755, 0.22403468284833847, 0.3900188811509993, 0.792629604814899, 1.044486156273689, 1.2618817047238944, 0.2756000496046153, 0.7411728932727613, 1.0506544820174946, 1.3112747236914695, 0.2132798412750902, 0.46863967661101524, 0.19928534536553008, 0.0, 0.3108775417582427, 0.37533851320283285, 0.18580439649784458, 0.13506879432851282], [0.8201536242382812, 0.7978461019136242, 0.6608953109508644, 0.4955598725356502, 0.34917050537703687, 0.6480647844324546, 0.9477839136173191, 1.1614606274159232, 1.3514487759555158, 0.46933399527685965, 0.8279053453601803, 1.1008266892031646, 1.3429201563143165, 0.24194695808917796, 0.45570847610850956, 0.3049250543231379, 0.3108775417582427, 0.0, 0.23228239497705921, 0.16914801228790963, 0.21500146317124058], [1.027892865783927, 0.9469051683152265, 0.7336355481091865, 0.4842204440367252, 0.2613446005303292, 0.5774908157903389, 0.7700301151774098, 0.9587491220987561, 1.136162184778139, 0.37723733872226034, 0.6227541835725059, 0.8777859269930953, 1.1147539619122453, 0.1767635762364739, 0.23707729018868956, 0.23059613726324588, 0.37533851320283285, 0.23228239497705921, 0.0, 0.1975202554895017, 0.3594730507195533], [0.8477617663070534, 0.7498715394042762, 0.5498898094605235, 0.3401552320941697, 0.18873883299087857, 0.4836223850572402, 0.7952897035926172, 1.0217587596474638, 1.2224278461072173, 0.3046817440889875, 0.694826474865157, 0.985123931506067, 1.2369670827782429, 0.0899555528031253, 0.3522507481374433, 0.1413289519029813, 0.18580439649784458, 0.16914801228790963, 0.1975202554895017, 0.0, 0.16912091453121292], [0.6794774117176118, 0.5962740787893919, 0.45113767595075493, 0.33963443324419423, 0.305116063787905, 0.5221097571574027, 0.9064209218972284, 1.1495614048655813, 1.360077063057946, 0.3894616992411219, 0.8336477744433245, 1.1346262435916072, 1.3908385142192339, 0.24403129356938139, 0.5157707676929895, 0.2665492694902217, 0.13506879432851282, 0.21500146317124058, 0.3594730507195533, 0.16912091453121292, 0.0]]