[[0.0, 0.30095128053259396, 0.6285041549183812, 0.8430613410267961, 0.9636755169533013, 1.0259573837341744, 1.5097663689043879, 1.7757170369660034, 1.9903967788849937, 1.0, 1.502298907914354, 1.808669125385612, 2.0592096924375083, 0.9299799982328067, 1.0539412435926159, 0.7809972199036567, 0.600886207007903, 0.8673663164905078, 0.9703779985985492, 0.7744820592934534, 0.6252045243674493], [0.30095128053259396, 0.0, 0.37413942697195757, 0.6512569145044022, 0.8382469313463825, 0.8268524140704225, 1.322888259373404, 1.5948885311582768, 1.8163264506138705, 0.8565747165730834, 1.357433869102587, 1.6633683151115108, 1.9144676333833415, 0.85377676284292, 0.961466248100102, 0.6861164188113892, 0.5063489705726375, 0.8672341406209196, 0.9389362622420374, 0.7393358194204569, 0.6005523917297012], [0.6285041549183812, 0.37413942697195757, 0.0, 0.3130924835995015, 0.5545708234564624, 0.47014820001309326, 0.9633141857675968, 1.2358772530978894, 1.45921378838297, 0.5505711722469006, 1.0259347038493862, 1.3258149314396455, 1.574294258931343, 0.6274097062507018, 0.7026366936249844, 0.46955964921282395, 0.3596056473416447, 0.7335779011147168, 0.755525104920939, 0.5872216718708606, 0.5034304303790968], [0.8430613410267961, 0.6512569145044022, 0.3130924835995015, 0.0, 0.2644656096300715, 0.18507691611547994, 0.6748542365650602, 0.945701436519888, 1.1662075517420394, 0.24548509890971154, 0.7157177339340802, 1.0180442560149665, 1.2678973389103294, 0.38124167638159967, 0.42033886566046363, 0.2787863648896994, 0.3207302215634221, 0.5578028098958397, 0.5309563518613087, 0.4254751965107559, 0.42750595276371794], [0.9636755169533013, 0.8382469313463825, 0.5545708234564624, 0.2644656096300715, 0.0, 0.26725387987027405, 0.5859515160355354, 0.83284928372841, 1.037789454307284, 0.07208764528957456, 0.5412882606738078, 0.8466839714819963, 1.0970258083476458, 0.15683164673849082, 0.1617250182136765, 0.20522757111697568, 0.3785195683206382, 0.37860993403692467, 0.3064648347465086, 0.29781995726816346, 0.3915338006751304], [1.0259573837341744, 0.8268524140704225, 0.47014820001309326, 0.18507691611547994, 0.26725387987027405, 0.0, 0.4962910229273056, 0.7686429841005511, 0.991044802279929, 0.20850135284065904, 0.5660762880293672, 0.8592768377691148, 1.1060517155571317, 0.42087279179056203, 0.4029838749474336, 0.3887844049832409, 0.48515264987858636, 0.6355626118744333, 0.5723459995409529, 0.5279327265547449, 0.5708035141684528], [1.5097663689043879, 1.322888259373404, 0.9633141857675968, 0.6748542365650602, 0.5859515160355354, 0.4962910229273056, 0.0, 0.27267216459259397, 0.49615200487838357, 0.5295446370050937, 0.23897508478491644, 0.4131642158753748, 0.6379623909194171, 0.7013210227425956, 0.5917882086911197, 0.7764951860074575, 0.9295321302232203, 0.9143064880410781, 0.7978200254954766, 0.8725976587200951, 0.9747691166693212], [1.7757170369660034, 1.5948885311582768, 1.2358772530978894, 0.945701436519888, 0.83284928372841, 0.7686429841005511, 0.27267216459259397, 0.0, 0.22421412924065032, 0.7831581103926158, 0.3387928473127151, 0.2466057192916245, 0.40014697150288014, 0.9279138457091731, 0.8062019229703814, 1.024148692783082, 1.1858932422780746, 1.1240523340343158, 0.998849260998998, 1.105026211456094, 1.2202060020879397], [1.9903967788849937, 1.8163264506138705, 1.45921378838297, 1.1662075517420394, 1.037789454307284, 0.991044802279929, 0.49615200487838357, 0.22421412924065032, 0.0, 0.9926808768075857, 0.5116485813528643, 0.26576029117014666, 0.2400050196555346, 1.1192621615962515, 0.9931737877405337, 1.228177148016669, 1.395368902781573, 1.3013574614428283, 1.1729274983702749, 1.2976507589429667, 1.420600602536778], [1.0, 0.8565747165730834, 0.5505711722469006, 0.24548509890971154, 0.07208764528957456, 0.20850135284065904, 0.5295446370050937, 0.7831581103926158, 0.9926808768075857, 0.0, 0.5050369004204046, 0.8122789186219971, 1.0637261655778985, 0.221303984603737, 0.19760576511265396, 0.2549381791482576, 0.41511330868699015, 0.44499314658137296, 0.36815479635106796, 0.3618013479258239, 0.44688712253877183], [1.502298907914354, 1.357433869102587, 1.0259347038493862, 0.7157177339340802, 0.5412882606738078, 0.5660762880293672, 0.23897508478491644, 0.3387928473127151, 0.5116485813528643, 0.5050369004204046, 0.0, 0.3073730997599413, 0.5588611351329432, 0.6088675703066572, 0.48297743618437705, 0.7286881614811661, 0.9055685783008011, 0.7920371995305726, 0.6650331864334735, 0.78752963125342, 0.9140822767173213], [1.808669125385612, 1.6633683151115108, 1.3258149314396455, 1.0180442560149665, 0.8466839714819963, 0.8592768377691148, 0.4131642158753748, 0.2466057192916245, 0.26576029117014666, 0.8122789186219971, 0.3073730997599413, 0.0, 0.2515797365422692, 0.9034464162667467, 0.7750045085023182, 1.0312904159631597, 1.208392839735299, 1.067038865546745, 0.9373826143742723, 1.0806081726402335, 1.2133528075897493], [2.0592096924375083, 1.9144676333833415, 1.574294258931343, 1.2678973389103294, 1.0970258083476458, 1.1060517155571317, 0.6379623909194171, 0.40014697150288014, 0.2400050196555346, 1.0637261655778985, 0.5588611351329432, 0.2515797365422692, 0.0, 1.148359018272109, 1.019692723114305, 1.2804928831957247, 1.4586620770434957, 1.3009385777701388, 1.1713229445384414, 1.3240114611574947, 1.4597527827083447], [0.9299799982328067, 0.85377676284292, 0.6274097062507018, 0.38124167638159967, 0.15683164673849082, 0.42087279179056203, 0.7013210227425956, 0.9279138457091731, 1.1192621615962515, 0.221303984603737, 0.6088675703066572, 0.9034464162667467, 1.148359018272109, 0.0, 0.13098209983182063, 0.180251907373811, 0.3626892600228886, 0.2257938622144007, 0.1548227716797489, 0.18012283095254691, 0.31288554161674076], [1.0539412435926159, 0.961466248100102, 0.7026366936249844, 0.42033886566046363, 0.1617250182136765, 0.4029838749474336, 0.5917882086911197, 0.8062019229703814, 0.9931737877405337, 0.19760576511265396, 0.48297743618437705, 0.7750045085023182, 1.019692723114305, 0.13098209983182063, 0.0, 0.28152864111681253, 0.4695477223475439, 0.32530502770704744, 0.2116482371859555, 0.3065106697662111, 0.4410158706677466], [0.7809972199036567, 0.6861164188113892, 0.46955964921282395, 0.2787863648896994, 0.20522757111697568, 0.3887844049832409, 0.7764951860074575, 1.024148692783082, 1.228177148016669, 0.2549381791482576, 0.7286881614811661, 1.0312904159631597, 1.2804928831957247, 0.180251907373811, 0.28152864111681253, 0.0, 0.18823766985985482, 0.29635183983147717, 0.2954546191856042, 0.15881786427098332, 0.20438507572325507], [0.600886207007903, 0.5063489705726375, 0.3596056473416447, 0.3207302215634221, 0.3785195683206382, 0.48515264987858636, 0.9295321302232203, 1.1858932422780746, 1.395368902781573, 0.41511330868699015, 0.9055685783008011, 1.208392839735299, 1.4586620770434957, 0.3626892600228886, 0.4695477223475439, 0.18823766985985482, 0.0, 0.40200240089064687, 0.4500734614640311, 0.25979294606921477, 0.1627736512539584], [0.8673663164905078, 0.8672341406209196, 0.7335779011147168, 0.5578028098958397, 0.37860993403692467, 0.6355626118744333, 0.9143064880410781, 1.1240523340343158, 1.3013574614428283, 0.44499314658137296, 0.7920371995305726, 1.067038865546745, 1.3009385777701388, 0.2257938622144007, 0.32530502770704744, 0.29635183983147717, 0.40200240089064687, 0.0, 0.13160356888501037, 0.1494843776596901, 0.26741788677317635], [0.9703779985985492, 0.9389362622420374, 0.755525104920939, 0.5309563518613087, 0.3064648347465086, 0.5723459995409529, 0.7978200254954766, 0.998849260998998, 1.1729274983702749, 0.36815479635106796, 0.6650331864334735, 0.9373826143742723, 1.1713229445384414, 0.1548227716797489, 0.2116482371859555, 0.2954546191856042, 0.4500734614640311, 0.13160356888501037, 0.0, 0.20138046232630757, 0.3492761636604221], [0.7744820592934534, 0.7393358194204569, 0.5872216718708606, 0.4254751965107559, 0.29781995726816346, 0.5279327265547449, 0.8725976587200951, 1.105026211456094, 1.2976507589429667, 0.3618013479258239, 0.78752963125342, 1.0806081726402335, 1.3240114611574947, 0.18012283095254691, 0.3065106697662111, 0.15881786427098332, 0.25979294606921477, 0.1494843776596901, 0.20138046232630757, 0.0, 0.1498203299459321], [0.6252045243674493, 0.6005523917297012, 0.5034304303790968, 0.42750595276371794, 0.3915338006751304, 0.5708035141684528, 0.9747691166693212, 1.2202060020879397, 1.420600602536778, 0.44688712253877183, 0.9140822767173213, 1.2133528075897493, 1.4597527827083447, 0.31288554161674076, 0.4410158706677466, 0.20438507572325507, 0.1627736512539584, 0.26741788677317635, 0.3492761636604221, 0.1498203299459321, 0.0]]