[[0.0, 0.22342082593597226, 0.5197249984580672, 0.757691817110448, 0.9376928513366256, 1.0263209439209309, 1.4484703198276716, 1.7243493023187426, 1.939699849133145, 1.0, 1.4470114735077715, 1.7308296373665413, 1.9772306025593462, 0.9503939204393721, 1.3566911775701904, 1.612419836791353, 1.8284300350994669, 0.9078649795654486, 1.1308173001672057, 1.1876735398960614, 1.2116504080270794], [0.22342082593597226, 0.0, 0.3417234001190058, 0.635279895741055, 0.8520249879426074, 0.8346780665498832, 1.262277047208074, 1.5419842983795535, 1.7607784714926615, 0.8353128535970759, 1.2809425620048764, 1.5666773118640651, 1.8135572382830663, 0.8217682873928811, 1.217420731533318, 1.4692523468597096, 1.6817136427272785, 0.8257000892302752, 1.0365990491587092, 1.0883708001223757, 1.1078082516606331], [0.5197249984580672, 0.3417234001190058, 0.0, 0.32506476135083484, 0.5663566887694865, 0.5206705356102049, 0.9377467379645229, 1.213248515515259, 1.4292062137695358, 0.5009615460984139, 0.9444887080008959, 1.2290507880920578, 1.4755008652932522, 0.49837854454666364, 0.8824622058554011, 1.1318632836542708, 1.3431142229806026, 0.5452097437904824, 0.7340956082367904, 0.7807924649608496, 0.7970580832266149], [0.757691817110448, 0.635279895741055, 0.32506476135083484, 0.0, 0.2465368478577634, 0.4661671194019002, 0.7914918419470822, 1.0382547320840634, 1.2370765566340858, 0.3267685924677189, 0.7318519000462929, 1.002888753060291, 1.2442355710998998, 0.21475806820163387, 0.6103464544462736, 0.8641089748871237, 1.0800442666510301, 0.23553563210769188, 0.4146114542003537, 0.4631520885020211, 0.4821420004247182], [0.9376928513366256, 0.8520249879426074, 0.5663566887694865, 0.2465368478577634, 0.0, 0.6058028522867501, 0.8158229259660206, 1.0177056051876443, 1.190532700759273, 0.41854110590162186, 0.6954379978446203, 0.9306512610433295, 1.1561775157215965, 0.21989930856876772, 0.5072759130550003, 0.7469375174284781, 0.9594369828058403, 0.05860848058715217, 0.204781845787796, 0.2622675509212756, 0.2926961401607138], [1.0263209439209309, 0.8346780665498832, 0.5206705356102049, 0.4661671194019002, 0.6058028522867501, 0.0, 0.4302849702251387, 0.7125806306110363, 0.9344049893222564, 0.19526101912802868, 0.4941352813891867, 0.7720569319505322, 1.014071229581627, 0.39049093387839484, 0.545880231370169, 0.7473931757209153, 0.9332459516132974, 0.596531386995079, 0.631051037447858, 0.6456242147992342, 0.6477667497055607], [1.4484703198276716, 1.262277047208074, 0.9377467379645229, 0.7914918419470822, 0.8158229259660206, 0.4302849702251387, 0.0, 0.282898471362247, 0.505730637983793, 0.4729563404411556, 0.20865927825110142, 0.38920032820201855, 0.6099627106925563, 0.6259942343564974, 0.4301814464651093, 0.4764861663110991, 0.5944512821159882, 0.8244284666318535, 0.7257882406099607, 0.6992631821567968, 0.6833231558109252], [1.7243493023187426, 1.5419842983795535, 1.213248515515259, 1.0382547320840634, 1.0177056051876443, 0.7125806306110363, 0.282898471362247, 0.0, 0.2232561202328272, 0.7330822075224229, 0.3234963591421531, 0.2237002564338001, 0.36194291300721076, 0.8556330981353122, 0.5432476462851238, 0.43640294310356414, 0.4409470641378935, 1.033019195153351, 0.8869867762844321, 0.841725120141654, 0.8134687504096418], [1.939699849133145, 1.7607784714926615, 1.4292062137695358, 1.2370765566340858, 1.190532700759273, 0.9344049893222564, 0.505730637983793, 0.2232561202328272, 0.0, 0.9427889886240493, 0.5079935830805582, 0.27501916609473354, 0.21487999078119727, 1.0475494583336014, 0.6924243411756501, 0.5102512116244052, 0.40916068753733137, 1.2093662740930429, 1.0400115250587925, 0.986723055589327, 0.9533571350415359], [1.0, 0.8353128535970759, 0.5009615460984139, 0.3267685924677189, 0.41854110590162186, 0.19526101912802868, 0.4729563404411556, 0.7330822075224229, 0.9427889886240493, 0.0, 0.44775222558534267, 0.7333354278284887, 0.9804850813125536, 0.2002789395977247, 0.4127642807668888, 0.6494077751636372, 0.8554642544489682, 0.41216202928297124, 0.4389467592542745, 0.45946609490441553, 0.46749510964275975], [1.4470114735077715, 1.2809425620048764, 0.9444887080008959, 0.7318519000462929, 0.6954379978446203, 0.4941352813891867, 0.20865927825110142, 0.3234963591421531, 0.5079935830805582, 0.44775222558534267, 0.0, 0.2865473175607189, 0.5336536054284233, 0.5398032218997673, 0.23740026784219304, 0.2819420772671372, 0.44189278783003433, 0.7102240653548519, 0.56881957223184, 0.5327811110396383, 0.5171548357909296], [1.7308296373665413, 1.5666773118640651, 1.2290507880920578, 1.002888753060291, 0.9306512610433295, 0.7720569319505322, 0.38920032820201855, 0.2237002564338001, 0.27501916609473354, 0.7333354278284887, 0.2865473175607189, 0.0, 0.24724712483856706, 0.8059600894648257, 0.42621939421432126, 0.2389708265285486, 0.22275857799913917, 0.9510817737423569, 0.7710141279020462, 0.7169424062340649, 0.6857430025362994], [1.9772306025593462, 1.8135572382830663, 1.4755008652932522, 1.2442355710998998, 1.1561775157215965, 1.014071229581627, 0.6099627106925563, 0.36194291300721076, 0.21487999078119727, 0.9804850813125536, 0.5336536054284233, 0.24724712483856706, 0.0, 1.0464575097894675, 0.6526182027358108, 0.4179946855478567, 0.24391100198814009, 1.1790343834395127, 0.9846184439181797, 0.9256391014127362, 0.8909859273385041], [0.9503939204393721, 0.8217682873928811, 0.49837854454666364, 0.21475806820163387, 0.21989930856876772, 0.39049093387839484, 0.6259942343564974, 0.8556330981353122, 1.0475494583336014, 0.2002789395977247, 0.5398032218997673, 0.8059600894648257, 1.0464575097894675, 0.0, 0.40739929240431805, 0.6636309778013689, 0.8804896169170721, 0.21344063617897682, 0.2738935514457359, 0.3119040588889692, 0.32963739120789676], [1.3566911775701904, 1.217420731533318, 0.8824622058554011, 0.6103464544462736, 0.5072759130550003, 0.545880231370169, 0.4301814464651093, 0.5432476462851238, 0.6924243411756501, 0.4127642807668888, 0.23740026784219304, 0.42621939421432126, 0.6526182027358108, 0.40739929240431805, 0.0, 0.2563399186621213, 0.47332136467947705, 0.5270929013818109, 0.3491857874023392, 0.31097161115807137, 0.3087095450370089], [1.612419836791353, 1.4692523468597096, 1.1318632836542708, 0.8641089748871237, 0.7469375174284781, 0.7473931757209153, 0.4764861663110991, 0.43640294310356414, 0.5102512116244052, 0.6494077751636372, 0.2819420772671372, 0.2389708265285486, 0.4179946855478567, 0.6636309778013689, 0.2563399186621213, 0.0, 0.21725139581714142, 0.7707448977754349, 0.5683999836092816, 0.5099124386837199, 0.4796345192672694], [1.8284300350994669, 1.6817136427272785, 1.3431142229806026, 1.0800442666510301, 0.9594369828058403, 0.9332459516132974, 0.5944512821159882, 0.4409470641378935, 0.40916068753733137, 0.8554642544489682, 0.44189278783003433, 0.22275857799913917, 0.24391100198814009, 0.8804896169170721, 0.47332136467947705, 0.21725139581714142, 0.0, 0.984589045644964, 0.7760347664898128, 0.7149053494047379, 0.681232833626942], [0.9078649795654486, 0.8257000892302752, 0.5452097437904824, 0.23553563210769188, 0.05860848058715217, 0.596531386995079, 0.8244284666318535, 1.033019195153351, 1.2093662740930429, 0.41216202928297124, 0.7102240653548519, 0.9510817737423569, 1.1790343834395127, 0.21344063617897682, 0.5270929013818109, 0.7707448977754349, 0.984589045644964, 0.0, 0.2266408865567608, 0.28814879198100596, 0.32083667601846644], [1.1308173001672057, 1.0365990491587092, 0.7340956082367904, 0.4146114542003537, 0.204781845787796, 0.631051037447858, 0.7257882406099607, 0.8869867762844321, 1.0400115250587925, 0.4389467592542745, 0.56881957223184, 0.7710141279020462, 0.9846184439181797, 0.2738935514457359, 0.3491857874023392, 0.5683999836092816, 0.7760347664898128, 0.2266408865567608, 0.0, 0.07981541226196139, 0.14358496623080336], [1.1876735398960614, 1.0883708001223757, 0.7807924649608496, 0.4631520885020211, 0.2622675509212756, 0.6456242147992342, 0.6992631821567968, 0.841725120141654, 0.986723055589327, 0.45946609490441553, 0.5327811110396383, 0.7169424062340649, 0.9256391014127362, 0.3119040588889692, 0.31097161115807137, 0.5099124386837199, 0.7149053494047379, 0.28814879198100596, 0.07981541226196139, 0.0, 0.06749793101699897], [1.2116504080270794, 1.1078082516606331, 0.7970580832266149, 0.4821420004247182, 0.2926961401607138, 0.6477667497055607, 0.6833231558109252, 0.8134687504096418, 0.9533571350415359, 0.46749510964275975, 0.5171548357909296, 0.6857430025362994, 0.8909859273385041, 0.32963739120789676, 0.3087095450370089, 0.4796345192672694, 0.681232833626942, 0.32083667601846644, 0.14358496623080336, 0.06749793101699897, 0.0]]