[[0.0, 0.31534548839319015, 0.6516246326139119, 0.8192314744503807, 0.9294087470877739, 1.0344919002506046, 1.4482571664683042, 1.6945528922613786, 1.8722493080586151, 1.0, 1.5032401293077007, 1.7831405882431954, 1.993015803988988, 0.8995355628977322, 1.0754245686706658, 0.8518500800491744, 0.686658095715554, 0.8019823942320332, 0.9312259286919061, 0.776018874668367, 0.6538654328100345], [0.31534548839319015, 0.0, 0.3641301649278208, 0.5916302181819078, 0.7558985335612322, 0.795997989006246, 1.193994441508543, 1.435600121552286, 1.6129717870017684, 0.8237840031385048, 1.3394608264046661, 1.6194577955082778, 1.8322227877667823, 0.7968900128951253, 0.9496466924908126, 0.703666801483231, 0.5312095283945379, 0.7874084611042772, 0.8641831821493017, 0.6926010881114446, 0.5716458056629249], [0.6516246326139119, 0.3641301649278208, 0.0, 0.28182262319580775, 0.493764675031703, 0.4540060325742059, 0.8348191589026911, 1.0739313725760942, 1.250853845067357, 0.5488028106027989, 1.0459400584960412, 1.3185534162767423, 1.5299452829062068, 0.6189280469923021, 0.7215148003096108, 0.4843847740119607, 0.3539977715717242, 0.7198764131319955, 0.7190141621033793, 0.5621535582388125, 0.4812460451216421], [0.8192314744503807, 0.5916302181819078, 0.28182262319580775, 0.0, 0.22106635243924713, 0.21765019282190728, 0.6329186458933485, 0.8798855993121628, 1.056837479663087, 0.27085137053701375, 0.7674366523545334, 1.0424927145813199, 1.2546757740785637, 0.39090444225428256, 0.45517655262813816, 0.24662227278049542, 0.21359773542374286, 0.5617748534740088, 0.5028113311396293, 0.3832710915819226, 0.3630424050026189], [0.9294087470877739, 0.7558985335612322, 0.493764675031703, 0.22106635243924713, 0.0, 0.2505773664187602, 0.6082781579184213, 0.845694261179409, 1.0142571124101694, 0.084718998347228, 0.5879295314041371, 0.8679983402954011, 1.0803039265043899, 0.21596365812286566, 0.2419050810962725, 0.11021041886618846, 0.24698273508608715, 0.4380098481090436, 0.32668010794447544, 0.27201729776500166, 0.3277361616413109], [1.0344919002506046, 0.795997989006246, 0.4540060325742059, 0.21765019282190728, 0.2505773664187602, 0.0, 0.4170501094357315, 0.6642091007660288, 0.8409141403244478, 0.23976919535500799, 0.6192611649013994, 0.8793068089261107, 1.0876160642059725, 0.46121825009711287, 0.4366756619240782, 0.3375979894209305, 0.39966647704888136, 0.6823111530610891, 0.5716592871520607, 0.5086305040377672, 0.5325456304082743], [1.4482571664683042, 1.193994441508543, 0.8348191589026911, 0.6329186458933485, 0.6082781579184213, 0.4170501094357315, 0.0, 0.2472661657907953, 0.42442985423734547, 0.5569239573231572, 0.5420503393573416, 0.6972127292518527, 0.8694425457099374, 0.7897351942623125, 0.6768659230809115, 0.707638700375039, 0.8095189526601733, 1.0290164468197411, 0.8794931146235035, 0.8754647449471109, 0.9281886356828757], [1.6945528922613786, 1.435600121552286, 1.0739313725760942, 0.8798855993121628, 0.845694261179409, 0.6642091007660288, 0.2472661657907953, 0.0, 0.1779503883412309, 0.7892493946694497, 0.6339962521490162, 0.6900941060725044, 0.8138462050880179, 1.0146605200383823, 0.8823946050280469, 0.9450708491438152, 1.0548329862138113, 1.2539399730167948, 1.0953936120914625, 1.109029695691176, 1.169278008688164], [1.8722493080586151, 1.6129717870017684, 1.250853845067357, 1.056837479663087, 1.0142571124101694, 0.8409141403244478, 0.42442985423734547, 0.1779503883412309, 0.0, 0.9550274661527267, 0.7294513470423175, 0.7182841099650749, 0.798012463934416, 1.1743595149933377, 1.0319256063131441, 1.1132029757702229, 1.2287719369644845, 1.4123181800254896, 1.2488547434409767, 1.273885763834737, 1.3394258032371043], [1.0, 0.8237840031385048, 0.5488028106027989, 0.27085137053701375, 0.084718998347228, 0.23976919535500799, 0.5569239573231572, 0.7892493946694497, 0.9550274661527267, 0.0, 0.5157892647998704, 0.7961945804734532, 1.0088661634890697, 0.23758832599415491, 0.20266551204742217, 0.16207230360141783, 0.3148060399133833, 0.4742115072973212, 0.3406405484392845, 0.320367406447526, 0.39081283071744016], [1.5032401293077007, 1.3394608264046661, 1.0459400584960412, 0.7674366523545334, 0.5879295314041371, 0.6192611649013994, 0.5420503393573416, 0.6339962521490162, 0.7294513470423175, 0.5157892647998704, 0.0, 0.2810620230776794, 0.49337464535211717, 0.6239094420931113, 0.4428555961457353, 0.6523267493740434, 0.822880566388127, 0.8224098354777505, 0.6466438318609348, 0.7498854388950376, 0.8601351035239362], [1.7831405882431954, 1.6194577955082778, 1.3185534162767423, 1.0424927145813199, 0.8679983402954011, 0.8793068089261107, 0.6972127292518527, 0.6900941060725044, 0.7182841099650749, 0.7961945804734532, 0.2810620230776794, 0.0, 0.21289424911435811, 0.8966509448907294, 0.7152601342938175, 0.9327960179892877, 1.1036851202605247, 1.0794678332520342, 0.906176926978904, 1.0233447773708533, 1.1369957542539686], [1.993015803988988, 1.8322227877667823, 1.5299452829062068, 1.2546757740785637, 1.0803039265043899, 1.0876160642059725, 0.8694425457099374, 0.8138462050880179, 0.798012463934416, 1.0088661634890697, 0.49337464535211717, 0.21289424911435811, 0.0, 1.1019629136403213, 0.921328259303349, 1.143859328361537, 1.315379529514184, 1.2741813587062432, 1.1037439162931448, 1.228704447305489, 1.3445583777586134], [0.8995355628977322, 0.7968900128951253, 0.6189280469923021, 0.39090444225428256, 0.21596365812286566, 0.46121825009711287, 0.7897351942623125, 1.0146605200383823, 1.1743595149933377, 0.23758832599415491, 0.6239094420931113, 0.8966509448907294, 1.1019629136403213, 0.0, 0.1822372102379576, 0.1492363147706878, 0.28055324270580967, 0.23966973230312447, 0.11512743567034604, 0.1284266818760819, 0.2483810823503639], [1.0754245686706658, 0.9496466924908126, 0.7215148003096108, 0.45517655262813816, 0.2419050810962725, 0.4366756619240782, 0.6768659230809115, 0.8823946050280469, 1.0319256063131441, 0.20266551204742217, 0.4428555961457353, 0.7152601342938175, 0.921328259303349, 0.1822372102379576, 0.0, 0.2488124820130469, 0.42038452091885226, 0.3930915544395434, 0.2201793741262353, 0.30850138771315744, 0.4245616229734879], [0.8518500800491744, 0.703666801483231, 0.4843847740119607, 0.24662227278049542, 0.11021041886618846, 0.3375979894209305, 0.707638700375039, 0.9450708491438152, 1.1132029757702229, 0.16207230360141783, 0.6523267493740434, 0.9327960179892877, 1.143859328361537, 0.1492363147706878, 0.2488124820130469, 0.0, 0.17434496160038523, 0.3469292306196499, 0.2612002730296308, 0.17325462935626004, 0.22965209860404767], [0.686658095715554, 0.5312095283945379, 0.3539977715717242, 0.21359773542374286, 0.24698273508608715, 0.39966647704888136, 0.8095189526601733, 1.0548329862138113, 1.2287719369644845, 0.3148060399133833, 0.822880566388127, 1.1036851202605247, 1.315379529514184, 0.28055324270580967, 0.42038452091885226, 0.17434496160038523, 0.0, 0.37733356677308594, 0.3714665076533519, 0.21059743226277924, 0.15361047874817685], [0.8019823942320332, 0.7874084611042772, 0.7198764131319955, 0.5617748534740088, 0.4380098481090436, 0.6823111530610891, 1.0290164468197411, 1.2539399730167948, 1.4123181800254896, 0.4742115072973212, 0.8224098354777505, 1.0794678332520342, 1.2741813587062432, 0.23966973230312447, 0.3930915544395434, 0.3469292306196499, 0.37733356677308594, 0.0, 0.1774103027593405, 0.1816625986813017, 0.24419720768073938], [0.9312259286919061, 0.8641831821493017, 0.7190141621033793, 0.5028113311396293, 0.32668010794447544, 0.5716592871520607, 0.8794931146235035, 1.0953936120914625, 1.2488547434409767, 0.3406405484392845, 0.6466438318609348, 0.906176926978904, 1.1037439162931448, 0.11512743567034604, 0.2201793741262353, 0.2612002730296308, 0.3714665076533519, 0.1774103027593405, 0.0, 0.17350010204437108, 0.29672766796684813], [0.776018874668367, 0.6926010881114446, 0.5621535582388125, 0.3832710915819226, 0.27201729776500166, 0.5086305040377672, 0.8754647449471109, 1.109029695691176, 1.273885763834737, 0.320367406447526, 0.7498854388950376, 1.0233447773708533, 1.228704447305489, 0.1284266818760819, 0.30850138771315744, 0.17325462935626004, 0.21059743226277924, 0.1816625986813017, 0.17350010204437108, 0.0, 0.12651568325259827], [0.6538654328100345, 0.5716458056629249, 0.4812460451216421, 0.3630424050026189, 0.3277361616413109, 0.5325456304082743, 0.9281886356828757, 1.169278008688164, 1.3394258032371043, 0.39081283071744016, 0.8601351035239362, 1.1369957542539686, 1.3445583777586134, 0.2483810823503639, 0.4245616229734879, 0.22965209860404767, 0.15361047874817685, 0.24419720768073938, 0.29672766796684813, 0.12651568325259827, 0.0]]