[[0.0, 0.31966701180482193, 0.6760000261736906, 0.8782885148635531, 0.9609589416282062, 1.0518073859572163, 1.535157387723368, 1.8279574530852338, 2.0719650563103555, 1.0, 1.524878240422313, 1.8555486421308334, 2.1224945416170327, 0.89190268522122, 1.0333014443403317, 0.7514761232982587, 0.5643708652462869, 0.7784573168827936, 0.9078443980774625, 0.6802325654377066, 0.5190575297616283], [0.31966701180482193, 0.0, 0.40013014724269247, 0.6622534968754867, 0.8142482120848716, 0.8256670612661944, 1.297237670688084, 1.5865250622203098, 1.8295692618994004, 0.8377424137434949, 1.3793924173032164, 1.716842644784888, 1.988600978097439, 0.7997499370299189, 0.9239338245516767, 0.6311253997021236, 0.4409860137309116, 0.7636721774144516, 0.8498717148604417, 0.622982767767915, 0.4828627374096622], [0.6760000261736906, 0.40013014724269247, 0.0, 0.3009017333933803, 0.5182232257057591, 0.4423296808312991, 0.9008409455438834, 1.1884272543370895, 1.4309793681249194, 0.5187724466860518, 1.0435320429791062, 1.3781337454647584, 1.6491917631258457, 0.576280290356629, 0.658864453030177, 0.4150972738248605, 0.32332180785287074, 0.6504846196277221, 0.6618467987476554, 0.4992647735256969, 0.4582279883938795], [0.8782885148635531, 0.6622534968754867, 0.3009017333933803, 0.0, 0.24704797667757208, 0.18080556608293707, 0.6601467019316882, 0.9526220310254367, 1.1962912201178986, 0.22994704027999355, 0.7433371944762783, 1.078346997279153, 1.3496956326548435, 0.36442320530594713, 0.3968093762568461, 0.26997195148725356, 0.34775035698777723, 0.5240854429101643, 0.464462159440618, 0.4099355278521577, 0.47358000125714517], [0.9609589416282062, 0.8142482120848716, 0.5182232257057591, 0.24704797667757208, 0.0, 0.2886984090115637, 0.6704261130974081, 0.947488799060454, 1.1818936586499382, 0.08086811241548036, 0.5716188718105554, 0.9072118830353654, 1.1780633939827845, 0.17210648690196165, 0.1514295269885814, 0.2152572859813991, 0.39927955398980974, 0.37728801108462906, 0.260244872535283, 0.3319082328324738, 0.466523885702996], [1.0518073859572163, 0.8256670612661944, 0.4423296808312991, 0.18080556608293707, 0.2886984090115637, 0.0, 0.4836788421393591, 0.7765330001825894, 1.0204101420307294, 0.23382437534635045, 0.6325660657718651, 0.9571440951142329, 1.2248635973509823, 0.4432781872119419, 0.4179582149843323, 0.40784947189779147, 0.5178997094787491, 0.6377286671402317, 0.5432021836944648, 0.5503466506065543, 0.6356792773557498], [1.535157387723368, 1.297237670688084, 0.9008409455438834, 0.6601467019316882, 0.6704261130974081, 0.4836788421393591, 0.0, 0.2928949869735598, 0.5368653685786665, 0.6093995343951615, 0.5250209011659162, 0.7224263441021539, 0.9445775823295942, 0.8238194353009023, 0.721755527734674, 0.8562493873122118, 0.9957749774052922, 1.0375696884186916, 0.9005605366504368, 0.9913191783472588, 1.1030319049689783], [1.8279574530852338, 1.5865250622203098, 1.1884272543370895, 0.9526220310254367, 0.947488799060454, 0.7765330001825894, 0.2928949869735598, 0.0, 0.24412104958051287, 0.8886427651872857, 0.6531600676204566, 0.7130839027634406, 0.8653434578449299, 1.0939517323394485, 0.9782758172423417, 1.1416694349559529, 1.2871706462217765, 1.3069218383413965, 1.1617976947542916, 1.27322586751226, 1.3912463172776475], [2.0719650563103555, 1.8295692618994004, 1.4309793681249194, 1.1962912201178986, 1.1818936586499382, 1.0204101420307294, 0.5368653685786665, 0.24412104958051287, 0.0, 1.1244506042552094, 0.8202800403670364, 0.7836140122200648, 0.8618437774138751, 1.3234194928002365, 1.2012393822874674, 1.3801665297137882, 1.529555075932957, 1.5347071046347824, 1.385641366117274, 1.5091504576568682, 1.6311616238843198], [1.0, 0.8377424137434949, 0.5187724466860518, 0.22994704027999355, 0.08086811241548036, 0.23382437534635045, 0.6093995343951615, 0.8886427651872857, 1.1244506042552094, 0.0, 0.5423279549342643, 0.8802145951058591, 1.152248775084866, 0.2235156877732944, 0.18721113889795518, 0.26247104461529186, 0.4369219972414702, 0.4335165721970664, 0.31804157306470304, 0.3861866844280375, 0.513744530286679], [1.524878240422313, 1.3793924173032164, 1.0435320429791062, 0.7433371944762783, 0.5716188718105554, 0.6325660657718651, 0.5250209011659162, 0.6531600676204566, 0.8202800403670364, 0.5423279549342643, 0.0, 0.33801544341483314, 0.610164638826799, 0.6440450110533575, 0.49974654537821983, 0.7744751500648657, 0.9662049318221154, 0.8226399405491788, 0.6647044928379745, 0.8588039499919087, 1.013719904468986], [1.8555486421308334, 1.716842644784888, 1.3781337454647584, 1.078346997279153, 0.9072118830353654, 0.9571440951142329, 0.7224263441021539, 0.7130839027634406, 0.7836140122200648, 0.8802145951058591, 0.33801544341483314, 0.0, 0.2722198949759396, 0.9675403895386645, 0.8234384999247689, 1.107046207365681, 1.3004446573673603, 1.1280383789805588, 0.9729810233744933, 1.1819933530410087, 1.3402705943630866], [2.1224945416170327, 1.988600978097439, 1.6491917631258457, 1.3496956326548435, 1.1780633939827845, 1.2248635973509823, 0.9445775823295942, 0.8653434578449299, 0.8618437774138751, 1.152248775084866, 0.610164638826799, 0.2722198949759396, 0.0, 1.2324903487059795, 1.089420791954243, 1.376105226416782, 1.570160621153053, 1.3830806360292893, 1.2309693088453697, 1.4459419719857032, 1.605518799108828], [0.89190268522122, 0.7997499370299189, 0.576280290356629, 0.36442320530594713, 0.17210648690196165, 0.4432781872119419, 0.8238194353009023, 1.0939517323394485, 1.3234194928002365, 0.2235156877732944, 0.6440450110533575, 0.9675403895386645, 1.2324903487059795, 0.0, 0.14902324872691114, 0.17599457556772208, 0.36031529057665734, 0.21392641460466968, 0.10616292600426322, 0.21819666162980517, 0.3745052420666975], [1.0333014443403317, 0.9239338245516767, 0.658864453030177, 0.3968093762568461, 0.1514295269885814, 0.4179582149843323, 0.721755527734674, 0.9782758172423417, 1.2012393822874674, 0.18721113889795518, 0.49974654537821983, 0.8234384999247689, 1.089420791954243, 0.14902324872691114, 0.0, 0.29398826684354096, 0.4885360618467906, 0.3403980497054726, 0.18503687389290177, 0.3598370023686276, 0.5172183226429542], [0.7514761232982587, 0.6311253997021236, 0.4150972738248605, 0.26997195148725356, 0.2152572859813991, 0.40784947189779147, 0.8562493873122118, 1.1416694349559529, 1.3801665297137882, 0.26247104461529186, 0.7744751500648657, 1.107046207365681, 1.376105226416782, 0.17599457556772208, 0.29398826684354096, 0.0, 0.19518048796496582, 0.2601155297430784, 0.2482064902383338, 0.14402441397047758, 0.25521564368944694], [0.5643708652462869, 0.4409860137309116, 0.32332180785287074, 0.34775035698777723, 0.39927955398980974, 0.5178997094787491, 0.9957749774052922, 1.2871706462217765, 1.529555075932957, 0.4369219972414702, 0.9662049318221154, 1.3004446573673603, 1.570160621153053, 0.36031529057665734, 0.4885360618467906, 0.19518048796496582, 0.0, 0.35192410329797985, 0.41212510284886705, 0.1981320942360268, 0.1422493154818503], [0.7784573168827936, 0.7636721774144516, 0.6504846196277221, 0.5240854429101643, 0.37728801108462906, 0.6377286671402317, 1.0375696884186916, 1.3069218383413965, 1.5347071046347824, 0.4335165721970664, 0.8226399405491788, 1.1280383789805588, 1.3830806360292893, 0.21392641460466968, 0.3403980497054726, 0.2601155297430784, 0.35192410329797985, 0.0, 0.16224075867864202, 0.15711375144204656, 0.28330784590221353], [0.9078443980774625, 0.8498717148604417, 0.6618467987476554, 0.464462159440618, 0.260244872535283, 0.5432021836944648, 0.9005605366504368, 1.1617976947542916, 1.385641366117274, 0.31804157306470304, 0.6647044928379745, 0.9729810233744933, 1.2309693088453697, 0.10616292600426322, 0.18503687389290177, 0.2482064902383338, 0.41212510284886705, 0.16224075867864202, 0.0, 0.23247872629208977, 0.39187221217094487], [0.6802325654377066, 0.622982767767915, 0.4992647735256969, 0.4099355278521577, 0.3319082328324738, 0.5503466506065543, 0.9913191783472588, 1.27322586751226, 1.5091504576568682, 0.3861866844280375, 0.8588039499919087, 1.1819933530410087, 1.4459419719857032, 0.21819666162980517, 0.3598370023686276, 0.14402441397047758, 0.1981320942360268, 0.15711375144204656, 0.23247872629208977, 0.0, 0.16163240539939638], [0.5190575297616283, 0.4828627374096622, 0.4582279883938795, 0.47358000125714517, 0.466523885702996, 0.6356792773557498, 1.1030319049689783, 1.3912463172776475, 1.6311616238843198, 0.513744530286679, 1.013719904468986, 1.3402705943630866, 1.605518799108828, 0.3745052420666975, 0.5172183226429542, 0.25521564368944694, 0.1422493154818503, 0.28330784590221353, 0.39187221217094487, 0.16163240539939638, 0.0]]