[[0.0, 0.3788035982408487, 0.7070398535230198, 0.936252369137538, 1.0158725210565847, 1.0508498193903262, 1.551259310031054, 1.8441428569162084, 2.1047717412192832, 1.0, 1.4470572822747314, 1.6789119288702248, 1.8749192894653433, 0.9316069993139968, 1.2204307297248684, 0.9594864262849105, 0.7587394764186106, 0.859513513220024, 1.095487608035019, 0.9262712071252838, 0.7601011854541921], [0.3788035982408487, 0.0, 0.3838263017356901, 0.674797507396661, 0.83141233163728, 0.7753686567171859, 1.2661275163043597, 1.5560589798632818, 1.8151046049854094, 0.8001379324124386, 1.2585952785631536, 1.50055786834759, 1.7011518988139285, 0.8246198978259378, 1.0909020850469882, 0.8283725251483215, 0.6361224889994209, 0.8499723051089011, 1.0354273719157483, 0.8578602787721465, 0.7141514472335052], [0.7070398535230198, 0.3838263017356901, 0.0, 0.3135303990486669, 0.5240139697095034, 0.4001154659779684, 0.8834483709770358, 1.1727850856976412, 1.4317697551030852, 0.4815164293173493, 0.9201575984948483, 1.1643513183791083, 1.3679773364100611, 0.5974798045818958, 0.8084325045230929, 0.5754239399387903, 0.44068435976887393, 0.7204145045130145, 0.824591392177854, 0.6654573126095958, 0.580035061701825], [0.936252369137538, 0.674797507396661, 0.3135303990486669, 0.0, 0.2486905933574481, 0.1278190566346385, 0.6178500443566083, 0.9098874651385611, 1.1702500693442288, 0.20177904337504365, 0.6121766556134183, 0.8618634898770442, 1.0761467455761329, 0.4027421002800846, 0.5325580154135331, 0.35615706107789097, 0.33990341995433804, 0.5994437210937871, 0.6103769640768286, 0.49298142216068236, 0.4894884047898938], [1.0158725210565847, 0.83141233163728, 0.5240139697095034, 0.2486905933574481, 0.0, 0.27647437232534405, 0.6238068282141087, 0.8977128000980075, 1.1489006124267434, 0.0821389255208702, 0.44581314493528945, 0.7003404562518445, 0.9266377831291188, 0.2095242626528713, 0.2992254824310916, 0.15095652352888356, 0.2769196092165737, 0.4345875509581028, 0.3807295035617757, 0.3019280607122188, 0.37347476751406655], [1.0508498193903262, 0.7753686567171859, 0.4001154659779684, 0.1278190566346385, 0.27647437232534405, 0.0, 0.5007425068913346, 0.7937075740433522, 1.0543764801395787, 0.2322223172173558, 0.55152936765101, 0.8010456216683169, 1.0177831460923223, 0.4658724149687554, 0.5320853177300708, 0.41131115481362146, 0.43953423225733074, 0.679250520089241, 0.6513777637782424, 0.5600511622345481, 0.5827313519113307], [1.551259310031054, 1.2661275163043597, 0.8834483709770358, 0.6178500443566083, 0.6238068282141087, 0.5007425068913346, 0.0, 0.29303242786488637, 0.5537121271677464, 0.6104682018925217, 0.4643343815211524, 0.6141880301733569, 0.7868599258313838, 0.8182249435648445, 0.6831353324122881, 0.7579286275125905, 0.8818998521135585, 1.0424497084921698, 0.8995113891506906, 0.9018654573931848, 0.9939936340923748], [1.8441428569162084, 1.5560589798632818, 1.1727850856976412, 0.9098874651385611, 0.8977128000980075, 0.7937075740433522, 0.29303242786488637, 0.0, 0.26080248909141673, 0.8900314710069425, 0.6287486839934012, 0.6564518595890506, 0.7558944820103645, 1.0806787937493103, 0.8989213424576542, 1.0223235295533075, 1.1632354233612672, 1.2987136054282964, 1.1263772517706334, 1.1575075603998877, 1.2653975734800813], [2.1047717412192832, 1.8151046049854094, 1.4317697551030852, 1.1702500693442288, 1.1489006124267434, 1.0543764801395787, 0.5537121271677464, 0.26080248909141673, 0.0, 1.1440234178392827, 0.8353916906951568, 0.788671765741759, 0.8114454568037108, 1.3243461605869598, 1.1197777219092528, 1.2675924437225945, 1.417147326886551, 1.5370358707357832, 1.34884030332426, 1.396636237901312, 1.5131075713298845], [1.0, 0.8001379324124386, 0.4815164293173493, 0.20177904337504365, 0.0821389255208702, 0.2322223172173558, 0.6104682018925217, 0.8900314710069425, 1.1440234178392827, 0.0, 0.4605728693947006, 0.7095644903312587, 0.9369043582660386, 0.23902840964572192, 0.33412796602985195, 0.18223111445773493, 0.27432009695518217, 0.46159193801496406, 0.4208103891177653, 0.3337360328551239, 0.388349851563027], [1.4470572822747314, 1.2585952785631536, 0.9201575984948483, 0.6121766556134183, 0.44581314493528945, 0.55152936765101, 0.4643343815211524, 0.6287486839934012, 0.8353916906951568, 0.4605728693947006, 0.0, 0.28386250613012826, 0.5143755866536082, 0.5457723036226476, 0.2984479064108482, 0.5014770025723538, 0.69263657995654, 0.7322669485429859, 0.5249732156477023, 0.5992418747499416, 0.7419433620818268], [1.6789119288702248, 1.50055786834759, 1.1643513183791083, 0.8618634898770442, 0.7003404562518445, 0.8010456216683169, 0.6141880301733569, 0.6564518595890506, 0.788671765741759, 0.7095644903312587, 0.28386250613012826, 0.0, 0.2309493711526225, 0.7702618043474945, 0.5164090036050009, 0.7312737443013348, 0.9235674645224137, 0.9316367605389253, 0.7100574197892834, 0.8107406679340897, 0.9588001058398876], [1.8749192894653433, 1.7011518988139285, 1.3679773364100611, 1.0761467455761329, 0.9266377831291188, 1.0177831460923223, 0.7868599258313838, 0.7558944820103645, 0.8114454568037108, 0.9369043582660386, 0.5143755866536082, 0.2309493711526225, 0.0, 0.9811850638041488, 0.7317987028439444, 0.9462909205203036, 1.1244402956014898, 1.1240289219217197, 0.9042291148536081, 1.0126461864703, 1.1565968500615837], [0.9316069993139968, 0.8246198978259378, 0.5974798045818958, 0.4027421002800846, 0.2095242626528713, 0.4658724149687554, 0.8182249435648445, 1.0806787937493103, 1.3243461605869598, 0.23902840964572192, 0.5457723036226476, 0.7702618043474945, 0.9811850638041488, 0.0, 0.28939046013646214, 0.0657254644199645, 0.19052743891868557, 0.2270777884889098, 0.227939567233248, 0.09642736260239032, 0.19754300120649496], [1.2204307297248684, 1.0909020850469882, 0.8084325045230929, 0.5325580154135331, 0.2992254824310916, 0.5320853177300708, 0.6831353324122881, 0.8989213424576542, 1.1197777219092528, 0.33412796602985195, 0.2984479064108482, 0.5164090036050009, 0.7317987028439444, 0.28939046013646214, 0.0, 0.2665122327974658, 0.4686980733407274, 0.4434627459479715, 0.23006023457650954, 0.31800238396801744, 0.47612753368563504], [0.9594864262849105, 0.8283725251483215, 0.5754239399387903, 0.35615706107789097, 0.15095652352888356, 0.41131115481362146, 0.7579286275125905, 1.0223235295533075, 1.2675924437225945, 0.18223111445773493, 0.5014770025723538, 0.7312737443013348, 0.9462909205203036, 0.0657254644199645, 0.2665122327974658, 0.0, 0.20302018113977535, 0.2895257664955116, 0.2586551383356611, 0.15455592049320954, 0.24779630742709433], [0.7587394764186106, 0.6361224889994209, 0.44068435976887393, 0.33990341995433804, 0.2769196092165737, 0.43953423225733074, 0.8818998521135585, 1.1632354233612672, 1.417147326886551, 0.27432009695518217, 0.69263657995654, 0.9235674645224137, 1.1244402956014898, 0.19052743891868557, 0.4686980733407274, 0.20302018113977535, 0.0, 0.2860263656435407, 0.40518600478236466, 0.23271959372277723, 0.15554353369135274], [0.859513513220024, 0.8499723051089011, 0.7204145045130145, 0.5994437210937871, 0.4345875509581028, 0.679250520089241, 1.0424497084921698, 1.2987136054282964, 1.5370358707357832, 0.46159193801496406, 0.7322669485429859, 0.9316367605389253, 1.1240289219217197, 0.2270777884889098, 0.4434627459479715, 0.2895257664955116, 0.2860263656435407, 0.0, 0.25037686805736326, 0.1426889972223334, 0.14491899541727768], [1.095487608035019, 1.0354273719157483, 0.824591392177854, 0.6103769640768286, 0.3807295035617757, 0.6513777637782424, 0.8995113891506906, 1.1263772517706334, 1.34884030332426, 0.4208103891177653, 0.5249732156477023, 0.7100574197892834, 0.9042291148536081, 0.227939567233248, 0.23006023457650954, 0.2586551383356611, 0.40518600478236466, 0.25037686805736326, 0.0, 0.17847262215427231, 0.338179468264679], [0.9262712071252838, 0.8578602787721465, 0.6654573126095958, 0.49298142216068236, 0.3019280607122188, 0.5600511622345481, 0.9018654573931848, 1.1575075603998877, 1.396636237901312, 0.3337360328551239, 0.5992418747499416, 0.8107406679340897, 1.0126461864703, 0.09642736260239032, 0.31800238396801744, 0.15455592049320954, 0.23271959372277723, 0.1426889972223334, 0.17847262215427231, 0.0, 0.16684392741201848], [0.7601011854541921, 0.7141514472335052, 0.580035061701825, 0.4894884047898938, 0.37347476751406655, 0.5827313519113307, 0.9939936340923748, 1.2653975734800813, 1.5131075713298845, 0.388349851563027, 0.7419433620818268, 0.9588001058398876, 1.1565968500615837, 0.19754300120649496, 0.47612753368563504, 0.24779630742709433, 0.15554353369135274, 0.14491899541727768, 0.338179468264679, 0.16684392741201848, 0.0]]