[[0.0, 0.2634830525474261, 0.5422139196832033, 0.7057047242267709, 0.8136001165477802, 1.0066812815205939, 1.393546390617102, 1.63725516895212, 1.8250476532351, 1.0, 1.409100495053493, 1.6528193873084547, 1.8403392981954585, 0.931073880239218, 1.2926600726823512, 1.4081698164764227, 1.4893520024638456, 0.8254817934396211, 1.0351405517089038, 0.9781330138506159, 0.8847047476809875], [0.2634830525474261, 0.0, 0.31745265594214955, 0.5475181039715606, 0.7226410262192212, 0.8216591118799286, 1.205950545804004, 1.4505803250150116, 1.6397305678227625, 0.8618416898105368, 1.2798033797234205, 1.5277504964052397, 1.7161204196934374, 0.8401834219171708, 1.2131780029867973, 1.3318976030041665, 1.411495382283238, 0.7901543067268136, 0.9880654893507459, 0.9227029814572627, 0.8193871977517446], [0.5422139196832033, 0.31745265594214955, 0.0, 0.2772252839868931, 0.5079925021046336, 0.5116425984087768, 0.8919538106874255, 1.1361234747654563, 1.3252153783071758, 0.5843648624239024, 0.9968005761204489, 1.2439926283326266, 1.4308875581006588, 0.6119437549982392, 0.9748950947244515, 1.0931771119240505, 1.1699003213725392, 0.6319918964712046, 0.7958635735375695, 0.7269265107359595, 0.6236251279078251], [0.7057047242267709, 0.5475181039715606, 0.2772252839868931, 0.0, 0.24759441043358305, 0.3121397094980809, 0.6931063574000018, 0.9351352794950948, 1.1221020785995948, 0.31794935071747793, 0.7350391803192616, 0.9829973206835021, 1.1711725068472787, 0.34057769222953105, 0.6991905548019082, 0.817841695442078, 0.8951857391225124, 0.40285701480288216, 0.534943728692546, 0.46669076353885863, 0.37005937396718563], [0.8136001165477802, 0.7226410262192212, 0.5079925021046336, 0.24759441043358305, 0.0, 0.3876206390022663, 0.6940492020801179, 0.9141381219572717, 1.0889135191155865, 0.24447565646611857, 0.6086511270579255, 0.8469268167259544, 1.0330865200341721, 0.13166153873675526, 0.4954229904387879, 0.6138119693827693, 0.6942001720269161, 0.17948528121148372, 0.293681717754465, 0.22538561482131453, 0.14190037313620818], [1.0066812815205939, 0.8216591118799286, 0.5116425984087768, 0.3121397094980809, 0.3876206390022663, 0.0, 0.38740113323652176, 0.6319459457348162, 0.8206786065684387, 0.2088030157187208, 0.5225182661424372, 0.7598175005516231, 0.9411984932740262, 0.3811467690069118, 0.6057197548573734, 0.7112855303924525, 0.7798622241989278, 0.5538515439849175, 0.5761693512419097, 0.5253418785415925, 0.47485777945335], [1.393546390617102, 1.205950545804004, 0.8919538106874255, 0.6931063574000018, 0.6940492020801179, 0.38740113323652176, 0.0, 0.24489027110099046, 0.43398765888468477, 0.4545755050955305, 0.37057550581045684, 0.5169215042101601, 0.6629782143928068, 0.6261950780795302, 0.6172060397512715, 0.6766226642937652, 0.7195783631781595, 0.8260952644872066, 0.7502029077519099, 0.7297151058263047, 0.7292508428625833], [1.63725516895212, 1.4505803250150116, 1.1361234747654563, 0.9351352794950948, 0.9141381219572717, 0.6319459457348162, 0.24489027110099046, 0.0, 0.18922822153301397, 0.6765579345420683, 0.4415749961152297, 0.4594246161042985, 0.5436523051215983, 0.8315069193392596, 0.7253005022623866, 0.7461455260246579, 0.7635561569785739, 1.029333967324192, 0.9194488210303359, 0.912276324630835, 0.9298328735774883], [1.8250476532351, 1.6397305678227625, 1.3252153783071758, 1.1221020785995948, 1.0889135191155865, 0.8206786065684387, 0.43398765888468477, 0.18922822153301397, 0.0, 0.8545024216217292, 0.5624645009214901, 0.4928603207280277, 0.5080891099162577, 0.999357409126398, 0.8432745239909665, 0.8384584773030747, 0.836450085620906, 1.1937917278831884, 1.066197482394346, 1.0667128451732018, 1.0940969092197117], [1.0, 0.8618416898105368, 0.5843648624239024, 0.31794935071747793, 0.24447565646611857, 0.2088030157187208, 0.4545755050955305, 0.6765579345420683, 0.8545024216217292, 0.0, 0.418260935736408, 0.6663319699396318, 0.8547496384786224, 0.18664958828001185, 0.4186093888095933, 0.5327775422984885, 0.6090952160228542, 0.3803534744853653, 0.36945155306797217, 0.3242196552086174, 0.2962689665488474], [1.409100495053493, 1.2798033797234205, 0.9968005761204489, 0.7350391803192616, 0.6086511270579255, 0.5225182661424372, 0.37057550581045684, 0.4415749961152297, 0.5624645009214901, 0.418260935736408, 0.0, 0.24828056593449943, 0.4366259796561326, 0.4941012456971303, 0.28636709800845556, 0.3270934553278167, 0.3788672388365293, 0.6681429830404956, 0.5132673655407266, 0.5263196967571159, 0.577732480444599], [1.6528193873084547, 1.5277504964052397, 1.2439926283326266, 0.9829973206835021, 0.8469268167259544, 0.7598175005516231, 0.5169215042101601, 0.4594246161042985, 0.4928603207280277, 0.6663319699396318, 0.24828056593449943, 0.0, 0.18863795959511676, 0.7285919115795839, 0.4327399195656746, 0.3891752728844856, 0.38234762980443976, 0.8862648024195594, 0.7058622453603884, 0.7336004521286541, 0.7998537290476357], [1.8403392981954585, 1.7161204196934374, 1.4308875581006588, 1.1711725068472787, 1.0330865200341721, 0.9411984932740262, 0.6629782143928068, 0.5436523051215983, 0.5080891099162577, 0.8547496384786224, 0.4366259796561326, 0.18863795959511676, 0.0, 0.9139690115563045, 0.5966946311486948, 0.5237700058753674, 0.4817573994864468, 1.0648180993177385, 0.8762793155894099, 0.9093608028966799, 0.9806589168287619], [0.931073880239218, 0.8401834219171708, 0.6119437549982392, 0.34057769222953105, 0.13166153873675526, 0.3811467690069118, 0.6261950780795302, 0.8315069193392596, 0.999357409126398, 0.18664958828001185, 0.4941012456971303, 0.7285919115795839, 0.9139690115563045, 0.0, 0.3731901789741737, 0.4922414497741846, 0.5734911183697179, 0.20016288548820235, 0.20788782693101113, 0.15055937717588697, 0.12941034267816318], [1.2926600726823512, 1.2131780029867973, 0.9748950947244515, 0.6991905548019082, 0.4954229904387879, 0.6057197548573734, 0.6172060397512715, 0.7253005022623866, 0.8432745239909665, 0.4186093888095933, 0.28636709800845556, 0.4327399195656746, 0.5966946311486948, 0.3731901789741737, 0.0, 0.14077779183675154, 0.245367319174614, 0.4812223054779864, 0.28379969502960567, 0.3255474912697916, 0.41372634063395564], [1.4081698164764227, 1.3318976030041665, 1.0931771119240505, 0.817841695442078, 0.6138119693827693, 0.7112855303924525, 0.6766226642937652, 0.7461455260246579, 0.8384584773030747, 0.5327775422984885, 0.3270934553278167, 0.3891752728844856, 0.5237700058753674, 0.4922414497741846, 0.14077779183675154, 0.0, 0.10652323837185501, 0.5922738024608316, 0.39159816086223015, 0.435740363234982, 0.5261786285512159], [1.4893520024638456, 1.411495382283238, 1.1699003213725392, 0.8951857391225124, 0.6942001720269161, 0.7798622241989278, 0.7195783631781595, 0.7635561569785739, 0.836450085620906, 0.6090952160228542, 0.3788672388365293, 0.38234762980443976, 0.4817573994864468, 0.5734911183697179, 0.245367319174614, 0.10652323837185501, 0.0, 0.6759919460030747, 0.48229333135960917, 0.5217435899120687, 0.6075654656613555], [0.8254817934396211, 0.7901543067268136, 0.6319918964712046, 0.40285701480288216, 0.17948528121148372, 0.5538515439849175, 0.8260952644872066, 1.029333967324192, 1.1937917278831884, 0.3803534744853653, 0.6681429830404956, 0.8862648024195594, 1.0648180993177385, 0.20016288548820235, 0.4812223054779864, 0.5922738024608316, 0.6759919460030747, 0.0, 0.21039738246410983, 0.1623405651630213, 0.12757230336905023], [1.0351405517089038, 0.9880654893507459, 0.7958635735375695, 0.534943728692546, 0.293681717754465, 0.5761693512419097, 0.7502029077519099, 0.9194488210303359, 1.066197482394346, 0.36945155306797217, 0.5132673655407266, 0.7058622453603884, 0.8762793155894099, 0.20788782693101113, 0.28379969502960567, 0.39159816086223015, 0.48229333135960917, 0.21039738246410983, 0.0, 0.07592972437536404, 0.18392647760550535], [0.9781330138506159, 0.9227029814572627, 0.7269265107359595, 0.46669076353885863, 0.22538561482131453, 0.5253418785415925, 0.7297151058263047, 0.912276324630835, 1.0667128451732018, 0.3242196552086174, 0.5263196967571159, 0.7336004521286541, 0.9093608028966799, 0.15055937717588697, 0.3255474912697916, 0.435740363234982, 0.5217435899120687, 0.1623405651630213, 0.07592972437536404, 0.0, 0.10937148395457061], [0.8847047476809875, 0.8193871977517446, 0.6236251279078251, 0.37005937396718563, 0.14190037313620818, 0.47485777945335, 0.7292508428625833, 0.9298328735774883, 1.0940969092197117, 0.2962689665488474, 0.577732480444599, 0.7998537290476357, 0.9806589168287619, 0.12941034267816318, 0.41372634063395564, 0.5261786285512159, 0.6075654656613555, 0.12757230336905023, 0.18392647760550535, 0.10937148395457061, 0.0]]