[[0.0, 0.27608785698723465, 0.5573778245199541, 0.733261087634815, 0.8649860676042742, 1.0049263832109958, 1.4459663441424566, 1.7222388638200812, 1.95450291834762, 1.0, 1.4522659194187255, 1.7243659201447434, 1.946265512856485, 0.9416013620054821, 1.2234086680716034, 1.1312089625115331, 1.0492483101196317, 0.8728338851210554, 1.1145459915684761, 1.056458861748346, 0.9742388634873062], [0.27608785698723465, 0.0, 0.3453698703962936, 0.6069548431451883, 0.8121029643039269, 0.8028731999669, 1.239067721599158, 1.513484079696874, 1.7444888833281156, 0.8462226019839197, 1.2993864977922922, 1.5744688831243707, 1.797148994400584, 0.8454941494789177, 1.1437486560106562, 1.0672048606039006, 0.9938366262738026, 0.839244855726201, 1.0831209911293296, 1.0271848122549623, 0.9472480312955598], [0.5573778245199541, 0.3453698703962936, 0.0, 0.3102483090987602, 0.5674526907765486, 0.4598317396113205, 0.8984798626955584, 1.1740107779610156, 1.4058100945285037, 0.511519482938438, 0.959687776186012, 1.234398494228327, 1.4566394793833728, 0.5530383002266371, 0.8502317982092485, 0.793107120498766, 0.7369037327709509, 0.6124447053173797, 0.8373655298089703, 0.7879032931917187, 0.7173624666609573], [0.733261087634815, 0.6069548431451883, 0.3102483090987602, 0.0, 0.2713491247862622, 0.3599408010502502, 0.7642277466168202, 1.033307338739439, 1.2622221236940132, 0.275703817616283, 0.7219366961832283, 0.9936934719537454, 1.2157550346577255, 0.24652509000843004, 0.5441046747771546, 0.4852373608882536, 0.43919987483708917, 0.3259322322579377, 0.5323283710332647, 0.4864399546217383, 0.42311161952910553], [0.8649860676042742, 0.8121029643039269, 0.5674526907765486, 0.2713491247862622, 0.0, 0.5440282336833328, 0.8515913907584064, 1.0928007305055747, 1.3069980979231408, 0.36226545797727255, 0.6889392559331692, 0.9328757012946233, 1.1435538999573176, 0.15846942405707817, 0.3633558594254021, 0.2703788974390315, 0.21550339333465648, 0.07517857946556092, 0.2748975264698459, 0.22421169935480176, 0.157136708657351], [1.0049263832109958, 0.8028731999669, 0.4598317396113205, 0.3599408010502502, 0.5440282336833328, 0.0, 0.4412451531911519, 0.7175073974378442, 0.9497502996666272, 0.2097622655921532, 0.5409865135540354, 0.8070749615807773, 1.0247558896465505, 0.4146929405514046, 0.613592016080486, 0.6291674936285298, 0.6385672580293372, 0.6064139447732474, 0.7209315874988149, 0.697860972480818, 0.6670640702999004], [1.4459663441424566, 1.239067721599158, 0.8984798626955584, 0.7642277466168202, 0.8515913907584064, 0.4412451531911519, 0.0, 0.2763210670341712, 0.5085908033201569, 0.5082570948420309, 0.3520723668920993, 0.5079830814881167, 0.6877252963617209, 0.6990443166390627, 0.7158320344388045, 0.7997815142745537, 0.8572766125049667, 0.9065773322950538, 0.9084642334564991, 0.9132815078243542, 0.9207180583087936], [1.7222388638200812, 1.513484079696874, 1.1740107779610156, 1.033307338739439, 1.0928007305055747, 0.7175073974378442, 0.2763210670341712, 0.0, 0.23232038051935258, 0.7690200077168449, 0.46840565726186206, 0.459600598200986, 0.5573786079874806, 0.9415416757029119, 0.8926467448483077, 0.9924510971480973, 1.0608684970569138, 1.1430164943737704, 1.103476322450036, 1.1189877748886183, 1.1402751903830752], [1.95450291834762, 1.7444888833281156, 1.4058100945285037, 1.2622221236940132, 1.3069980979231408, 0.9497502996666272, 0.5085908033201569, 0.23232038051935258, 0.0, 0.9950631346913842, 0.6473649449527566, 0.5413478437635374, 0.5416013523783465, 1.157711799775523, 1.0749163957985373, 1.1801548729929743, 1.2525585051731756, 1.3541446359151723, 1.2915102777145195, 1.3129843401015129, 1.3419322589287035], [1.0, 0.8462226019839197, 0.511519482938438, 0.275703817616283, 0.36226545797727255, 0.2097622655921532, 0.5082570948420309, 0.7690200077168449, 0.9950631346913842, 0.0, 0.4557044603913238, 0.7305958464417877, 0.9536201939887624, 0.21625609705417229, 0.411568653745637, 0.4240482228820788, 0.44495501146391025, 0.4214256841708691, 0.5121278681383896, 0.4915951114887234, 0.4680991893095584], [1.4522659194187255, 1.2993864977922922, 0.959687776186012, 0.7219366961832283, 0.6889392559331692, 0.5409865135540354, 0.3520723668920993, 0.46840565726186206, 0.6473649449527566, 0.4557044603913238, 0.0, 0.2754418650597673, 0.49845051472852686, 0.5498617033896627, 0.4311143595985621, 0.5481248368248836, 0.6367645159211606, 0.7267983591116605, 0.6456240577440105, 0.6686830686558694, 0.7031350344618547], [1.7243659201447434, 1.5744688831243707, 1.234398494228327, 0.9936934719537454, 0.9328757012946233, 0.8070749615807773, 0.5079830814881167, 0.459600598200986, 0.5413478437635374, 0.7305958464417877, 0.2754418650597673, 0.0, 0.22315255045785637, 0.8057547529171942, 0.6170928233862207, 0.7374645286066854, 0.830169647371365, 0.9620502660495989, 0.831691496804958, 0.868018449959261, 0.9185627310896675], [1.946265512856485, 1.797148994400584, 1.4566394793833728, 1.2157550346577255, 1.1435538999573176, 1.0247558896465505, 0.6877252963617209, 0.5573786079874806, 0.5416013523783465, 0.9536201939887624, 0.49845051472852686, 0.22315255045785637, 0.0, 1.0223746771007527, 0.8100220621284394, 0.926851953132186, 1.017203575174566, 1.168537238062883, 1.0170149068812355, 1.058835876395646, 1.1161534140729747], [0.9416013620054821, 0.8454941494789177, 0.5530383002266371, 0.24652509000843004, 0.15846942405707817, 0.4146929405514046, 0.6990443166390627, 0.9415416757029119, 1.157711799775523, 0.21625609705417229, 0.5498617033896627, 0.8057547529171942, 1.0223746771007527, 0.0, 0.30150991503159064, 0.2556488063340607, 0.25973677632256004, 0.2093807865932514, 0.3194825799707466, 0.28805398307243163, 0.2556068351547561], [1.2234086680716034, 1.1437486560106562, 0.8502317982092485, 0.5441046747771546, 0.3633558594254021, 0.613592016080486, 0.7158320344388045, 0.8926467448483077, 1.0749163957985373, 0.411568653745637, 0.4311143595985621, 0.6170928233862207, 0.8100220621284394, 0.30150991503159064, 0.0, 0.15393979960913565, 0.2720055940805191, 0.3738471192145048, 0.22707437466079333, 0.25784298944775635, 0.3113054709730752], [1.1312089625115331, 1.0672048606039006, 0.793107120498766, 0.4852373608882536, 0.2703788974390315, 0.6291674936285298, 0.7997815142745537, 0.9924510971480973, 1.1801548729929743, 0.4240482228820788, 0.5481248368248836, 0.7374645286066854, 0.926851953132186, 0.2556488063340607, 0.15393979960913565, 0.0, 0.120292989128656, 0.2775034477594425, 0.19129340580924192, 0.19309713562757883, 0.22140459173088733], [1.0492483101196317, 0.9938366262738026, 0.7369037327709509, 0.43919987483708917, 0.21550339333465648, 0.6385672580293372, 0.8572766125049667, 1.0608684970569138, 1.2525585051731756, 0.44495501146391025, 0.6367645159211606, 0.830169647371365, 1.017203575174566, 0.25973677632256004, 0.2720055940805191, 0.120292989128656, 0.0, 0.2194952930207039, 0.2545874806382479, 0.22900316429438322, 0.2141032025835373], [0.8728338851210554, 0.839244855726201, 0.6124447053173797, 0.3259322322579377, 0.07517857946556092, 0.6064139447732474, 0.9065773322950538, 1.1430164943737704, 1.3541446359151723, 0.4214256841708691, 0.7267983591116605, 0.9620502660495989, 1.168537238062883, 0.2093807865932514, 0.3738471192145048, 0.2775034477594425, 0.2194952930207039, 0.0, 0.24671259906916126, 0.19195623880380863, 0.11504969086774533], [1.1145459915684761, 1.0831209911293296, 0.8373655298089703, 0.5323283710332647, 0.2748975264698459, 0.7209315874988149, 0.9084642334564991, 1.103476322450036, 1.2915102777145195, 0.5121278681383896, 0.6456240577440105, 0.831691496804958, 1.0170149068812355, 0.3194825799707466, 0.22707437466079333, 0.19129340580924192, 0.2545874806382479, 0.24671259906916126, 0.0, 0.061447824830699244, 0.14230363293816006], [1.056458861748346, 1.0271848122549623, 0.7879032931917187, 0.4864399546217383, 0.22421169935480176, 0.697860972480818, 0.9132815078243542, 1.1189877748886183, 1.3129843401015129, 0.4915951114887234, 0.6686830686558694, 0.868018449959261, 1.058835876395646, 0.28805398307243163, 0.25784298944775635, 0.19309713562757883, 0.22900316429438322, 0.19195623880380863, 0.061447824830699244, 0.0, 0.08275939121887246], [0.9742388634873062, 0.9472480312955598, 0.7173624666609573, 0.42311161952910553, 0.157136708657351, 0.6670640702999004, 0.9207180583087936, 1.1402751903830752, 1.3419322589287035, 0.4680991893095584, 0.7031350344618547, 0.9185627310896675, 1.1161534140729747, 0.2556068351547561, 0.3113054709730752, 0.22140459173088733, 0.2141032025835373, 0.11504969086774533, 0.14230363293816006, 0.08275939121887246, 0.0]]