[[0.0, 0.29678326375310354, 0.6111371627194062, 0.7627877880902829, 0.8763276115784288, 0.9922524298724938, 1.3824485341540333, 1.6398959560483066, 1.8579201223449509, 1.0, 1.4173160131122575, 1.694672293827721, 1.922158870640726, 0.9545626161982967, 1.242777643100012, 1.238587523489876, 1.22919610025197, 0.8737315632480912, 1.0505214014442275, 0.9358355644155313, 0.7938644261083977], [0.29678326375310354, 0.0, 0.36452943217846867, 0.6121909345897358, 0.8089270704261353, 0.7958307115747728, 1.1771968905174448, 1.4314579160012275, 1.647469264831834, 0.8623341047211224, 1.270212462187316, 1.5451980301034, 1.7693613100694225, 0.8784821119558157, 1.1586115350792539, 1.1562943425729346, 1.1474917762512065, 0.8650383826528486, 1.0227304187484547, 0.9071068451117589, 0.7739694467076512], [0.6111371627194062, 0.36452943217846867, 0.0, 0.32592772347159754, 0.5899063409787186, 0.44390862663258734, 0.8159457825096647, 1.0685848636727642, 1.2839392003497538, 0.557177721246306, 0.9388493115546674, 1.2074139994785482, 1.4272101589066317, 0.6397845020509251, 0.887757520794318, 0.8909729043113237, 0.8898370438774775, 0.7092571705577726, 0.824821036760223, 0.7231625958016941, 0.6252691944493136], [0.7627877880902829, 0.6121909345897358, 0.32592772347159754, 0.0, 0.2778860291421357, 0.25877777503413296, 0.637017174396077, 0.89194006401329, 1.108747509624006, 0.258665284473483, 0.6664792218749304, 0.9425896525955387, 1.1685978732792504, 0.32636653645340613, 0.5717413942659941, 0.5804799611956515, 0.5925396144872646, 0.4325132798920472, 0.5203689310279571, 0.4333261275573076, 0.3743463235778538], [0.8763276115784288, 0.8089270704261353, 0.5899063409787186, 0.2778860291421357, 0.0, 0.42718006078709647, 0.703717716021342, 0.9324737641991212, 1.1359540824810133, 0.2426583474969356, 0.5967345304334241, 0.8617545312731175, 1.0859163935791856, 0.12502503399562984, 0.38130410639504175, 0.39080735771232555, 0.42438014975061156, 0.18674716201091882, 0.26682073066235007, 0.1964332509414628, 0.20080185556816876], [0.9922524298724938, 0.7958307115747728, 0.44390862663258734, 0.25877777503413296, 0.42718006078709647, 0.0, 0.390421010613508, 0.6478559237313074, 0.8658882356928567, 0.22211153662098412, 0.5048608643204011, 0.7665130355572842, 0.9843200463336969, 0.41641054806083316, 0.5465979688232423, 0.5689896569032595, 0.5974365666302353, 0.6000116112098833, 0.61592809506655, 0.56647837361147, 0.5596367394333853], [1.3824485341540333, 1.1771968905174448, 0.8159457825096647, 0.637017174396077, 0.703717716021342, 0.390421010613508, 0.0, 0.2575701131893502, 0.47566810558894423, 0.46585184851307715, 0.3275094349466886, 0.4813816804289461, 0.6632084926643032, 0.6527668077602464, 0.5972328589684731, 0.637254437120555, 0.6810285686101615, 0.8632372495678564, 0.7996257232266418, 0.8032530308406615, 0.8525479514958101], [1.6398959560483066, 1.4314579160012275, 1.0685848636727642, 0.89194006401329, 0.9324737641991212, 0.6478559237313074, 0.2575701131893502, 0.0, 0.21813679427054983, 0.7028132007993518, 0.4199251805015522, 0.4043197652796674, 0.5070148482484317, 0.8711611543916782, 0.7467972521955761, 0.7803756591976722, 0.8175262425426514, 1.0794550331920774, 0.9874664720619942, 1.0112880475011445, 1.0789126955622803], [1.8579201223449509, 1.647469264831834, 1.2839392003497538, 1.108747509624006, 1.1359540824810133, 0.8658882356928567, 0.47566810558894423, 0.21813679427054983, 0.0, 0.9123920107364251, 0.5821449415156882, 0.45817973826338165, 0.4545026392285428, 1.070037963857996, 0.9118741063885889, 0.9388009368770249, 0.9685431889552214, 1.2748581318245567, 1.1677222460364516, 1.2027780405699127, 1.2801532853146922], [1.0, 0.8623341047211224, 0.557177721246306, 0.258665284473483, 0.2426583474969356, 0.22211153662098412, 0.46585184851307715, 0.7028132007993518, 0.9123920107364251, 0.0, 0.4175541178056575, 0.6950700324242999, 0.922493862953041, 0.2061128362827917, 0.34293240699783284, 0.3686584767326589, 0.41272947041383234, 0.409243936440362, 0.3983502600958035, 0.36549158191273856, 0.39475953206209574], [1.4173160131122575, 1.270212462187316, 0.9388493115546674, 0.6664792218749304, 0.5967345304334241, 0.5048608643204011, 0.3275094349466886, 0.4199251805015522, 0.5821449415156882, 0.4175541178056575, 0.0, 0.2777372133607399, 0.5051867954347249, 0.5175112503063629, 0.33466562693649005, 0.38922996421969763, 0.45337155942285073, 0.7095773652798605, 0.5893504466751298, 0.6361602890238824, 0.7323641720611448], [1.694672293827721, 1.5451980301034, 1.2074139994785482, 0.9425896525955387, 0.8617545312731175, 0.7665130355572842, 0.4813816804289461, 0.4043197652796674, 0.45817973826338165, 0.6950700324242999, 0.2777372133607399, 0.0, 0.2277408321816046, 0.7795145903434205, 0.5412172499263977, 0.5682545181222499, 0.6066222556043462, 0.9562603409371246, 0.8114327483571706, 0.8784131975721822, 0.988840381540037], [1.922158870640726, 1.7693613100694225, 1.4272101589066317, 1.1685978732792504, 1.0859163935791856, 0.9843200463336969, 0.6632084926643032, 0.5070148482484317, 0.4545026392285428, 0.922493862953041, 0.5051867954347249, 0.2277408321816046, 0.0, 1.0032355795931436, 0.7508640544584024, 0.7676044543663229, 0.7906495163134957, 1.1730608140057381, 1.0194714715549735, 1.093983813145238, 1.2094866099674406], [0.9545626161982967, 0.8784821119558157, 0.6397845020509251, 0.32636653645340613, 0.12502503399562984, 0.41641054806083316, 0.6527668077602464, 0.8711611543916782, 1.070037963857996, 0.2061128362827917, 0.5175112503063629, 0.7795145903434205, 1.0032355795931436, 0.0, 0.2893552313440124, 0.29429212329909943, 0.335836326470061, 0.21073015562450104, 0.20736862885478616, 0.17170028363944698, 0.2295505349988056], [1.242777643100012, 1.1586115350792539, 0.887757520794318, 0.5717413942659941, 0.38130410639504175, 0.5465979688232423, 0.5972328589684731, 0.7467972521955761, 0.9118741063885889, 0.34293240699783284, 0.33466562693649005, 0.5412172499263977, 0.7508640544584024, 0.2893552313440124, 0.0, 0.12771084490515666, 0.23434832679001683, 0.42756128552414696, 0.27367774128357275, 0.3482100422852271, 0.4748668618470072], [1.238587523489876, 1.1562943425729346, 0.8909729043113237, 0.5804799611956515, 0.39080735771232555, 0.5689896569032595, 0.637254437120555, 0.7803756591976722, 0.9388009368770249, 0.3686584767326589, 0.38922996421969763, 0.5682545181222499, 0.7676044543663229, 0.29429212329909943, 0.12771084490515666, 0.0, 0.10743971451366006, 0.4355791718017806, 0.29303466926438765, 0.3491105630312978, 0.47145001150998256], [1.22919610025197, 1.1474917762512065, 0.8898370438774775, 0.5925396144872646, 0.42438014975061156, 0.5974365666302353, 0.6810285686101615, 0.8175262425426514, 0.9685431889552214, 0.41272947041383234, 0.45337155942285073, 0.6066222556043462, 0.7906495163134957, 0.335836326470061, 0.23434832679001683, 0.10743971451366006, 0.0, 0.45975714646301813, 0.34633507934416646, 0.3697766051309588, 0.47327724362671264], [0.8737315632480912, 0.8650383826528486, 0.7092571705577726, 0.4325132798920472, 0.18674716201091882, 0.6000116112098833, 0.8632372495678564, 1.0794550331920774, 1.2748581318245567, 0.409243936440362, 0.7095773652798605, 0.9562603409371246, 1.1730608140057381, 0.21073015562450104, 0.42756128552414696, 0.4355791718017806, 0.45975714646301813, 0.0, 0.18162090884252216, 0.10783765631079767, 0.12704924187013752], [1.0505214014442275, 1.0227304187484547, 0.824821036760223, 0.5203689310279571, 0.26682073066235007, 0.61592809506655, 0.7996257232266418, 0.9874664720619942, 1.1677222460364516, 0.3983502600958035, 0.5893504466751298, 0.8114327483571706, 1.0194714715549735, 0.20736862885478616, 0.27367774128357275, 0.29303466926438765, 0.34633507934416646, 0.18162090884252216, 0.0, 0.11887910504392389, 0.2609987982778653], [0.9358355644155313, 0.9071068451117589, 0.7231625958016941, 0.4333261275573076, 0.1964332509414628, 0.56647837361147, 0.8032530308406615, 1.0112880475011445, 1.2027780405699127, 0.36549158191273856, 0.6361602890238824, 0.8784131975721822, 1.093983813145238, 0.17170028363944698, 0.3482100422852271, 0.3491105630312978, 0.3697766051309588, 0.10783765631079767, 0.11887910504392389, 0.0, 0.14352647360527393], [0.7938644261083977, 0.7739694467076512, 0.6252691944493136, 0.3743463235778538, 0.20080185556816876, 0.5596367394333853, 0.8525479514958101, 1.0789126955622803, 1.2801532853146922, 0.39475953206209574, 0.7323641720611448, 0.988840381540037, 1.2094866099674406, 0.2295505349988056, 0.4748668618470072, 0.47145001150998256, 0.47327724362671264, 0.12704924187013752, 0.2609987982778653, 0.14352647360527393, 0.0]]