[[0.0, 0.5755296215686468, 1.0136426093406714, 1.4052851972179838, 1.7173254351781062, 1.095288620915443, 1.4136334480352906, 1.1764182511449461, 1.0053142368808203, 1.0, 1.3162539550404966, 1.0301104354651738, 0.848816916636016, 0.9656689717199768, 1.254356353340044, 1.0206332227486192, 0.83991757577779, 0.9882216155508381, 1.2660928860295133, 1.2876807220962874, 1.3063689867307022], [0.5755296215686468, 0.0, 0.44492398046532594, 0.8451005190324216, 1.1593815681032817, 0.6657351323341638, 1.0005504485553718, 0.7396885029316992, 0.5487383742488231, 0.7122130438859877, 1.0128965638745235, 0.7112793101492698, 0.5159034567093644, 0.8427632349095187, 1.0801932056708075, 0.8401240931630712, 0.6562947090080471, 0.99925581748689, 1.2299627915000566, 1.2590371043685649, 1.2833699297712462], [1.0136426093406714, 0.44492398046532594, 0.0, 0.4025299673090394, 0.7165705820310828, 0.45673278227114805, 0.7294293094036358, 0.4937376235917798, 0.35388302603432076, 0.6645976007847346, 0.864023089362608, 0.6295556959874965, 0.518565736322961, 0.9053758948579176, 1.0435205479279748, 0.8542941539004218, 0.7339742910793596, 1.1263934955610804, 1.283827302085998, 1.3189803625526921, 1.3504982716392615], [1.4052851972179838, 0.8451005190324216, 0.4025299673090394, 0.0, 0.3145450673656987, 0.534888831662234, 0.6128151444901013, 0.5065879343683162, 0.5163772160474663, 0.8052872884756397, 0.8589105058883476, 0.7527648941128589, 0.7466335558418465, 1.077907834120117, 1.1139352019332223, 0.9989539739010488, 0.9492241607265376, 1.3179233042673841, 1.403677887224006, 1.4415741002243672, 1.476419076001795], [1.7173254351781062, 1.1593815681032817, 0.7165705820310828, 0.3145450673656987, 0.0, 0.7679470717100907, 0.7096986072220842, 0.7143701725684438, 0.7849296524025421, 1.030438381826351, 0.9950172341245532, 0.9746989473394493, 1.0136227038721959, 1.2997997424444736, 1.2755165239994855, 1.2109322966651892, 1.1985529490019597, 1.5394974441222649, 1.5805737366407007, 1.6179763852808555, 1.6521102449563076], [1.095288620915443, 0.6657351323341638, 0.45673278227114805, 0.534888831662234, 0.7679470717100907, 0.0, 0.3360117534377319, 0.08348358221887653, 0.1236007291115198, 0.2708711237734766, 0.40780913475233116, 0.21973179437296944, 0.26803762582521284, 0.5438037870650141, 0.6065011463254728, 0.4653823962000093, 0.4318531303919471, 0.7843605204854353, 0.8788648410760227, 0.9207355351901367, 0.9632134623507832], [1.4136334480352906, 1.0005504485553718, 0.7294293094036358, 0.6128151444901013, 0.7096986072220842, 0.3360117534377319, 0.0, 0.2617183699155421, 0.4526117182034452, 0.45397553305671984, 0.2903207096777031, 0.40650584766249237, 0.5657620811845802, 0.6735672390896116, 0.5765876380020049, 0.5760150963484392, 0.6491145669859705, 0.8957669353364817, 0.8861405691425952, 0.9311555025019832, 0.9779847294828166], [1.1764182511449461, 0.7396885029316992, 0.4937376235917798, 0.5065879343683162, 0.7143701725684438, 0.08348358221887653, 0.2617183699155421, 0.0, 0.19126599605946987, 0.31717898869185734, 0.38189521231069756, 0.2606920569294244, 0.3448791694594935, 0.5868939779346023, 0.6117090324025642, 0.5004814317381193, 0.4931193343328824, 0.8272530861689837, 0.8990405669651585, 0.9430648877229535, 0.9878135454266089], [1.0053142368808203, 0.5487383742488231, 0.35388302603432076, 0.5163772160474663, 0.7849296524025421, 0.1236007291115198, 0.4526117182034452, 0.19126599605946987, 0.0, 0.32204793019954964, 0.5203344226902343, 0.28001215543553243, 0.23148706255398302, 0.5820727086472978, 0.6918223263923011, 0.5169783007413489, 0.4360440973688917, 0.8166748672766986, 0.9442964979340782, 0.984360066364224, 1.0236280195333438], [1.0, 0.7122130438859877, 0.6645976007847346, 0.8052872884756397, 1.030438381826351, 0.2708711237734766, 0.45397553305671984, 0.31717898869185734, 0.32204793019954964, 0.0, 0.32050024151217565, 0.062164846529242104, 0.19795912121450607, 0.2731832725767756, 0.38786507396388514, 0.1994330773173911, 0.1968029914384652, 0.5141203849573134, 0.6240705211859071, 0.6687606580955364, 0.7184345809598152], [1.3162539550404966, 1.0128965638745235, 0.864023089362608, 0.8589105058883476, 0.9950172341245532, 0.40780913475233116, 0.2903207096777031, 0.38189521231069756, 0.5203344226902343, 0.32050024151217565, 0.0, 0.3051023152753967, 0.5049522411281998, 0.4380901620933362, 0.2871176101805726, 0.3444203650954815, 0.484096657263249, 0.6332961277618899, 0.5987453775110457, 0.653917123338026, 0.7140563559053361], [1.0301104354651738, 0.7112793101492698, 0.6295556959874965, 0.7527648941128589, 0.9746989473394493, 0.21973179437296944, 0.40650584766249237, 0.2606920569294244, 0.28001215543553243, 0.062164846529242104, 0.3051023152753967, 0.0, 0.20004386575250258, 0.3284393566202482, 0.41543571452462047, 0.24740120400437185, 0.247011675510603, 0.5689125200947972, 0.6684009079410214, 0.7145806124046773, 0.7647987272633511], [0.848816916636016, 0.5159034567093644, 0.518565736322961, 0.7466335558418465, 1.0136227038721959, 0.26803762582521284, 0.5657620811845802, 0.3448791694594935, 0.23148706255398302, 0.19795912121450607, 0.5049522411281998, 0.20004386575250258, 0.0, 0.3900950216660344, 0.5756616250215223, 0.35155659083019897, 0.21769033674211194, 0.6093598999650666, 0.7765849789315878, 0.814006260513275, 0.8517779115971155], [0.9656689717199768, 0.8427632349095187, 0.9053758948579176, 1.077907834120117, 1.2997997424444736, 0.5438037870650141, 0.6735672390896116, 0.5868939779346023, 0.5820727086472978, 0.2731832725767756, 0.4380901620933362, 0.3284393566202482, 0.3900950216660344, 0.0, 0.2895257554734456, 0.10139506549524378, 0.18995924352773197, 0.24120449997959043, 0.3928307274846249, 0.4346969522302489, 0.4964212908853788], [1.254356353340044, 1.0801932056708075, 1.0435205479279748, 1.1139352019332223, 1.2755165239994855, 0.6065011463254728, 0.5765876380020049, 0.6117090324025642, 0.6918223263923011, 0.38786507396388514, 0.2871176101805726, 0.41543571452462047, 0.5756616250215223, 0.2895257554734456, 0.0, 0.24636742347412427, 0.43953472072768973, 0.393597887406986, 0.31487151033476407, 0.39069966599522815, 0.47323649514239463], [1.0206332227486192, 0.8401240931630712, 0.8542941539004218, 0.9989539739010488, 1.2109322966651892, 0.4653823962000093, 0.5760150963484392, 0.5004814317381193, 0.5169783007413489, 0.1994330773173911, 0.3444203650954815, 0.24740120400437185, 0.35155659083019897, 0.10139506549524378, 0.24636742347412427, 0.0, 0.1935863329161393, 0.3306195914128607, 0.43134261089583853, 0.47974629538720925, 0.5412095142903637], [0.83991757577779, 0.6562947090080471, 0.7339742910793596, 0.9492241607265376, 1.1985529490019597, 0.4318531303919471, 0.6491145669859705, 0.4931193343328824, 0.4360440973688917, 0.1968029914384652, 0.484096657263249, 0.247011675510603, 0.21769033674211194, 0.18995924352773197, 0.43953472072768973, 0.1935863329161393, 0.0, 0.39327817727848746, 0.5808050388130809, 0.6148327186151451, 0.6521362590983039], [0.9882216155508381, 0.99925581748689, 1.1263934955610804, 1.3179233042673841, 1.5394974441222649, 0.7843605204854353, 0.8957669353364817, 0.8272530861689837, 0.8166748672766986, 0.5141203849573134, 0.6332961277618899, 0.5689125200947972, 0.6093598999650666, 0.24120449997959043, 0.393597887406986, 0.3306195914128607, 0.39327817727848746, 0.0, 0.2810643317603054, 0.3190048465736854, 0.38753827897966525], [1.2660928860295133, 1.2299627915000566, 1.283827302085998, 1.403677887224006, 1.5805737366407007, 0.8788648410760227, 0.8861405691425952, 0.8990405669651585, 0.9442964979340782, 0.6240705211859071, 0.5987453775110457, 0.6684009079410214, 0.7765849789315878, 0.3928307274846249, 0.31487151033476407, 0.43134261089583853, 0.5808050388130809, 0.2810643317603054, 0.0, 0.13257674649695222, 0.24425073760905594], [1.2876807220962874, 1.2590371043685649, 1.3189803625526921, 1.4415741002243672, 1.6179763852808555, 0.9207355351901367, 0.9311555025019832, 0.9430648877229535, 0.984360066364224, 0.6687606580955364, 0.653917123338026, 0.7145806124046773, 0.814006260513275, 0.4346969522302489, 0.39069966599522815, 0.47974629538720925, 0.6148327186151451, 0.3190048465736854, 0.13257674649695222, 0.0, 0.11252452679360632], [1.3063689867307022, 1.2833699297712462, 1.3504982716392615, 1.476419076001795, 1.6521102449563076, 0.9632134623507832, 0.9779847294828166, 0.9878135454266089, 1.0236280195333438, 0.7184345809598152, 0.7140563559053361, 0.7647987272633511, 0.8517779115971155, 0.4964212908853788, 0.47323649514239463, 0.5412095142903637, 0.6521362590983039, 0.38753827897966525, 0.24425073760905594, 0.11252452679360632, 0.0]]