[[0.0, 0.40152397946402457, 0.8035622922722316, 1.1101225507704968, 1.313945971461104, 1.0451622139601833, 1.4387204227839836, 1.676575268486294, 1.8769834181474607, 1.0, 1.4367978195756133, 1.714775638192413, 1.9467155925686095, 0.8805877396684059, 1.0537921155736065, 0.7739446592673189, 0.591539715794064, 0.7421841715308934, 0.8947013399063131, 0.6786046928457121, 0.5345427079398134], [0.40152397946402457, 0.0, 0.4278781766267954, 0.7349184509720373, 0.9303616855949164, 0.7874062565679115, 1.164743608862088, 1.3985898251026725, 1.598004168146578, 0.8255109227008064, 1.2779734939401992, 1.557237149272744, 1.790611606973742, 0.7991706496384215, 0.9683231844140905, 0.6771657961559527, 0.48716053487052335, 0.7741121557410667, 0.8957688511101085, 0.6763448343032715, 0.5371171376418975], [0.8035622922722316, 0.4278781766267954, 0.0, 0.30839713432051513, 0.510731411942145, 0.48052930049696685, 0.7985194160181251, 1.0193537486429867, 1.2130624689120006, 0.6232620719052614, 1.0285112427803482, 1.2898452297784722, 1.5139000032625456, 0.7190544620081893, 0.8442202374325689, 0.619301234897728, 0.5175041476222139, 0.8241597429425406, 0.8833860752141655, 0.7235077391965714, 0.6492970893621346], [1.1101225507704968, 0.7349184509720373, 0.30839713432051513, 0.0, 0.2104069060721079, 0.4570370593517884, 0.6208690449370582, 0.8058076765524427, 0.9837012351692397, 0.6702618651481805, 0.9692631311405134, 1.1938746928706008, 1.3981983353285883, 0.8415389372296217, 0.9160344172896485, 0.7745678142766371, 0.7406313730676983, 1.0091729590790757, 1.0262827819504923, 0.9189850523748366, 0.8839293035446412], [1.313945971461104, 0.9303616855949164, 0.510731411942145, 0.2104069060721079, 0.0, 0.6037582398779144, 0.6423771659582834, 0.7751218141555795, 0.9261695851256807, 0.8271851773409934, 1.0541448206041426, 1.2451144603619435, 1.429048645891591, 1.0190294839807397, 1.071796774953901, 0.9640833528107854, 0.9458329529753037, 1.2026233995340712, 1.2063374024296747, 1.1163132598453753, 1.0897328376327169], [1.0451622139601833, 0.7874062565679115, 0.48052930049696685, 0.4570370593517884, 0.6037582398779144, 0.0, 0.3936960435736923, 0.6315228865032787, 0.8319977192479294, 0.22421661015629343, 0.5498936617007004, 0.8097512309135588, 1.0355259665301246, 0.4331554800663732, 0.46828952409322555, 0.4137730267103118, 0.49195566971500876, 0.6502152259689997, 0.6198754745455983, 0.5861848530826486, 0.62151853291452], [1.4387204227839836, 1.164743608862088, 0.7985194160181251, 0.6208690449370582, 0.6423771659582834, 0.3936960435736923, 0.0, 0.23795691911393368, 0.43865147115122094, 0.5108485980593496, 0.45747622258246706, 0.6056168900989717, 0.7882934876448217, 0.7321444055016808, 0.673986335472096, 0.7608327021167315, 0.8769834228682598, 0.9722326614480841, 0.8936700278946954, 0.9322593234182718, 0.9963677853280631], [1.676575268486294, 1.3985898251026725, 1.0193537486429867, 0.8058076765524427, 0.7751218141555795, 0.6315228865032787, 0.23795691911393368, 0.0, 0.20083009532126259, 0.7315580382376398, 0.5443556865811265, 0.5774924325654799, 0.6989760716566612, 0.9440408224767124, 0.8598576529170034, 0.9855513819262578, 1.1115660626205273, 1.184925711154637, 1.0913853311413997, 1.1538692828245696, 1.2270488745441772], [1.8769834181474607, 1.598004168146578, 1.2130624689120006, 0.9837012351692397, 0.9261695851256807, 0.8319977192479294, 0.43865147115122094, 0.20083009532126259, 0.0, 0.9221713660284868, 0.6706776898628235, 0.6191773174737911, 0.672755442495886, 1.1278641634674944, 1.0292803133291595, 1.1769558597865024, 1.3092101381687247, 1.3676621866946477, 1.2650570811988238, 1.3426023095500994, 1.4217433675030589], [1.0, 0.8255109227008064, 0.6232620719052614, 0.6702618651481805, 0.8271851773409934, 0.22421661015629343, 0.5108485980593496, 0.7315580382376398, 0.9221713660284868, 0.0, 0.45336641501549996, 0.733842260890753, 0.9678650840781131, 0.22661846615402806, 0.2465100121159333, 0.2552135640836879, 0.40943832414353115, 0.4631074047081809, 0.4058289848319939, 0.4229529318475704, 0.5037553447177255], [1.4367978195756133, 1.2779734939401992, 1.0285112427803482, 0.9692631311405134, 1.0541448206041426, 0.5498936617007004, 0.45747622258246706, 0.5443556865811265, 0.6706776898628235, 0.45336641501549996, 0.0, 0.2809254233600069, 0.5150183700429217, 0.5686545609067479, 0.4169566948198566, 0.6640150990461153, 0.8485088670191634, 0.7819310255947589, 0.6491956218812172, 0.7926054649227191, 0.9136945039529504], [1.714775638192413, 1.557237149272744, 1.2898452297784722, 1.1938746928706008, 1.2451144603619435, 0.8097512309135588, 0.6056168900989717, 0.5774924325654799, 0.6191773174737911, 0.733842260890753, 0.2809254233600069, 0.0, 0.23414464646175737, 0.840094253856131, 0.6769920916844501, 0.9411374724438147, 1.128221311018735, 1.0386253983030453, 0.8952728519872956, 1.0604106711845536, 1.1878484739120159], [1.9467155925686095, 1.790611606973742, 1.5139000032625456, 1.3981983353285883, 1.429048645891591, 1.0355259665301246, 0.7882934876448217, 0.6989760716566612, 0.672755442495886, 0.9678650840781131, 0.5150183700429217, 0.23414464646175737, 0.0, 1.0694895960277921, 0.9026132643809563, 1.173128858406509, 1.3615040159712148, 1.2594963969781745, 1.1120113523102793, 1.28720243325115, 1.4178426465080667], [0.8805877396684059, 0.7991706496384215, 0.7190544620081893, 0.8415389372296217, 1.0190294839807397, 0.4331554800663732, 0.7321444055016808, 0.9440408224767124, 1.1278641634674944, 0.22661846615402806, 0.5686545609067479, 0.840094253856131, 1.0694895960277921, 0.0, 0.17582550267132865, 0.12275649305278413, 0.3170495908161152, 0.24106512480664752, 0.18931281571256814, 0.22610517446099468, 0.3487800892935951], [1.0537921155736065, 0.9683231844140905, 0.8442202374325689, 0.9160344172896485, 1.071796774953901, 0.46828952409322555, 0.673986335472096, 0.8598576529170034, 1.0292803133291595, 0.2465100121159333, 0.4169566948198566, 0.6769920916844501, 0.9026132643809563, 0.17582550267132865, 0.0, 0.2945063593247217, 0.4909551662098097, 0.36553108367732656, 0.23809137911281666, 0.384809777904197, 0.5200642647168842], [0.7739446592673189, 0.6771657961559527, 0.619301234897728, 0.7745678142766371, 0.9640833528107854, 0.4137730267103118, 0.7608327021167315, 0.9855513819262578, 1.1769558597865024, 0.2552135640836879, 0.6640150990461153, 0.9411374724438147, 1.173128858406509, 0.12275649305278413, 0.2945063593247217, 0.0, 0.19662723043061484, 0.24212284484556976, 0.2646143058966394, 0.17427513163422237, 0.2537159411563794], [0.591539715794064, 0.48716053487052335, 0.5175041476222139, 0.7406313730676983, 0.9458329529753037, 0.49195566971500876, 0.8769834228682598, 1.1115660626205273, 1.3092101381687247, 0.40943832414353115, 0.8485088670191634, 1.128221311018735, 1.3615040159712148, 0.3170495908161152, 0.4909551662098097, 0.19662723043061484, 0.0, 0.3173772813421548, 0.4148634132636568, 0.21382743702593726, 0.14506856268641127], [0.7421841715308934, 0.7741121557410667, 0.8241597429425406, 1.0091729590790757, 1.2026233995340712, 0.6502152259689997, 0.9722326614480841, 1.184925711154637, 1.3676621866946477, 0.4631074047081809, 0.7819310255947589, 1.0386253983030453, 1.2594963969781745, 0.24106512480664752, 0.36553108367732656, 0.24212284484556976, 0.3173772813421548, 0.0, 0.15576045566909566, 0.10700847999782541, 0.23944071446608237], [0.8947013399063131, 0.8957688511101085, 0.8833860752141655, 1.0262827819504923, 1.2063374024296747, 0.6198754745455983, 0.8936700278946954, 1.0913853311413997, 1.2650570811988238, 0.4058289848319939, 0.6491956218812172, 0.8952728519872956, 1.1120113523102793, 0.18931281571256814, 0.23809137911281666, 0.2646143058966394, 0.4148634132636568, 0.15576045566909566, 0.0, 0.22566976956434315, 0.37601452610209024], [0.6786046928457121, 0.6763448343032715, 0.7235077391965714, 0.9189850523748366, 1.1163132598453753, 0.5861848530826486, 0.9322593234182718, 1.1538692828245696, 1.3426023095500994, 0.4229529318475704, 0.7926054649227191, 1.0604106711845536, 1.28720243325115, 0.22610517446099468, 0.384809777904197, 0.17427513163422237, 0.21382743702593726, 0.10700847999782541, 0.22566976956434315, 0.0, 0.15068772826282611], [0.5345427079398134, 0.5371171376418975, 0.6492970893621346, 0.8839293035446412, 1.0897328376327169, 0.62151853291452, 0.9963677853280631, 1.2270488745441772, 1.4217433675030589, 0.5037553447177255, 0.9136945039529504, 1.1878484739120159, 1.4178426465080667, 0.3487800892935951, 0.5200642647168842, 0.2537159411563794, 0.14506856268641127, 0.23944071446608237, 0.37601452610209024, 0.15068772826282611, 0.0]]