[[0.0, 0.31311513419846565, 0.6424086726028527, 0.8337761230583793, 0.8470914362516981, 1.03526156487864, 1.4284883740575638, 1.250571198034753, 1.054398373161691, 1.0, 1.3923797765649306, 1.1413797501085785, 0.9564481021872159, 0.9621819632701445, 1.3428051948770874, 1.1345404702438209, 0.9462668057114678, 0.9280327668112751, 1.1930035103391943, 1.091139520833443, 0.9611386849332247], [0.31311513419846565, 0.0, 0.3516440799995026, 0.5877640322867664, 0.6715417028000915, 0.8281972744623322, 1.2331907734491119, 1.052221410977278, 0.8502369700992477, 0.8554191092542685, 1.248942187150278, 0.9965512611464553, 0.8029813541924873, 0.8862570380630241, 1.253901975232414, 1.0467564225063897, 0.8594918685988472, 0.9301536433215858, 1.1669025657500631, 1.063767531768383, 0.9387333562386586], [0.6424086726028527, 0.3516440799995026, 0.0, 0.2723406023312783, 0.4423672435963419, 0.53695035563198, 0.9340163931987359, 0.7570001975494374, 0.561103779126602, 0.6372249161217478, 1.0012646046027696, 0.7636713201664395, 0.5809404980388996, 0.7477020495853837, 1.0652362228837113, 0.8755248050856355, 0.7120730996441492, 0.8764740130298041, 1.0552889465346988, 0.9604126721621594, 0.8559278045652448], [0.8337761230583793, 0.5877640322867664, 0.2723406023312783, 0.0, 0.23003375937483753, 0.26883828983383645, 0.6641634427148495, 0.48673235147328475, 0.2924741591702811, 0.404987412161447, 0.7397846056056508, 0.5142496295140886, 0.35141313622410336, 0.5655495716740855, 0.8303669616532123, 0.6591431280583768, 0.5270744681028259, 0.7466579769874139, 0.8697702311123363, 0.786350625572184, 0.7058187132385995], [0.8470914362516981, 0.6715417028000915, 0.4423672435963419, 0.23003375937483753, 0.0, 0.21178261199005427, 0.585610572003841, 0.4105142393839897, 0.22877517567637182, 0.20210004741536347, 0.5825233766346769, 0.33386186594717154, 0.14697637392042837, 0.3375750262748076, 0.6257070525091675, 0.43962718223516073, 0.299012594712922, 0.5273609070742759, 0.641841403782339, 0.5575681887997177, 0.4809223845103529], [1.03526156487864, 0.8281972744623322, 0.53695035563198, 0.26883828983383645, 0.21178261199005427, 0.0, 0.4052953499879385, 0.22499805264919182, 0.052327012725591156, 0.22436068220742464, 0.4774119389334107, 0.27900151140253515, 0.19926791664398805, 0.43819927408354836, 0.6010586149902354, 0.46705162076780027, 0.4031065481898328, 0.6630767424677287, 0.7047083319346074, 0.6425626399627973, 0.6017563168032374], [1.4284883740575638, 1.2331907734491119, 0.9340163931987359, 0.6641634427148495, 0.585610572003841, 0.4052953499879385, 0.0, 0.1814645916545944, 0.3832024444243239, 0.45908290900258036, 0.2618543293702744, 0.35023196733692685, 0.487025618106413, 0.6243922258642265, 0.504673203264672, 0.525582181825681, 0.607598582335958, 0.8449958258389807, 0.7443392293682152, 0.7372320394219141, 0.769287003361571], [1.250571198034753, 1.052221410977278, 0.7570001975494374, 0.48673235147328475, 0.4105142393839897, 0.22499805264919182, 0.1814645916545944, 0.0, 0.20228606157098383, 0.3110839468330412, 0.3115911325221635, 0.2435443260778321, 0.3251132230098379, 0.5067870619850149, 0.5069431179449073, 0.4519626980045766, 0.48074705486902686, 0.7379753225748888, 0.6944720115668281, 0.662069559746863, 0.6648757237859071], [1.054398373161691, 0.8502369700992477, 0.561103779126602, 0.2924741591702811, 0.22877517567637182, 0.052327012725591156, 0.3832024444243239, 0.20228606157098383, 0.0, 0.22357849603966565, 0.45574737812793825, 0.2631351440878833, 0.1977871854449834, 0.4360059183402491, 0.5841477079924136, 0.4551516436372468, 0.3995526512206022, 0.6624150318988957, 0.696066598516385, 0.6359528258817231, 0.5989035995479329], [1.0, 0.8554191092542685, 0.6372249161217478, 0.404987412161447, 0.20210004741536347, 0.22436068220742464, 0.45908290900258036, 0.3110839468330412, 0.22357849603966565, 0.0, 0.3962253871790832, 0.14360919375144873, 0.06166197097070405, 0.21695426828114045, 0.42930711097524094, 0.2576608736753463, 0.18562234439461897, 0.4474709265734129, 0.48516077617225956, 0.41882356547401467, 0.38207926069589276], [1.3923797765649306, 1.248942187150278, 1.0012646046027696, 0.7397846056056508, 0.5825233766346769, 0.4774119389334107, 0.2618543293702744, 0.3115911325221635, 0.45574737812793825, 0.3962253871790832, 0.0, 0.25394294076193785, 0.4465341707199233, 0.4739864240874719, 0.24692987393479413, 0.3270388553197234, 0.4722929285761969, 0.6606507320711067, 0.507201304246292, 0.5217144528596894, 0.5851252419823629], [1.1413797501085785, 0.9965512611464553, 0.7636713201664395, 0.5142496295140886, 0.33386186594717154, 0.27900151140253515, 0.35023196733692685, 0.2435443260778321, 0.2631351440878833, 0.14360919375144873, 0.25394294076193785, 0.0, 0.19403088541874708, 0.27665276550640205, 0.324626778384518, 0.21336486532084756, 0.25813089832987374, 0.5022609511695391, 0.4588422307831479, 0.4200570206757321, 0.4270222507071664], [0.9564481021872159, 0.8029813541924873, 0.5809404980388996, 0.35141313622410336, 0.14697637392042837, 0.19926791664398805, 0.487025618106413, 0.3251132230098379, 0.1977871854449834, 0.06166197097070405, 0.4465341707199233, 0.19403088541874708, 0.0, 0.24605939380789374, 0.48590964323838953, 0.3087723286376516, 0.20707195957907845, 0.4677599209991271, 0.5306113423584248, 0.45738571995515714, 0.40619678321669556], [0.9621819632701445, 0.8862570380630241, 0.7477020495853837, 0.5655495716740855, 0.3375750262748076, 0.43819927408354836, 0.6243922258642265, 0.5067870619850149, 0.4360059183402491, 0.21695426828114045, 0.4739864240874719, 0.27665276550640205, 0.24605939380789374, 0.0, 0.3807952643361836, 0.17387840620395223, 0.04750087947653605, 0.23290801267749484, 0.30946675622832504, 0.22201977655848446, 0.1663313944156165], [1.3428051948770874, 1.253901975232414, 1.0652362228837113, 0.8303669616532123, 0.6257070525091675, 0.6010586149902354, 0.504673203264672, 0.5069431179449073, 0.5841477079924136, 0.42930711097524094, 0.24692987393479413, 0.324626778384518, 0.48590964323838953, 0.3807952643361836, 0.0, 0.2098510625488825, 0.39960190589052386, 0.4931803588508244, 0.2800621676304701, 0.3253487353536895, 0.42596140303466207], [1.1345404702438209, 1.0467564225063897, 0.8755248050856355, 0.6591431280583768, 0.43962718223516073, 0.46705162076780027, 0.525582181825681, 0.4519626980045766, 0.4551516436372468, 0.2576608736753463, 0.3270388553197234, 0.21336486532084756, 0.3087723286376516, 0.17387840620395223, 0.2098510625488825, 0.0, 0.1903557517171612, 0.33559594548576244, 0.247305692544451, 0.21441944811655503, 0.25912206975357277], [0.9462668057114678, 0.8594918685988472, 0.7120730996441492, 0.5270744681028259, 0.299012594712922, 0.4031065481898328, 0.607598582335958, 0.48074705486902686, 0.3995526512206022, 0.18562234439461897, 0.4722929285761969, 0.25813089832987374, 0.20707195957907845, 0.04750087947653605, 0.39960190589052386, 0.1903557517171612, 0.0, 0.26597438760641495, 0.3480258059877024, 0.26125419378250636, 0.2000618198928992], [0.9280327668112751, 0.9301536433215858, 0.8764740130298041, 0.7466579769874139, 0.5273609070742759, 0.6630767424677287, 0.8449958258389807, 0.7379753225748888, 0.6624150318988957, 0.4474709265734129, 0.6606507320711067, 0.5022609511695391, 0.4677599209991271, 0.23290801267749484, 0.4931803588508244, 0.33559594548576244, 0.26597438760641495, 0.0, 0.2709093774730288, 0.17821694871655974, 0.08044744646868533], [1.1930035103391943, 1.1669025657500631, 1.0552889465346988, 0.8697702311123363, 0.641841403782339, 0.7047083319346074, 0.7443392293682152, 0.6944720115668281, 0.696066598516385, 0.48516077617225956, 0.507201304246292, 0.4588422307831479, 0.5306113423584248, 0.30946675622832504, 0.2800621676304701, 0.247305692544451, 0.3480258059877024, 0.2709093774730288, 0.0, 0.10417530955517285, 0.23319389774690685], [1.091139520833443, 1.063767531768383, 0.9604126721621594, 0.786350625572184, 0.5575681887997177, 0.6425626399627973, 0.7372320394219141, 0.662069559746863, 0.6359528258817231, 0.41882356547401467, 0.5217144528596894, 0.4200570206757321, 0.45738571995515714, 0.22201977655848446, 0.3253487353536895, 0.21441944811655503, 0.26125419378250636, 0.17821694871655974, 0.10417530955517285, 0.0, 0.13035434435589688], [0.9611386849332247, 0.9387333562386586, 0.8559278045652448, 0.7058187132385995, 0.4809223845103529, 0.6017563168032374, 0.769287003361571, 0.6648757237859071, 0.5989035995479329, 0.38207926069589276, 0.5851252419823629, 0.4270222507071664, 0.40619678321669556, 0.1663313944156165, 0.42596140303466207, 0.25912206975357277, 0.2000618198928992, 0.08044744646868533, 0.23319389774690685, 0.13035434435589688, 0.0]]