[[0.0, 0.48979427655388674, 1.0511420541235164, 1.4695577654717606, 1.7571359554408605, 1.0951244931189648, 1.4081523556837454, 1.1088713235929393, 0.8897228914498637, 1.0, 1.290002744846156, 0.9149451442797506, 0.7051368164788728, 0.9227890788263261, 1.2178245317986238, 0.8501798772423177, 0.6354255530732429, 0.8979293513868268, 1.104990147226053, 0.8549573181470587, 0.6884026565645851], [0.48979427655388674, 0.0, 0.5838762695307321, 0.9985481414008736, 1.2793149848519736, 0.7510425981725786, 1.0770640956771216, 0.7573959473271262, 0.5242648621593893, 0.7769210283397726, 1.0633920141384945, 0.6782482297618756, 0.4696200990438151, 0.8465124122298936, 1.102756762507366, 0.7491955620460793, 0.5691045700485096, 0.9759596829109256, 1.1165821358280363, 0.8847509491153772, 0.7520785809458219], [1.0511420541235164, 0.5838762695307321, 0.0, 0.4185498035729598, 0.7079166192046666, 0.4212852226968722, 0.6671622515724974, 0.4090710750588641, 0.32729317045975953, 0.647184554147055, 0.8215869806954756, 0.5842193297217336, 0.5501933484967548, 0.8834047063319801, 1.006476522656912, 0.8002224167778269, 0.7650360981960569, 1.1396342191193791, 1.1715524849189176, 1.0265718499627081, 0.9776545045506276], [1.4695577654717606, 0.9985481414008736, 0.4185498035729598, 0.0, 0.29472336544753214, 0.6179651526539935, 0.6649900049457057, 0.5963457531802945, 0.6686772869211339, 0.8927472584528128, 0.9427755380298843, 0.8685222708566811, 0.9149449319256209, 1.1663399582454443, 1.1967452981894717, 1.1031203924055997, 1.1262348830624624, 1.4498630345911507, 1.4278671645331045, 1.3381078718002302, 1.3255565759804433], [1.7571359554408605, 1.2793149848519736, 0.7079166192046666, 0.29472336544753214, 0.0, 0.8876341568181647, 0.858543774774326, 0.8654650240283202, 0.960728226519111, 1.160788625334163, 1.165601993239386, 1.1470420364972151, 1.2073118406560481, 1.4382323419361862, 1.4362134339708346, 1.381477215214805, 1.4169610443310188, 1.7261925743088282, 1.6867955665713785, 1.6158809957864508, 1.6126380023274371], [1.0951244931189648, 0.7510425981725786, 0.4212852226968722, 0.6179651526539935, 0.8876341568181647, 0.0, 0.3266533554339649, 0.02772419492615441, 0.22725922555848435, 0.27494749246691463, 0.4009197440405206, 0.265923212006545, 0.4018772964651914, 0.5508860278361399, 0.6013373342137981, 0.49690045144725614, 0.5740983187893691, 0.8390488114470626, 0.81114059986011, 0.7296815300267899, 0.7435608151088381], [1.4081523556837454, 1.0770640956771216, 0.6671622515724974, 0.6649900049457057, 0.858543774774326, 0.3266533554339649, 0.0, 0.3199753335435501, 0.5532023894412694, 0.45668740985796374, 0.3201449342202447, 0.5120298417102234, 0.7040950846794298, 0.704744048094043, 0.603452444555159, 0.6926643412090354, 0.8367262468306942, 0.9894626796570178, 0.8861297046166773, 0.8956660628414375, 0.961121478101631], [1.1088713235929393, 0.7573959473271262, 0.4090710750588641, 0.5963457531802945, 0.8654650240283202, 0.02772419492615441, 0.3199753335435501, 0.0, 0.23387877384056296, 0.2971723964800981, 0.4129205246450004, 0.28722424408076175, 0.4187210380788359, 0.5730911587349715, 0.6196309831755862, 0.51867371735748, 0.5940393238827766, 0.8612103318419051, 0.8323317747270746, 0.7516933527145453, 0.7650029346155958], [0.8897228914498637, 0.5242648621593893, 0.32729317045975953, 0.6686772869211339, 0.960728226519111, 0.22725922555848435, 0.5532023894412694, 0.23387877384056296, 0.0, 0.3420847351659504, 0.5793965152596087, 0.2644022510811674, 0.24670480007059897, 0.5575595352529933, 0.7087648988632498, 0.47334752836535665, 0.45819871920262334, 0.8138295174409466, 0.847971348685162, 0.7006435818265652, 0.6628962395891927], [1.0, 0.7769210283397726, 0.647184554147055, 0.8927472584528128, 1.160788625334163, 0.27494749246691463, 0.45668740985796374, 0.2971723964800981, 0.3420847351659504, 0.0, 0.2954903699805003, 0.09966175746761459, 0.31716062739758655, 0.2785334356257855, 0.36697877340459484, 0.2413886360874965, 0.38865559607915406, 0.5697652467941494, 0.5387093929022694, 0.4638832048082623, 0.5067197444377658], [1.290002744846156, 1.0633920141384945, 0.8215869806954756, 0.9427755380298843, 1.165601993239386, 0.4009197440405206, 0.3201449342202447, 0.4129205246450004, 0.5793965152596087, 0.2954903699805003, 0.0, 0.3909131529886497, 0.611536104089127, 0.44513669786533555, 0.28417007218947643, 0.4693023112215299, 0.6637092691646501, 0.7055080195166687, 0.5743606049135345, 0.6263808832664137, 0.7276343521733415], [0.9149451442797506, 0.6782482297618756, 0.5842193297217336, 0.8685222708566811, 1.1470420364972151, 0.265923212006545, 0.5120298417102234, 0.28722424408076175, 0.2644022510811674, 0.09966175746761459, 0.3909131529886497, 0.0, 0.22100503353710407, 0.30400642118187604, 0.4531617973209491, 0.23484118171635335, 0.3259775786100058, 0.5816087711825666, 0.5877143062487905, 0.4697964770824708, 0.47907230596000955], [0.7051368164788728, 0.4696200990438151, 0.5501933484967548, 0.9149449319256209, 1.2073118406560481, 0.4018772964651914, 0.7040950846794298, 0.4187210380788359, 0.24670480007059897, 0.31716062739758655, 0.611536104089127, 0.22100503353710407, 0.0, 0.3991266744126288, 0.6347526100391891, 0.30121458137946394, 0.21546196962871172, 0.6059224019028469, 0.6885197480702229, 0.49605668693991356, 0.42801216495748856], [0.9227890788263261, 0.8465124122298936, 0.8834047063319801, 1.1663399582454443, 1.4382323419361862, 0.5508860278361399, 0.704744048094043, 0.5730911587349715, 0.5575595352529933, 0.2785334356257855, 0.44513669786533555, 0.30400642118187604, 0.3991266744126288, 0.0, 0.29547392861595073, 0.09976740421690536, 0.30028932394385366, 0.2920727663732698, 0.2938414429320644, 0.19163252555715438, 0.28671521960316004], [1.2178245317986238, 1.102756762507366, 1.006476522656912, 1.1967452981894717, 1.4362134339708346, 0.6013373342137981, 0.603452444555159, 0.6196309831755862, 0.7087648988632498, 0.36697877340459484, 0.28417007218947643, 0.4531617973209491, 0.6347526100391891, 0.29547392861595073, 0.0, 0.3735484839225734, 0.5894219696603643, 0.4712060699175605, 0.2996210250373427, 0.42275250309655116, 0.5658803581525351], [0.8501798772423177, 0.7491955620460793, 0.8002224167778269, 1.1031203924055997, 1.381477215214805, 0.49690045144725614, 0.6926643412090354, 0.51867371735748, 0.47334752836535665, 0.2413886360874965, 0.4693023112215299, 0.23484118171635335, 0.30121458137946394, 0.09976740421690536, 0.3735484839225734, 0.0, 0.21670420279063468, 0.34759403626447627, 0.38873658821587553, 0.23517909061197473, 0.2691019207822853], [0.6354255530732429, 0.5691045700485096, 0.7650360981960569, 1.1262348830624624, 1.4169610443310188, 0.5740983187893691, 0.8367262468306942, 0.5940393238827766, 0.45819871920262334, 0.38865559607915406, 0.6637092691646501, 0.3259775786100058, 0.21546196962871172, 0.30028932394385366, 0.5894219696603643, 0.21670420279063468, 0.0, 0.41754713757381473, 0.5489937744633349, 0.31804525974204784, 0.21626106728217742], [0.8979293513868268, 0.9759596829109256, 1.1396342191193791, 1.4498630345911507, 1.7261925743088282, 0.8390488114470626, 0.9894626796570178, 0.8612103318419051, 0.8138295174409466, 0.5697652467941494, 0.7055080195166687, 0.5816087711825666, 0.6059224019028469, 0.2920727663732698, 0.4712060699175605, 0.34759403626447627, 0.41754713757381473, 0.0, 0.22692906825998488, 0.11402866411628022, 0.22863174461580432], [1.104990147226053, 1.1165821358280363, 1.1715524849189176, 1.4278671645331045, 1.6867955665713785, 0.81114059986011, 0.8861297046166773, 0.8323317747270746, 0.847971348685162, 0.5387093929022694, 0.5743606049135345, 0.5877143062487905, 0.6885197480702229, 0.2938414429320644, 0.2996210250373427, 0.38873658821587553, 0.5489937744633349, 0.22692906825998488, 0.0, 0.251677866242636, 0.41748695444069917], [0.8549573181470587, 0.8847509491153772, 1.0265718499627081, 1.3381078718002302, 1.6158809957864508, 0.7296815300267899, 0.8956660628414375, 0.7516933527145453, 0.7006435818265652, 0.4638832048082623, 0.6263808832664137, 0.4697964770824708, 0.49605668693991356, 0.19163252555715438, 0.42275250309655116, 0.23517909061197473, 0.31804525974204784, 0.11402866411628022, 0.251677866242636, 0.0, 0.16695105327769466], [0.6884026565645851, 0.7520785809458219, 0.9776545045506276, 1.3255565759804433, 1.6126380023274371, 0.7435608151088381, 0.961121478101631, 0.7650029346155958, 0.6628962395891927, 0.5067197444377658, 0.7276343521733415, 0.47907230596000955, 0.42801216495748856, 0.28671521960316004, 0.5658803581525351, 0.2691019207822853, 0.21626106728217742, 0.22863174461580432, 0.41748695444069917, 0.16695105327769466, 0.0]]