[[0.0, 0.34867558520503367, 0.7166379421620658, 0.9676396558168441, 1.0499685864112722, 1.0394129199677504, 1.4004952744101231, 1.1925836126458855, 1.0204415655721544, 1.0, 1.3540648116581255, 1.0771399630710872, 1.0201748053535247, 0.9605771840513756, 1.2991706314579679, 1.0851281235288646, 0.8998790040869449, 0.9289083686796239, 1.2936076625041009, 1.5094783086649997, 1.6655892493991717], [0.34867558520503367, 0.0, 0.39909521633431694, 0.7022535967379386, 0.8605053084835843, 0.7339427840654135, 1.106600257368262, 0.9022688365981625, 0.7270906049777887, 0.7480942746543824, 1.109600388227367, 0.845318379539999, 0.7776291252924095, 0.7790669658021363, 1.1167840943160616, 0.9203275718693574, 0.742878080346032, 0.8302687387443126, 1.1909569747011175, 1.4128147740619017, 1.5691949890642163], [0.7166379421620658, 0.39909521633431694, 0.0, 0.3364456372283644, 0.5703568153457679, 0.3355311876835504, 0.7091568419582585, 0.5075249790413581, 0.33367867342795093, 0.39359083332765876, 0.7417710805622749, 0.5057456647996509, 0.43176806704770193, 0.5122173314835149, 0.8098590451918691, 0.6532733880629206, 0.51920721513224, 0.6614976141617163, 0.967616624738286, 1.1799956314315219, 1.328408727236897], [0.9676396558168441, 0.7022535967379386, 0.3364456372283644, 0.0, 0.28497261424383713, 0.18068172130432006, 0.44449964934755376, 0.2413920033490694, 0.12454056746224192, 0.06978977494941403, 0.4105951327333463, 0.18649237500072663, 0.10828153707773774, 0.2701783641294016, 0.4900774235116103, 0.3811327294507755, 0.33314285726606213, 0.4882929586514665, 0.7008219453768748, 0.8953805834477255, 1.034099570323304], [1.0499685864112722, 0.8605053084835843, 0.5703568153457679, 0.28497261424383713, 0.0, 0.45182244714458153, 0.5522215902712615, 0.4159110017203792, 0.39247579700998964, 0.22744406771815975, 0.35500325873423016, 0.15705627534380084, 0.19027508261328613, 0.09230763373563602, 0.25740355102347856, 0.10744298261243035, 0.17218364770976982, 0.2740340606612015, 0.4170144907704782, 0.616480547866649, 0.760693740835504], [1.0394129199677504, 0.7339427840654135, 0.3355311876835504, 0.18068172130432006, 0.45182244714458153, 0.0, 0.3746305061414553, 0.1810464664137487, 0.06694628831162372, 0.22674098386636168, 0.45949252880928865, 0.322472527433246, 0.26572709331386474, 0.4483554680241986, 0.6183081468900642, 0.545809785544737, 0.5093304892475602, 0.6681178914340513, 0.8618524745849838, 1.0442108981829028, 1.1746224630700888], [1.4004952744101231, 1.106600257368262, 0.7091568419582585, 0.44449964934755376, 0.5522215902712615, 0.3746305061414553, 0.0, 0.20878764013954118, 0.3822375964456274, 0.4322845215322797, 0.28006727634957873, 0.42258357056831536, 0.4343245500506894, 0.6075321239721666, 0.5524732165711166, 0.6197460543279614, 0.6929351892461598, 0.8241956998072566, 0.8584319358597476, 0.9766810211068646, 1.0699000253131459], [1.1925836126458855, 0.9022688365981625, 0.5075249790413581, 0.2413920033490694, 0.4159110017203792, 0.1810464664137487, 0.20878764013954118, 0.0, 0.17552267490115245, 0.2426186329439379, 0.29867881689286563, 0.27118295448389174, 0.25616898792060216, 0.44842525875431244, 0.5091426349627965, 0.4990674657308273, 0.5258853825042649, 0.6745566471990746, 0.7889281834874062, 0.9461546757884324, 1.0630931618770185], [1.0204415655721544, 0.7270906049777887, 0.33367867342795093, 0.12454056746224192, 0.39247579700998964, 0.06694628831162372, 0.3822375964456274, 0.17552267490115245, 0.0, 0.16803796139329932, 0.42689843647255515, 0.2633002848569696, 0.2063116259249452, 0.38845726019836824, 0.5666688368293396, 0.4850126431400891, 0.4476335248133983, 0.6086326290470292, 0.8033838616677699, 0.9882224767519232, 1.120690273721265], [1.0, 0.7480942746543824, 0.39359083332765876, 0.06978977494941403, 0.22744406771815975, 0.22674098386636168, 0.4322845215322797, 0.2426186329439379, 0.16803796139329932, 0.0, 0.361862293562486, 0.11944354427562803, 0.05292446377911777, 0.22450308049004417, 0.4271949157820116, 0.32214978691106977, 0.2973401487162645, 0.44931742767088984, 0.6412949704064258, 0.8333462194893358, 0.9712831269061688], [1.3540648116581255, 1.109600388227367, 0.7417710805622749, 0.4105951327333463, 0.35500325873423016, 0.45949252880928865, 0.28006727634957873, 0.29867881689286563, 0.42689843647255515, 0.361862293562486, 0.0, 0.2781475106261571, 0.3361106785964749, 0.43487333375473425, 0.2765878607364359, 0.39189848916916703, 0.5198996435905981, 0.6166518824867093, 0.5848280677712857, 0.6971172451155138, 0.7949432188937784], [1.0771399630710872, 0.845318379539999, 0.5057456647996509, 0.18649237500072663, 0.15705627534380084, 0.322472527433246, 0.42258357056831536, 0.27118295448389174, 0.2633002848569696, 0.11944354427562803, 0.2781475106261571, 0.0, 0.09197529331285524, 0.19330297738242472, 0.3169272215466156, 0.23514918982380992, 0.2718302341217578, 0.4123070109805693, 0.5458684089906743, 0.7279375517867649, 0.8622357231945028], [1.0201748053535247, 0.7776291252924095, 0.43176806704770193, 0.10828153707773774, 0.19027508261328613, 0.26572709331386474, 0.4343245500506894, 0.25616898792060216, 0.2063116259249452, 0.05292446377911777, 0.3361106785964749, 0.09197529331285524, 0.0, 0.19894017169953776, 0.38657347159500255, 0.286449526412524, 0.27672605617229895, 0.4246857513269406, 0.6021755647845829, 0.7923267547737024, 0.929747254504774], [0.9605771840513756, 0.7790669658021363, 0.5122173314835149, 0.2701783641294016, 0.09230763373563602, 0.4483554680241986, 0.6075321239721666, 0.44842525875431244, 0.38845726019836824, 0.22450308049004417, 0.43487333375473425, 0.19330297738242472, 0.19894017169953776, 0.0, 0.3419742036975091, 0.14548532310445286, 0.10176722225245449, 0.22704048718323355, 0.45640171993098205, 0.6681191466607946, 0.8179834203497361], [1.2991706314579679, 1.1167840943160616, 0.8098590451918691, 0.4900774235116103, 0.25740355102347856, 0.6183081468900642, 0.5524732165711166, 0.5091426349627965, 0.5666688368293396, 0.4271949157820116, 0.2765878607364359, 0.3169272215466156, 0.38657347159500255, 0.3419742036975091, 0.0, 0.21745398109821232, 0.40089499632611303, 0.42853784469352385, 0.30917963683780125, 0.43921871646898936, 0.5595768425669899], [1.0851281235288646, 0.9203275718693574, 0.6532733880629206, 0.3811327294507755, 0.10744298261243035, 0.545809785544737, 0.6197460543279614, 0.4990674657308273, 0.4850126431400891, 0.32214978691106977, 0.39189848916916703, 0.23514918982380992, 0.286449526412524, 0.14548532310445286, 0.21745398109821232, 0.0, 0.18609334771507835, 0.2327725014524075, 0.3253208322235233, 0.5286042171049842, 0.6761799633718529], [0.8998790040869449, 0.742878080346032, 0.51920721513224, 0.33314285726606213, 0.17218364770976982, 0.5093304892475602, 0.6929351892461598, 0.5258853825042649, 0.4476335248133983, 0.2973401487162645, 0.5198996435905981, 0.2718302341217578, 0.27672605617229895, 0.10176722225245449, 0.40089499632611303, 0.18609334771507835, 0.0, 0.17419975597836948, 0.4591864908006686, 0.6781685594767769, 0.832360079127337], [0.9289083686796239, 0.8302687387443126, 0.6614976141617163, 0.4882929586514665, 0.2740340606612015, 0.6681178914340513, 0.8241956998072566, 0.6745566471990746, 0.6086326290470292, 0.44931742767088984, 0.6166518824867093, 0.4123070109805693, 0.4246857513269406, 0.22704048718323355, 0.42853784469352385, 0.2327725014524075, 0.17419975597836948, 0.0, 0.36781857104173304, 0.5882765207343964, 0.7454517785115506], [1.2936076625041009, 1.1909569747011175, 0.967616624738286, 0.7008219453768748, 0.4170144907704782, 0.8618524745849838, 0.8584319358597476, 0.7889281834874062, 0.8033838616677699, 0.6412949704064258, 0.5848280677712857, 0.5458684089906743, 0.6021755647845829, 0.45640171993098205, 0.30917963683780125, 0.3253208322235233, 0.4591864908006686, 0.36781857104173304, 0.0, 0.22214212142563772, 0.3790465638596244], [1.5094783086649997, 1.4128147740619017, 1.1799956314315219, 0.8953805834477255, 0.616480547866649, 1.0442108981829028, 0.9766810211068646, 0.9461546757884324, 0.9882224767519232, 0.8333462194893358, 0.6971172451155138, 0.7279375517867649, 0.7923267547737024, 0.6681191466607946, 0.43921871646898936, 0.5286042171049842, 0.6781685594767769, 0.5882765207343964, 0.22214212142563772, 0.0, 0.1574306305336409], [1.6655892493991717, 1.5691949890642163, 1.328408727236897, 1.034099570323304, 0.760693740835504, 1.1746224630700888, 1.0699000253131459, 1.0630931618770185, 1.120690273721265, 0.9712831269061688, 0.7949432188937784, 0.8622357231945028, 0.929747254504774, 0.8179834203497361, 0.5595768425669899, 0.6761799633718529, 0.832360079127337, 0.7454517785115506, 0.3790465638596244, 0.1574306305336409, 0.0]]