[[0.0, 0.3809275105619568, 0.8004221465211759, 1.0893739891214025, 1.2726148344490043, 0.9886662168318687, 1.309014400287496, 1.2780384751547527, 1.172262247862246, 1.0, 1.3483705296217772, 1.3683388529373008, 1.3663453976283282, 0.9901067569033158, 1.4127132176709603, 1.6889034580525852, 1.9224448869977224, 0.9576264266278387, 1.2945997622359844, 1.5267078224518458, 1.746069512891462], [0.3809275105619568, 0.0, 0.450981098813105, 0.7623185681216846, 0.9676607629464887, 0.7154451003323564, 1.035623404919978, 0.9906386622223627, 0.8732246409441679, 0.7923270593327578, 1.130612463836537, 1.1343353832717604, 1.1180325370401347, 0.8595051367317318, 1.260406123653827, 1.5138226747856793, 1.732722809612431, 0.9170853782698036, 1.2640154139083932, 1.4993096289183157, 1.7142736712947952], [0.8004221465211759, 0.450981098813105, 0.0, 0.3172543998696675, 0.5337449624239201, 0.34384097546621545, 0.6284956495074084, 0.5717284893662533, 0.4495288897954722, 0.5045663560612771, 0.7798708067160142, 0.7665236236914841, 0.7401065876290329, 0.665383708005578, 0.9768287943848339, 1.1865894674091964, 1.3810500375431922, 0.8262995873859862, 1.1280306711404833, 1.3440009303553444, 1.5386246345701267], [1.0893739891214025, 0.7623185681216846, 0.3172543998696675, 0.0, 0.22304228285976582, 0.22068253154702802, 0.34662362737008806, 0.2798483578974079, 0.17371669359678663, 0.4110258158367388, 0.5494289723614594, 0.5260543656202779, 0.515669177112381, 0.6168973659623062, 0.794277908561392, 0.9510087935076477, 1.1189120512560333, 0.8298751978402139, 1.0579793229162806, 1.242388545051567, 1.4108997087859734], [1.2726148344490043, 0.9676607629464887, 0.5337449624239201, 0.22304228285976582, 0.0, 0.3022654086360012, 0.1637052416062928, 0.10969014719127644, 0.12592799666253318, 0.4192833427881466, 0.39753314886245, 0.3845097328183424, 0.4183289706021083, 0.6137861325636755, 0.6630273548853589, 0.7702447541575549, 0.9170801963701346, 0.8394485580333201, 0.9988085606708151, 1.1522321781971543, 1.296982605783744], [0.9886662168318687, 0.7154451003323564, 0.34384097546621545, 0.22068253154702802, 0.3022654086360012, 0.0, 0.3236451391509931, 0.2910864565965782, 0.20433805472642003, 0.19914541142073616, 0.438355264780807, 0.4319769103201512, 0.43150094204817757, 0.40207407346823354, 0.6401312123780432, 0.8441134665022121, 1.0425240765091612, 0.6131224158911808, 0.8534714874056938, 1.0493906846632384, 1.2295844394060313], [1.309014400287496, 1.035623404919978, 0.6284956495074084, 0.34662362737008806, 0.1637052416062928, 0.3236451391509931, 0.0, 0.08424173828526897, 0.19775368898004075, 0.3612943799805511, 0.24530960251711492, 0.26136752606740177, 0.3456945831449174, 0.5281624758081269, 0.5122490511170311, 0.6181982082725405, 0.7760047570600807, 0.7517505082296688, 0.8709336954973054, 1.0108047749981184, 1.1480350343601027], [1.2780384751547527, 0.9906386622223627, 0.5717284893662533, 0.2798483578974079, 0.10969014719127644, 0.2910864565965782, 0.08424173828526897, 0.0, 0.12681658376432184, 0.36951933226713046, 0.3137817541819066, 0.30215704798791804, 0.35557967286476566, 0.5540067286040471, 0.5801690322258785, 0.6915931512281379, 0.8464962891084928, 0.7799128137245649, 0.9230655973581008, 1.0718483752264658, 1.214712966770664], [1.172262247862246, 0.8732246409441679, 0.4495288897954722, 0.17371669359678663, 0.12592799666253318, 0.20433805472642003, 0.19775368898004075, 0.12681658376432184, 0.0, 0.341279642532165, 0.4018527466743522, 0.3770819077145766, 0.3879665915977741, 0.5427514423528931, 0.6548382428285023, 0.7974214723199412, 0.9639088514083844, 0.7658610834021489, 0.9536285626294638, 1.1224568247653992, 1.2803409872520068], [1.0, 0.7923270593327578, 0.5045663560612771, 0.4110258158367388, 0.4192833427881466, 0.19914541142073616, 0.3612943799805511, 0.36951933226713046, 0.341279642532165, 0.0, 0.34994833922941093, 0.3819789350445142, 0.4389815879341748, 0.20799657745709296, 0.48127655069871167, 0.7222172557626511, 0.9421931891502598, 0.42937779329636383, 0.6547607767677616, 0.8538809746687623, 1.039679992338482], [1.3483705296217772, 1.130612463836537, 0.7798708067160142, 0.5494289723614594, 0.39753314886245, 0.438355264780807, 0.24530960251711492, 0.3137817541819066, 0.4018527466743522, 0.34994833922941093, 0.0, 0.1621423293451102, 0.30878885963511105, 0.4239802469906931, 0.2755485417456245, 0.40922985601106027, 0.6075877613957975, 0.6188655419795984, 0.6614597950698549, 0.7785972138601484, 0.9082253468284853], [1.3683388529373008, 1.1343353832717604, 0.7665236236914841, 0.5260543656202779, 0.3845097328183424, 0.4319769103201512, 0.26136752606740177, 0.30215704798791804, 0.3770819077145766, 0.3819789350445142, 0.1621423293451102, 0.0, 0.14819733946067065, 0.49412672552240744, 0.38845125599206975, 0.4507945642867089, 0.6176917590911133, 0.6928834982842296, 0.7501722746157696, 0.8596445750587054, 0.9802319167499297], [1.3663453976283282, 1.1180325370401347, 0.7401065876290329, 0.515669177112381, 0.4183289706021083, 0.43150094204817757, 0.3456945831449174, 0.35557967286476566, 0.3879665915977741, 0.4389815879341748, 0.30878885963511105, 0.14819733946067065, 0.0, 0.5701173398903004, 0.5164664361084604, 0.5546003683416914, 0.6654173510673358, 0.763572835260985, 0.8422051069967759, 0.9494706332679179, 1.0641681429786962], [0.9901067569033158, 0.8595051367317318, 0.665383708005578, 0.6168973659623062, 0.6137861325636755, 0.40207407346823354, 0.5281624758081269, 0.5540067286040471, 0.5427514423528931, 0.20799657745709296, 0.4239802469906931, 0.49412672552240744, 0.5701173398903004, 0.0, 0.4227199761274246, 0.7011504845891898, 0.9378805782784325, 0.22685132094531724, 0.46412172594665785, 0.6802854670602793, 0.8811464649433131], [1.4127132176709603, 1.260406123653827, 0.9768287943848339, 0.794277908561392, 0.6630273548853589, 0.6401312123780432, 0.5122490511170311, 0.5801690322258785, 0.6548382428285023, 0.48127655069871167, 0.2755485417456245, 0.38845125599206975, 0.5164664361084604, 0.4227199761274246, 0.0, 0.2841019736968986, 0.5236723424641317, 0.528749368055944, 0.4357368534639914, 0.5134858308973984, 0.6362914307988682], [1.6889034580525852, 1.5138226747856793, 1.1865894674091964, 0.9510087935076477, 0.7702447541575549, 0.8441134665022121, 0.6181982082725405, 0.6915931512281379, 0.7974214723199412, 0.7222172557626511, 0.40922985601106027, 0.4507945642867089, 0.5546003683416914, 0.7011504845891898, 0.2841019736968986, 0.0, 0.23968224183561634, 0.809635381980112, 0.652541731518958, 0.6348500079414585, 0.6659775299522828], [1.9224448869977224, 1.732722809612431, 1.3810500375431922, 1.1189120512560333, 0.9170801963701346, 1.0425240765091612, 0.7760047570600807, 0.8464962891084928, 0.9639088514083844, 0.9421931891502598, 0.6075877613957975, 0.6176917590911133, 0.6654173510673358, 0.9378805782784325, 0.5236723424641317, 0.23968224183561634, 0.0, 1.0483567744012003, 0.8685367214841542, 0.8076609794686586, 0.780650408488775], [0.9576264266278387, 0.9170853782698036, 0.8262995873859862, 0.8298751978402139, 0.8394485580333201, 0.6131224158911808, 0.7517505082296688, 0.7799128137245649, 0.7658610834021489, 0.42937779329636383, 0.6188655419795984, 0.6928834982842296, 0.763572835260985, 0.22685132094531724, 0.528749368055944, 0.809635381980112, 1.0483567744012003, 0.0, 0.3485446988069861, 0.5847492887500926, 0.8025126420210928], [1.2945997622359844, 1.2640154139083932, 1.1280306711404833, 1.0579793229162806, 0.9988085606708151, 0.8534714874056938, 0.8709336954973054, 0.9230655973581008, 0.9536285626294638, 0.6547607767677616, 0.6614597950698549, 0.7501722746157696, 0.8422051069967759, 0.46412172594665785, 0.4357368534639914, 0.652541731518958, 0.8685367214841542, 0.3485446988069861, 0.0, 0.2363254038068365, 0.45479729137363134], [1.5267078224518458, 1.4993096289183157, 1.3440009303553444, 1.242388545051567, 1.1522321781971543, 1.0493906846632384, 1.0108047749981184, 1.0718483752264658, 1.1224568247653992, 0.8538809746687623, 0.7785972138601484, 0.8596445750587054, 0.9494706332679179, 0.6802854670602793, 0.5134858308973984, 0.6348500079414585, 0.8076609794686586, 0.5847492887500926, 0.2363254038068365, 0.0, 0.21961764733590503], [1.746069512891462, 1.7142736712947952, 1.5386246345701267, 1.4108997087859734, 1.296982605783744, 1.2295844394060313, 1.1480350343601027, 1.214712966770664, 1.2803409872520068, 1.039679992338482, 0.9082253468284853, 0.9802319167499297, 1.0641681429786962, 0.8811464649433131, 0.6362914307988682, 0.6659775299522828, 0.780650408488775, 0.8025126420210928, 0.45479729137363134, 0.21961764733590503, 0.0]]