[[0.0, 0.3950273372770671, 0.7405059606427901, 1.0412783135271788, 1.2316915903880146, 1.0260817858233215, 1.4184983128260216, 1.6481700390671004, 1.8465046808510235, 1.0, 1.3713818359075913, 1.6030210643623701, 1.800138733109372, 0.9273045882032536, 1.249413157165671, 1.0392437764269118, 0.8499798656981514, 0.8580914151057492, 1.087638545662001, 0.9230456603197755, 0.7490231982705842], [0.3950273372770671, 0.0, 0.3941282354903813, 0.7360989878327169, 0.9594465979837307, 0.7467184474901761, 1.1337304582081509, 1.3638799943355486, 1.563922238487607, 0.7974456465537885, 1.173378640403122, 1.3996073592947658, 1.5936810460396855, 0.8165935697210714, 1.1204068132628213, 0.8914414251377305, 0.6979775623835708, 0.8588364466144374, 1.035863962427035, 0.8549925403942715, 0.6833664764290951], [0.7405059606427901, 0.3941282354903813, 0.0, 0.35024299223146754, 0.5855905053550169, 0.37860894840883363, 0.749139352227508, 0.9770448903722742, 1.1763351695016455, 0.49890033176820353, 0.8442187734377354, 1.0571649954788684, 1.2442108653599622, 0.614659083374582, 0.856363642321706, 0.6361569302151417, 0.47983203050482826, 0.7654302886939423, 0.8576230463565112, 0.690822752565078, 0.5683922297643851], [1.0412783135271788, 0.7360989878327169, 0.35024299223146754, 0.0, 0.24181350106724328, 0.08983653252619295, 0.40007630820835227, 0.6289731103656819, 0.8287686751321063, 0.3045250233143227, 0.5405212327193735, 0.731500497881233, 0.9097635627834488, 0.5163295743123318, 0.6307743549401551, 0.46210434950154045, 0.41525172147380274, 0.7455416561276096, 0.7314715139442955, 0.6145476904649577, 0.5827093810824246], [1.2316915903880146, 0.9594465979837307, 0.5855905053550169, 0.24181350106724328, 0.0, 0.21619512583974435, 0.19444594473998994, 0.41945868831916, 0.617260369526533, 0.2977660403875234, 0.3308167436747809, 0.4975931126271444, 0.6713123822580391, 0.5131518302448768, 0.4916943160410991, 0.40772632686744253, 0.4680826336501997, 0.7595711106654823, 0.6672235415586961, 0.6075245838274291, 0.6453565154893414], [1.0260817858233215, 0.7467184474901761, 0.37860894840883363, 0.08983653252619295, 0.21619512583974435, 0.0, 0.3937532998954306, 0.6246731212259296, 0.8244468303206293, 0.21855511178969114, 0.47719496091799096, 0.6810525940246851, 0.8662091800408476, 0.43401067757422707, 0.5494050634202086, 0.37693909506543155, 0.3402152930265273, 0.6678535780488047, 0.6465219007969054, 0.5332798811378912, 0.5131964075830474], [1.4184983128260216, 1.1337304582081509, 0.749139352227508, 0.40007630820835227, 0.19444594473998994, 0.3937532998954306, 0.0, 0.23117439422588873, 0.4312807789813879, 0.4749816239959906, 0.35449586588201476, 0.4284755008742768, 0.5645513163165365, 0.6783997682079307, 0.5813712668365444, 0.5597939466409746, 0.6490185217626617, 0.9227966823921284, 0.7976353047390051, 0.767577852405923, 0.8247318169851567], [1.6481700390671004, 1.3638799943355486, 0.9770448903722742, 0.6289731103656819, 0.41945868831916, 0.6246731212259296, 0.23117439422588873, 0.0, 0.20026123321573294, 0.6848180468265943, 0.4493567954472666, 0.3926441506090858, 0.4466993467289718, 0.8684566822476704, 0.7008093605323973, 0.7409100373421067, 0.8590917261419326, 1.1043788636921203, 0.9452076664220634, 0.9489409510550689, 1.0294241346283157], [1.8465046808510235, 1.563922238487607, 1.1763351695016455, 0.8287686751321063, 0.617260369526533, 0.8244468303206293, 0.4312807789813879, 0.20026123321573294, 0.0, 0.8728831031841906, 0.5902027094234537, 0.45658925869801253, 0.41899027287219853, 1.0429091877987806, 0.8371596557866546, 0.9124080082360507, 1.0456481742126944, 1.270470899206799, 1.0913941414409793, 1.1168576706090247, 1.211331222875331], [1.0, 0.7974456465537885, 0.49890033176820353, 0.3045250233143227, 0.2977660403875234, 0.21855511178969114, 0.4749816239959906, 0.6848180468265943, 0.8728831031841906, 0.0, 0.37890764904284, 0.6092847802101324, 0.8060674054742455, 0.2254979765940074, 0.35983671289194574, 0.16120305117272507, 0.17623467016714156, 0.4701352817831663, 0.42809660099803637, 0.32480804690176085, 0.3504027057027343], [1.3713818359075913, 1.173378640403122, 0.8442187734377354, 0.5405212327193735, 0.3308167436747809, 0.47719496091799096, 0.35449586588201476, 0.4493567954472666, 0.5902027094234537, 0.37890764904284, 0.0, 0.2318402061663172, 0.4290866585861795, 0.4786397995528134, 0.25202347441572326, 0.34895792394819297, 0.5231524133138211, 0.6876275212845878, 0.5018898185323151, 0.5385653431865848, 0.6608835637743224], [1.6030210643623701, 1.3996073592947658, 1.0571649954788684, 0.731500497881233, 0.4975931126271444, 0.6810525940246851, 0.4284755008742768, 0.3926441506090858, 0.45658925869801253, 0.6092847802101324, 0.2318402061663172, 0.0, 0.19731448439949467, 0.7012722221101039, 0.4230587471958382, 0.5742619887810495, 0.7541238612311071, 0.8913433584818955, 0.6787140667241919, 0.7502595126970142, 0.8858333049749899], [1.800138733109372, 1.5936810460396855, 1.2442108653599622, 0.9097635627834488, 0.6713123822580391, 0.8662091800408476, 0.5645513163165365, 0.4466993467289718, 0.41899027287219853, 0.8060674054742455, 0.4290866585861795, 0.19731448439949467, 0.0, 0.8941049737951684, 0.6009396445791445, 0.7688457099477799, 0.9509320975160871, 1.0731484816229668, 0.849542421258674, 0.9374695230465697, 1.0792603382152892], [0.9273045882032536, 0.8165935697210714, 0.614659083374582, 0.5163295743123318, 0.5131518302448768, 0.43401067757422707, 0.6783997682079307, 0.8684566822476704, 1.0429091877987806, 0.2254979765940074, 0.4786397995528134, 0.7012722221101039, 0.8941049737951684, 0.0, 0.32257677232590765, 0.1334368126423933, 0.14040554185686166, 0.24705081555814792, 0.2434594648923248, 0.10101548572378867, 0.18609740344451214], [1.249413157165671, 1.1204068132628213, 0.856363642321706, 0.6307743549401551, 0.4916943160410991, 0.5494050634202086, 0.5813712668365444, 0.7008093605323973, 0.8371596557866546, 0.35983671289194574, 0.25202347441572326, 0.4230587471958382, 0.6009396445791445, 0.32257677232590765, 0.0, 0.23020820839218342, 0.42425843382964323, 0.47282810349355076, 0.25795447737569427, 0.34290529535871633, 0.5031186667818329], [1.0392437764269118, 0.8914414251377305, 0.6361569302151417, 0.46210434950154045, 0.40772632686744253, 0.37693909506543155, 0.5597939466409746, 0.7409100373421067, 0.9124080082360507, 0.16120305117272507, 0.34895792394819297, 0.5742619887810495, 0.7688457099477799, 0.1334368126423933, 0.23020820839218342, 0.0, 0.19666035686179267, 0.36615466549092324, 0.27446127564754025, 0.21065399057958906, 0.3129232085036199], [0.8499798656981514, 0.6979775623835708, 0.47983203050482826, 0.41525172147380274, 0.4680826336501997, 0.3402152930265273, 0.6490185217626617, 0.8590917261419326, 1.0456481742126944, 0.17623467016714156, 0.5231524133138211, 0.7541238612311071, 0.9509320975160871, 0.14040554185686166, 0.42425843382964323, 0.19666035686179267, 0.0, 0.33518041750428024, 0.3809410724123809, 0.22179093137663067, 0.18194323715837574], [0.8580914151057492, 0.8588364466144374, 0.7654302886939423, 0.7455416561276096, 0.7595711106654823, 0.6678535780488047, 0.9227966823921284, 1.1043788636921203, 1.270470899206799, 0.4701352817831663, 0.6876275212845878, 0.8913433584818955, 1.0731484816229668, 0.24705081555814792, 0.47282810349355076, 0.36615466549092324, 0.33518041750428024, 0.0, 0.24385906727254222, 0.15673448371626827, 0.19838241526387787], [1.087638545662001, 1.035863962427035, 0.8576230463565112, 0.7314715139442955, 0.6672235415586961, 0.6465219007969054, 0.7976353047390051, 0.9452076664220634, 1.0913941414409793, 0.42809660099803637, 0.5018898185323151, 0.6787140667241919, 0.849542421258674, 0.2434594648923248, 0.25795447737569427, 0.27446127564754025, 0.3809410724123809, 0.24385906727254222, 0.0, 0.18114507459575033, 0.3562528573942907], [0.9230456603197755, 0.8549925403942715, 0.690822752565078, 0.6145476904649577, 0.6075245838274291, 0.5332798811378912, 0.767577852405923, 0.9489409510550689, 1.1168576706090247, 0.32480804690176085, 0.5385653431865848, 0.7502595126970142, 0.9374695230465697, 0.10101548572378867, 0.34290529535871633, 0.21065399057958906, 0.22179093137663067, 0.15673448371626827, 0.18114507459575033, 0.0, 0.1784965949663567], [0.7490231982705842, 0.6833664764290951, 0.5683922297643851, 0.5827093810824246, 0.6453565154893414, 0.5131964075830474, 0.8247318169851567, 1.0294241346283157, 1.211331222875331, 0.3504027057027343, 0.6608835637743224, 0.8858333049749899, 1.0792603382152892, 0.18609740344451214, 0.5031186667818329, 0.3129232085036199, 0.18194323715837574, 0.19838241526387787, 0.3562528573942907, 0.1784965949663567, 0.0]]