[[0.0, 0.3429419422676006, 0.6390521173098791, 0.803029777349106, 0.9153181113915955, 1.043021280964806, 1.4533939024143334, 1.7177753921977186, 1.9348671935664061, 1.0, 1.485239030271585, 1.7879758081239974, 2.0406944248185876, 0.9047824847242606, 1.1153242421400478, 0.8230740082974778, 0.6351459550239208, 0.8059039711306625, 0.953379567786581, 0.7491123952952955, 0.6014896656392249], [0.3429419422676006, 0.0, 0.3476955105241786, 0.5861325110730162, 0.7751585752221126, 0.8295687622645427, 1.263274405958028, 1.5401692973534193, 1.767367861403514, 0.8513667147064455, 1.3335704125323349, 1.6345241689113008, 1.8875276836455583, 0.8366266633378286, 1.041172716147753, 0.7426825825479654, 0.545715819300824, 0.8347129830662127, 0.9498914939426822, 0.7401860877104456, 0.5952228803564288], [0.6390521173098791, 0.3476955105241786, 0.0, 0.2790524071299639, 0.5181196817467695, 0.504097768876608, 0.9391241347873012, 1.2184172494571168, 1.448288113976134, 0.5765159264693348, 1.0312910038804568, 1.3249532109402111, 1.5748475608539936, 0.642214282061405, 0.817346546089437, 0.5530584183030682, 0.40474916595823496, 0.7398971218442005, 0.8049333542248884, 0.6268946792554299, 0.5267140906551036], [0.803029777349106, 0.5861325110730162, 0.2790524071299639, 0.0, 0.2530882681000514, 0.24818857118637044, 0.6783609033149699, 0.9553431911710726, 1.1831925667783774, 0.3020632647928403, 0.7574687820255736, 1.0546610867205142, 1.306447065028747, 0.41377799396615395, 0.5585247854040201, 0.3427862767859146, 0.29551083338485745, 0.5805988449871434, 0.5989860841322231, 0.47119734503628974, 0.4366395404906207], [0.9153181113915955, 0.7751585752221126, 0.5181196817467695, 0.2530882681000514, 0.0, 0.24146354950195248, 0.5524784409253859, 0.8076837326734941, 1.0236003822615982, 0.11026799586433342, 0.5788312632882896, 0.8812128555937284, 1.1343155375330212, 0.19637949607557525, 0.31176075045064316, 0.1833088855327587, 0.29666086819066284, 0.420617480560118, 0.3874627477234881, 0.3401649187192899, 0.3906414491644455], [1.043021280964806, 0.8295687622645427, 0.504097768876608, 0.24818857118637044, 0.24146354950195248, 0.0, 0.43583631492108305, 0.7148429928163657, 0.9445308486494274, 0.2073693406255698, 0.5361335956188863, 0.823310348876505, 1.0720000412302404, 0.4261539754481391, 0.4748454955734866, 0.40437740066708466, 0.46723111440959686, 0.6567899259185982, 0.6145134103114855, 0.5673529442696138, 0.5932365579354899], [1.4533939024143334, 1.263274405958028, 0.9391241347873012, 0.6783609033149699, 0.5524784409253859, 0.43583631492108305, 0.0, 0.2795366456681058, 0.5099909171542304, 0.46381190875207756, 0.18779000127995904, 0.40279652171510116, 0.6426841918511547, 0.6465596227594823, 0.5291942487434423, 0.6869174069262933, 0.8335082501266758, 0.8832938452378245, 0.7690318195610308, 0.8375153017836108, 0.9247215015248506], [1.7177753921977186, 1.5401692973534193, 1.2184172494571168, 0.9553431911710726, 0.8076837326734941, 0.7148429928163657, 0.2795366456681058, 0.0, 0.2307734159766978, 0.7186822105169959, 0.25954823500627583, 0.1620609876786367, 0.3696812473139047, 0.8671200036739151, 0.7039921119434769, 0.9237767005864133, 1.0891048596389752, 1.085213849503855, 0.9500346941938311, 1.0595112644967155, 1.165238451515402], [1.9348671935664061, 1.767367861403514, 1.448288113976134, 1.1831925667783774, 1.0236003822615982, 0.9445308486494274, 0.5099909171542304, 0.2307734159766978, 0.0, 0.9356071207624512, 0.45358022393891956, 0.17158946576809503, 0.1540376475627585, 1.06341499501035, 0.8813443693669305, 1.1281970060986772, 1.3027477465009067, 1.2659153584301475, 1.1212386195855455, 1.2530779938732926, 1.3688614269101478], [1.0, 0.8513667147064455, 0.5765159264693348, 0.3020632647928403, 0.11026799586433342, 0.2073693406255698, 0.46381190875207756, 0.7186822105169959, 0.9356071207624512, 0.0, 0.4886442573468121, 0.7921849020993221, 1.0459575791815485, 0.22878857366019745, 0.2777896379462854, 0.23653924997367348, 0.3725720022011888, 0.4707486984298558, 0.4107887325326788, 0.39804430277549474, 0.46423949608892223], [1.485239030271585, 1.3335704125323349, 1.0312910038804568, 0.7574687820255736, 0.5788312632882896, 0.5361335956188863, 0.18779000127995904, 0.25954823500627583, 0.45358022393891956, 0.4886442573468121, 0.0, 0.30366250707175024, 0.5574529100178067, 0.6144625783470037, 0.4468907617847461, 0.676361471657361, 0.8517193956943225, 0.8283773853100594, 0.6927656726576575, 0.8052683334726869, 0.9170785124198102], [1.7879758081239974, 1.6345241689113008, 1.3249532109402111, 1.0546610867205142, 0.8812128555937284, 0.823310348876505, 0.40279652171510116, 0.1620609876786367, 0.17158946576809503, 0.7921849020993221, 0.30366250707175024, 0.0, 0.2539390566881544, 0.9067564662995343, 0.7197365652776888, 0.9742103382813968, 1.1538409955325315, 1.1043092770437528, 0.957653551925451, 1.0937664944549133, 1.2135020590625312], [2.0406944248185876, 1.8875276836455583, 1.5748475608539936, 1.306447065028747, 1.1343155375330212, 1.0720000412302404, 0.6426841918511547, 0.3696812473139047, 0.1540376475627585, 1.0459575791815485, 0.5574529100178067, 0.2539390566881544, 0.0, 1.1540481713040245, 0.9599909808905109, 1.224366041419894, 1.4063727310659255, 1.341612469364608, 1.1905978801211752, 1.3383157888811985, 1.4622637783832273], [0.9047824847242606, 0.8366266633378286, 0.642214282061405, 0.41377799396615395, 0.19637949607557525, 0.4261539754481391, 0.6465596227594823, 0.8671200036739151, 1.06341499501035, 0.22878857366019745, 0.6144625783470037, 0.9067564662995343, 1.1540481713040245, 0.0, 0.21320810023766498, 0.09877754598132407, 0.2931950902793452, 0.24506113895836631, 0.19401095943026572, 0.19734846097935643, 0.3118547740728568], [1.1153242421400478, 1.041172716147753, 0.817346546089437, 0.5585247854040201, 0.31176075045064316, 0.4748454955734866, 0.5291942487434423, 0.7039921119434769, 0.8813443693669305, 0.2777896379462854, 0.4468907617847461, 0.7197365652776888, 0.9599909808905109, 0.21320810023766498, 0.0, 0.30126409088497225, 0.5007827050050023, 0.38688251054933764, 0.24708971574827832, 0.38189143322049324, 0.5172884793438687], [0.8230740082974778, 0.7426825825479654, 0.5530584183030682, 0.3427862767859146, 0.1833088855327587, 0.40437740066708466, 0.6869174069262933, 0.9237767005864133, 1.1281970060986772, 0.23653924997367348, 0.676361471657361, 0.9742103382813968, 1.224366041419894, 0.09877754598132407, 0.30126409088497225, 0.0, 0.19970951372485768, 0.2601965631450662, 0.26040172098106157, 0.16598094233003585, 0.24261159069838586], [0.6351459550239208, 0.545715819300824, 0.40474916595823496, 0.29551083338485745, 0.29666086819066284, 0.46723111440959686, 0.8335082501266758, 1.0891048596389752, 1.3027477465009067, 0.3725720022011888, 0.8517193956943225, 1.1538409955325315, 1.4063727310659255, 0.2931950902793452, 0.5007827050050023, 0.19970951372485768, 0.0, 0.33769437602183777, 0.41651808658904504, 0.2242032691040848, 0.1460641869959741], [0.8059039711306625, 0.8347129830662127, 0.7398971218442005, 0.5805988449871434, 0.420617480560118, 0.6567899259185982, 0.8832938452378245, 1.085213849503855, 1.2659153584301475, 0.4707486984298558, 0.8283773853100594, 1.1043092770437528, 1.341612469364608, 0.24506113895836631, 0.38688251054933764, 0.2601965631450662, 0.33769437602183777, 0.0, 0.1613102769387652, 0.11890330876809962, 0.2407811409216235], [0.953379567786581, 0.9498914939426822, 0.8049333542248884, 0.5989860841322231, 0.3874627477234881, 0.6145134103114855, 0.7690318195610308, 0.9500346941938311, 1.1212386195855455, 0.4107887325326788, 0.6927656726576575, 0.957653551925451, 1.1905978801211752, 0.19401095943026572, 0.24708971574827832, 0.26040172098106157, 0.41651808658904504, 0.1613102769387652, 0.0, 0.21214165493024265, 0.3633374724189337], [0.7491123952952955, 0.7401860877104456, 0.6268946792554299, 0.47119734503628974, 0.3401649187192899, 0.5673529442696138, 0.8375153017836108, 1.0595112644967155, 1.2530779938732926, 0.39804430277549474, 0.8052683334726869, 1.0937664944549133, 1.3383157888811985, 0.19734846097935643, 0.38189143322049324, 0.16598094233003585, 0.2242032691040848, 0.11890330876809962, 0.21214165493024265, 0.0, 0.15188524739035747], [0.6014896656392249, 0.5952228803564288, 0.5267140906551036, 0.4366395404906207, 0.3906414491644455, 0.5932365579354899, 0.9247215015248506, 1.165238451515402, 1.3688614269101478, 0.46423949608892223, 0.9170785124198102, 1.2135020590625312, 1.4622637783832273, 0.3118547740728568, 0.5172884793438687, 0.24261159069838586, 0.1460641869959741, 0.2407811409216235, 0.3633374724189337, 0.15188524739035747, 0.0]]