[[0.0, 0.29155099197172757, 0.5496725132875765, 0.6345260278781908, 0.7610610956265053, 1.0233458750596318, 1.4559501400408985, 1.720723592237059, 1.9481915858037313, 1.0, 1.4723230626859294, 1.76195829892136, 2.0101410285866086, 0.9514793198692348, 1.367463939671658, 1.622360850460353, 1.8579711592009016, 0.8698487755627703, 1.1057753068800487, 0.9882613008029323, 0.8348886145663034], [0.29155099197172757, 0.0, 0.30258439063168335, 0.5199001716400411, 0.7411024397112914, 0.8465421868903711, 1.2917030504625373, 1.565091270904303, 1.8001774811230027, 0.8822051501886031, 1.348206997200211, 1.6396594270332487, 1.8890756729994689, 0.8935626439407303, 1.290419893246345, 1.537142498134276, 1.7655518708496944, 0.8809001653211246, 1.0890403404090017, 0.9678511261240794, 0.8122904097695743], [0.5496725132875765, 0.30258439063168335, 0.0, 0.3316619979837501, 0.6099338187290997, 0.5628064820495979, 1.0064735997989516, 1.2814433437688735, 1.5185590911059037, 0.6401732210546858, 1.0852049123014338, 1.373464707739351, 1.621144195729957, 0.7049911624943264, 1.0632741329618274, 1.297475857411261, 1.517047592578594, 0.7620593497854667, 0.9247663691115307, 0.809207909829722, 0.6678695957600744], [0.6345260278781908, 0.5199001716400411, 0.3316619979837501, 0.0, 0.2832110914338152, 0.409600592141674, 0.8257128300749308, 1.0884572412495623, 1.3162150981971712, 0.3731770907792569, 0.8448425455591856, 1.1360932021174743, 1.3854328328068164, 0.382478538608067, 0.771551124666499, 1.0194022666656197, 1.249759046803805, 0.4351395474136428, 0.5955903027843813, 0.4785934019139417, 0.3373152392407464], [0.7610610956265053, 0.7411024397112914, 0.6099338187290997, 0.2832110914338152, 0.0, 0.520477374958684, 0.8272790540448511, 1.0539347198242983, 1.2588619308862423, 0.35539976849026844, 0.7700703292479153, 1.0443220757431935, 1.284992259288722, 0.21353672232988927, 0.6197223092957196, 0.8745471666812815, 1.111279949406669, 0.1531987821862474, 0.35285769520824595, 0.2343081890257784, 0.08921291152653693], [1.0233458750596318, 0.8465421868903711, 0.5628064820495979, 0.409600592141674, 0.520477374958684, 0.0, 0.44543975339245845, 0.719727993698177, 0.9562963768713307, 0.22014808255529061, 0.5361900796567478, 0.8173326531842244, 1.0625092908522207, 0.41561577316042714, 0.5816317896980712, 0.7774833289984869, 0.9787495322333938, 0.6144797616001255, 0.6153107114732882, 0.5501150350681844, 0.5093997794069326], [1.4559501400408985, 1.2917030504625373, 1.0064735997989516, 0.8257128300749308, 0.8272790540448511, 0.44543975339245845, 0.0, 0.27517893191781984, 0.5129601082514518, 0.482162600029449, 0.22364217147132368, 0.4142022756213723, 0.6410830548503778, 0.6364068355491634, 0.44766142136144843, 0.4889971303758569, 0.6176455980175362, 0.8505375883389052, 0.7130613948947923, 0.7249128413289793, 0.7794653116030568], [1.720723592237059, 1.565091270904303, 1.2814433437688735, 1.0884572412495623, 1.0539347198242983, 0.719727993698177, 0.27517893191781984, 0.0, 0.23809229170570628, 0.7288715204707059, 0.2995846825411663, 0.22523111349478092, 0.3908630312074209, 0.8501972907279713, 0.5377260969055008, 0.43304747727583714, 0.44755797320162805, 1.0494277433939636, 0.8675560784292952, 0.9111823650032254, 0.9965531073826316], [1.9481915858037313, 1.8001774811230027, 1.5185590911059037, 1.3162150981971712, 1.2588619308862423, 0.9562963768713307, 0.5129601082514518, 0.23809229170570628, 0.0, 0.9502814961222907, 0.489341649006032, 0.2488426806820366, 0.21323839188725174, 1.0511424832831502, 0.6884340344695548, 0.501646016631542, 0.39161126632664933, 1.2366720832323244, 1.032195201535625, 1.0940165643466397, 1.1963360861910664], [1.0, 0.8822051501886031, 0.6401732210546858, 0.3731770907792569, 0.35539976849026844, 0.22014808255529061, 0.482162600029449, 0.7288715204707059, 0.9502814961222907, 0.0, 0.4731402740790489, 0.7642777039617069, 1.0136001790140692, 0.20177243371276346, 0.42467147227864965, 0.6590069801855424, 0.883934775869822, 0.41440258356062976, 0.3957479913150198, 0.3331272952239347, 0.320238998613708], [1.4723230626859294, 1.348206997200211, 1.0852049123014338, 0.8448425455591856, 0.7700703292479153, 0.5361900796567478, 0.22364217147132368, 0.2995846825411663, 0.489341649006032, 0.4731402740790489, 0.0, 0.2918489865914311, 0.5414905473074465, 0.5620579583250663, 0.24971322713274602, 0.2732467279863541, 0.44442628662153616, 0.7533402466173356, 0.568440688604912, 0.6133391246861661, 0.7076718979265297], [1.76195829892136, 1.6396594270332487, 1.373464707739351, 1.1360932021174743, 1.0443220757431935, 0.8173326531842244, 0.4142022756213723, 0.22523111349478092, 0.2488426806820366, 0.7642777039617069, 0.2918489865914311, 0.0, 0.24966567276159057, 0.8354780989249523, 0.44880855071595604, 0.25454055901837785, 0.2235285547985982, 1.0074202998568933, 0.7928804375126631, 0.8634602188352907, 0.9774811416552217], [2.0101410285866086, 1.8890756729994689, 1.621144195729957, 1.3854328328068164, 1.284992259288722, 1.0625092908522207, 0.6410830548503778, 0.3908630312074209, 0.21323839188725174, 1.0136001790140692, 0.5414905473074465, 0.24966567276159057, 0.0, 1.0769109355861763, 0.6747596914368927, 0.43727812502366137, 0.24234625402756754, 1.2378288916289097, 1.012235593506694, 1.0937036498264483, 1.2161890702027112], [0.9514793198692348, 0.8935626439407303, 0.7049911624943264, 0.382478538608067, 0.21353672232988927, 0.41561577316042714, 0.6364068355491634, 0.8501972907279713, 1.0511424832831502, 0.20177243371276346, 0.5620579583250663, 0.8354780989249523, 1.0769109355861763, 0.0, 0.4165876279824435, 0.6720317501964845, 0.9085303911976758, 0.21918652407474098, 0.2279915576136335, 0.13766182464209, 0.1473432930698781], [1.367463939671658, 1.290419893246345, 1.0632741329618274, 0.771551124666499, 0.6197223092957196, 0.5816317896980712, 0.44766142136144843, 0.5377260969055008, 0.6884340344695548, 0.42467147227864965, 0.24971322713274602, 0.44880855071595604, 0.6747596914368927, 0.4165876279824435, 0.0, 0.2556118754368148, 0.4923838500242754, 0.5631974361975488, 0.34448708209404844, 0.4192560022075451, 0.547560524100776], [1.622360850460353, 1.537142498134276, 1.297475857411261, 1.0194022666656197, 0.8745471666812815, 0.7774833289984869, 0.4889971303758569, 0.43304747727583714, 0.501646016631542, 0.6590069801855424, 0.2732467279863541, 0.25454055901837785, 0.43727812502366137, 0.6720317501964845, 0.2556118754368148, 0.0, 0.23694209155553778, 0.8106481523852348, 0.57830106490742, 0.6678840145970945, 0.8020393084349966], [1.8579711592009016, 1.7655518708496944, 1.517047592578594, 1.249759046803805, 1.111279949406669, 0.9787495322333938, 0.6176455980175362, 0.44755797320162805, 0.39161126632664933, 0.883934775869822, 0.44442628662153616, 0.2235285547985982, 0.24234625402756754, 0.9085303911976758, 0.4923838500242754, 0.23694209155553778, 0.0, 1.0451615023964742, 0.8092567602276265, 0.9031864127358523, 1.0388647411099494], [0.8698487755627703, 0.8809001653211246, 0.7620593497854667, 0.4351395474136428, 0.1531987821862474, 0.6144797616001255, 0.8505375883389052, 1.0494277433939636, 1.2366720832323244, 0.41440258356062976, 0.7533402466173356, 1.0074202998568933, 1.2378288916289097, 0.21918652407474098, 0.5631974361975488, 0.8106481523852348, 1.0451615023964742, 0.0, 0.24333757509536505, 0.14532618960947377, 0.1162817831734208], [1.1057753068800487, 1.0890403404090017, 0.9247663691115307, 0.5955903027843813, 0.35285769520824595, 0.6153107114732882, 0.7130613948947923, 0.8675560784292952, 1.032195201535625, 0.3957479913150198, 0.568440688604912, 0.7928804375126631, 1.012235593506694, 0.2279915576136335, 0.34448708209404844, 0.57830106490742, 0.8092567602276265, 0.24333757509536505, 0.0, 0.12199779587309875, 0.2786395980958261], [0.9882613008029323, 0.9678511261240794, 0.809207909829722, 0.4785934019139417, 0.2343081890257784, 0.5501150350681844, 0.7249128413289793, 0.9111823650032254, 1.0940165643466397, 0.3331272952239347, 0.6133391246861661, 0.8634602188352907, 1.0937036498264483, 0.13766182464209, 0.4192560022075451, 0.6678840145970945, 0.9031864127358523, 0.14532618960947377, 0.12199779587309875, 0.0, 0.15703795948468202], [0.8348886145663034, 0.8122904097695743, 0.6678695957600744, 0.3373152392407464, 0.08921291152653693, 0.5093997794069326, 0.7794653116030568, 0.9965531073826316, 1.1963360861910664, 0.320238998613708, 0.7076718979265297, 0.9774811416552217, 1.2161890702027112, 0.1473432930698781, 0.547560524100776, 0.8020393084349966, 1.0388647411099494, 0.1162817831734208, 0.2786395980958261, 0.15703795948468202, 0.0]]