[[0.0, 0.33099650693983884, 0.6314369231229692, 0.7930288233315227, 0.9371711819490918, 1.0658434952457279, 1.5416904180010544, 1.8272302702327619, 2.0518842524649825, 1.0, 1.4994881741026842, 1.7963916781989453, 2.0360093710603833, 0.8845227127616568, 1.0810980740129406, 0.8385201205302946, 0.6734125722104334, 0.7731843838481212, 0.8915572035642607, 0.6982163210265966, 0.5556010143628972], [0.33099650693983884, 0.0, 0.34879252357674245, 0.593506521347497, 0.8085850150286505, 0.8321937158578244, 1.2959918308141931, 1.5793723034074327, 1.8048581190514474, 0.8405745943070099, 1.3628044756068756, 1.6678191132572922, 1.914021083636072, 0.8086589125005605, 0.9977471174276978, 0.7358162694884482, 0.5586851732533076, 0.7885211987927376, 0.8662420529596975, 0.6623300724664826, 0.5227274165869473], [0.6314369231229692, 0.34879252357674245, 0.0, 0.2975219662670732, 0.5562091204057911, 0.4912174035345436, 0.9481952838472428, 1.2310232579737055, 1.4564292956849818, 0.5539011244665705, 1.0686616763024859, 1.3725279832653907, 1.6193392194449947, 0.6110942943760228, 0.769248754560945, 0.5217894924496889, 0.3778202063124556, 0.6928384613283893, 0.713452584492626, 0.5409680521114046, 0.45531264183906145], [0.7930288233315227, 0.593506521347497, 0.2975219662670732, 0.0, 0.2653421770729114, 0.284605325577718, 0.756360539346509, 1.0404221599048613, 1.263489672277493, 0.2584570774907787, 0.7778508781389902, 1.0828691794620073, 1.3297780824228185, 0.3519475057173048, 0.4821850297882703, 0.26165072750771357, 0.20930389200325888, 0.5074433652536946, 0.4776969491281154, 0.36604946135423483, 0.36731412842208855], [0.9371711819490918, 0.8085850150286505, 0.5562091204057911, 0.2653421770729114, 0.0, 0.35586491886875715, 0.7333243290256418, 0.9967418023797893, 1.2063973157192296, 0.11428955536022638, 0.5688379988652323, 0.8696854463680082, 1.1134425059532713, 0.14925244267330437, 0.22146392653908592, 0.12428834751746386, 0.27064473887272983, 0.3776449154331324, 0.28283696709340483, 0.3017382133641931, 0.4021059850701148], [1.0658434952457279, 0.8321937158578244, 0.4912174035345436, 0.284605325577718, 0.35586491886875715, 0.0, 0.4761248648112341, 0.7615226895197922, 0.9861023947375261, 0.2624897539409396, 0.6381119019763426, 0.9272918093640015, 1.1694780450198787, 0.4984086829254712, 0.5263882969115241, 0.4324643919445299, 0.46967705831987494, 0.7136128326636211, 0.6355547491833077, 0.5971434445975194, 0.6353021834299117], [1.5416904180010544, 1.2959918308141931, 0.9481952838472428, 0.756360539346509, 0.7333243290256418, 0.4761248648112341, 0.0, 0.28562342870237517, 0.5108149748854762, 0.628739924980447, 0.5809609782287258, 0.7493634021731218, 0.9441384748604286, 0.8704411685227531, 0.7938586115610177, 0.83735664798706, 0.9257475001962635, 1.1049392023314824, 0.9904159050768457, 1.0217573094735557, 1.0901735701090054], [1.8272302702327619, 1.5793723034074327, 1.2310232579737055, 1.0404221599048613, 0.9967418023797893, 0.7615226895197922, 0.28562342870237517, 0.0, 0.22563293976357698, 0.8956724158732098, 0.7064447930908644, 0.7623827055483239, 0.89460940806131, 1.1270186160251432, 1.022901749708832, 1.1040474148748176, 1.2046648241377798, 1.3609647462878873, 1.2373569107099542, 1.2901917931449065, 1.3675402614052874], [2.0518842524649825, 1.8048581190514474, 1.4564292956849818, 1.263489672277493, 1.2063973157192296, 0.9861023947375261, 0.5108149748854762, 0.22563293976357698, 0.0, 1.10820140166392, 0.8491087092852894, 0.8276552839632718, 0.900743612138633, 1.3315812303350827, 1.2123192794878146, 1.315033578980828, 1.4233858423867858, 1.5635870802510599, 1.4350186526509985, 1.501413051621062, 1.5847832454978623], [1.0, 0.8405745943070099, 0.5539011244665705, 0.2584570774907787, 0.11428955536022638, 0.2624897539409396, 0.628739924980447, 0.8956724158732098, 1.10820140166392, 0.0, 0.5227341851529187, 0.828021109320423, 1.0746909674851655, 0.2498316246051587, 0.2702915488507279, 0.20995538489993648, 0.3314368671321241, 0.48054217787666026, 0.38270525944702494, 0.3950954853081678, 0.4821079333587454], [1.4994881741026842, 1.3628044756068756, 1.0686616763024859, 0.7778508781389902, 0.5688379988652323, 0.6381119019763426, 0.5809609782287258, 0.7064447930908644, 0.8491087092852894, 0.5227341851529187, 0.0, 0.30536713304928165, 0.55218932317778, 0.6281179803023081, 0.4468747769711565, 0.6619478996408931, 0.8297090325688713, 0.8229240383158841, 0.6806565082011485, 0.8223279753788267, 0.9509984496571101], [1.7963916781989453, 1.6678191132572922, 1.3725279832653907, 1.0828691794620073, 0.8696854463680082, 0.9272918093640015, 0.7493634021731218, 0.7623827055483239, 0.8276552839632718, 0.828021109320423, 0.30536713304928165, 0.0, 0.2470174424184164, 0.9160071674937995, 0.7239569852961364, 0.9587751916187824, 1.1302745912555154, 1.0892883170639243, 0.9473371031458975, 1.1089251307488848, 1.243704991688411], [2.0360093710603833, 1.914021083636072, 1.6193392194449947, 1.3297780824228185, 1.1134425059532713, 1.1694780450198787, 0.9441384748604286, 0.89460940806131, 0.900743612138633, 1.0746909674851655, 0.55218932317778, 0.2470174424184164, 0.0, 1.1527188326418492, 0.957700608560366, 1.200090053070602, 1.373381252472284, 1.312934872394038, 1.172915855906002, 1.3438265584769047, 1.4816313179548664], [0.8845227127616568, 0.8086589125005605, 0.6110942943760228, 0.3519475057173048, 0.14925244267330437, 0.4984086829254712, 0.8704411685227531, 1.1270186160251432, 1.3315812303350827, 0.2498316246051587, 0.6281179803023081, 0.9160071674937995, 1.1527188326418492, 0.0, 0.19787011339593732, 0.09439382932463737, 0.2539703409157765, 0.23473131350357676, 0.13796943126944278, 0.19557295340807396, 0.3300481379160592], [1.0810980740129406, 0.9977471174276978, 0.769248754560945, 0.4821850297882703, 0.22146392653908592, 0.5263882969115241, 0.7938586115610177, 1.022901749708832, 1.2123192794878146, 0.2702915488507279, 0.4468747769711565, 0.7239569852961364, 0.957700608560366, 0.19787011339593732, 0.0, 0.2625856885068644, 0.43969897125485635, 0.37728677115493064, 0.23557723154523688, 0.38625565960367503, 0.525843314582495], [0.8385201205302946, 0.7358162694884482, 0.5217894924496889, 0.26165072750771357, 0.12428834751746386, 0.4324643919445299, 0.83735664798706, 1.1040474148748176, 1.315033578980828, 0.20995538489993648, 0.6619478996408931, 0.9587751916187824, 1.200090053070602, 0.09439382932463737, 0.2625856885068644, 0.0, 0.17789323805604446, 0.28217318287343146, 0.2197258007734023, 0.18682213179130336, 0.2921137962555357], [0.6734125722104334, 0.5586851732533076, 0.3778202063124556, 0.20930389200325888, 0.27064473887272983, 0.46967705831987494, 0.9257475001962635, 1.2046648241377798, 1.4233858423867858, 0.3314368671321241, 0.8297090325688713, 1.1302745912555154, 1.373381252472284, 0.2539703409157765, 0.43969897125485635, 0.17789323805604446, 0.0, 0.32386694263729415, 0.3380259657073454, 0.1720369232373615, 0.16687754108223224], [0.7731843838481212, 0.7885211987927376, 0.6928384613283893, 0.5074433652536946, 0.3776449154331324, 0.7136128326636211, 1.1049392023314824, 1.3609647462878873, 1.5635870802510599, 0.48054217787666026, 0.8229240383158841, 1.0892883170639243, 1.312934872394038, 0.23473131350357676, 0.37728677115493064, 0.28217318287343146, 0.32386694263729415, 0.0, 0.14427167387208084, 0.153945954669007, 0.268458374679752], [0.8915572035642607, 0.8662420529596975, 0.713452584492626, 0.4776969491281154, 0.28283696709340483, 0.6355547491833077, 0.9904159050768457, 1.2373569107099542, 1.4350186526509985, 0.38270525944702494, 0.6806565082011485, 0.9473371031458975, 1.172915855906002, 0.13796943126944278, 0.23557723154523688, 0.2197258007734023, 0.3380259657073454, 0.14427167387208084, 0.0, 0.20516388739096086, 0.3508361946373272], [0.6982163210265966, 0.6623300724664826, 0.5409680521114046, 0.36604946135423483, 0.3017382133641931, 0.5971434445975194, 1.0217573094735557, 1.2901917931449065, 1.501413051621062, 0.3950954853081678, 0.8223279753788267, 1.1089251307488848, 1.3438265584769047, 0.19557295340807396, 0.38625565960367503, 0.18682213179130336, 0.1720369232373615, 0.153945954669007, 0.20516388739096086, 0.0, 0.14707026988885205], [0.5556010143628972, 0.5227274165869473, 0.45531264183906145, 0.36731412842208855, 0.4021059850701148, 0.6353021834299117, 1.0901735701090054, 1.3675402614052874, 1.5847832454978623, 0.4821079333587454, 0.9509984496571101, 1.243704991688411, 1.4816313179548664, 0.3300481379160592, 0.525843314582495, 0.2921137962555357, 0.16687754108223224, 0.268458374679752, 0.3508361946373272, 0.14707026988885205, 0.0]]